C,NEMP.WORLD,NEXT_DAY_ACTUAL_GEN,AEMO,PUBLIC,2015/09/17,04:10:33,0000000264385971,NEXT_DAY_ACTUAL_GEN,0000000264385971
I,METER_DATA,GEN_DUID,1,INTERVAL_DATETIME,DUID,MWH_READING,LASTCHANGED
D,METER_DATA,GEN_DUID,1,"2015/09/16 04:05:00",ANGAS1,0,"2015/09/16 04:00:07"
D,METER_DATA,GEN_DUID,1,"2015/09/16 04:05:00",ANGAS2,0,"2015/09/16 04:00:07"
D,METER_DATA,GEN_DUID,1,"2015/09/16 04:05:00",BUTLERSG,-0.000002,"2015/09/16 04:00:07"
D,METER_DATA,GEN_DUID,1,"2015/09/16 04:05:00",CALL_A_4,0,"2015/09/16 04:00:07"
D,METER_DATA,GEN_DUID,1,"2015/09/16 04:05:00",CAPTL_WF,0,"2015/09/16 04:00:07"
D,METER_DATA,GEN_DUID,1,"2015/09/16 04:05:00",CATHROCK,35.929996,"2015/09/16 04:00:07"
D,METER_DATA,GEN_DUID,1,"2015/09/16 04:05:00",CHALLHWF,0,"2015/09/16 04:00:07"
D,METER_DATA,GEN_DUID,1,"2015/09/16 04:05:00",CLOVER,-0.01,"2015/09/16 04:00:07"
D,METER_DATA,GEN_DUID,1,"2015/09/16 04:05:00",CLUNY,12.603781,"2015/09/16 04:00:07"
D,METER_DATA,GEN_DUID,1,"2015/09/16 04:05:00",CNUNDAWF,-0.100117,"2015/09/16 04:00:07"
D,METER_DATA,GEN_DUID,1,"2015/09/16 04:05:00",CULLRGWF,10.57,"2015/09/16 04:00:07"
D,METER_DATA,GEN_DUID,1,"2015/09/16 04:05:00",ERGT01,0,"2015/09/16 04:00:07"
D,METER_DATA,GEN_DUID,1,"2015/09/16 04:05:00",GB01,0.208096,"2015/09/16 04:00:07"
D,METER_DATA,GEN_DUID,1,"2015/09/16 04:05:00",GERMCRK,32,"2015/09/16 04:00:07"
D,METER_DATA,GEN_DUID,1,"2015/09/16 04:05:00",INVICTA,36.900002,"2015/09/16 04:00:07"
D,METER_DATA,GEN_DUID,1,"2015/09/16 04:05:00",LKBONNY1,-0.449338,"2015/09/16 04:00:07"
D,METER_DATA,GEN_DUID,1,"2015/09/16 04:05:00",MBAHNTH,50.587502,"2015/09/16 04:00:07"
D,METER_DATA,GEN_DUID,1,"2015/09/16 04:05:00",MLWF1,1.38,"2015/09/16 04:00:07"
D,METER_DATA,GEN_DUID,1,"2015/09/16 04:05:00",MTMILLAR,21.207737,"2015/09/16 04:00:07"
D,METER_DATA,GEN_DUID,1,"2015/09/16 04:05:00",PALOONA,10.87,"2015/09/16 04:00:07"
D,METER_DATA,GEN_DUID,1,"2015/09/16 04:05:00",PIONEER,46,"2015/09/16 04:00:07"
D,METER_DATA,GEN_DUID,1,"2015/09/16 04:05:00",PORTWF,0.30,"2015/09/16 04:00:07"
D,METER_DATA,GEN_DUID,1,"2015/09/16 04:05:00",REPULSE,20.922390,"2015/09/16 04:00:07"
D,METER_DATA,GEN_DUID,1,"2015/09/16 04:05:00",ROWALLAN,6.5675,"2015/09/16 04:00:07"
D,METER_DATA,GEN_DUID,1,"2015/09/16 04:05:00",RPCG,5.697174,"2015/09/16 04:00:07"
D,METER_DATA,GEN_DUID,1,"2015/09/16 04:05:00",RUBICON,0,"2015/09/16 04:00:07"
D,METER_DATA,GEN_DUID,1,"2015/09/16 04:05:00",STARHLWF,1.999417,"2015/09/16 04:00:07"
D,METER_DATA,GEN_DUID,1,"2015/09/16 04:05:00",WAUBRAWF,12.4810,"2015/09/16 04:00:07"
D,METER_DATA,GEN_DUID,1,"2015/09/16 04:05:00",WOOLNTH1,19.140015,"2015/09/16 04:00:07"
D,METER_DATA,GEN_DUID,1,"2015/09/16 04:05:00",WPWF,9,"2015/09/16 04:00:07"
D,METER_DATA,GEN_DUID,1,"2015/09/16 04:05:00",YAMBUKWF,0.10,"2015/09/16 04:00:07"
D,METER_DATA,GEN_DUID,1,"2015/09/16 04:10:00",ANGAS1,0,"2015/09/16 04:05:12"
D,METER_DATA,GEN_DUID,1,"2015/09/16 04:10:00",ANGAS2,0,"2015/09/16 04:05:12"
D,METER_DATA,GEN_DUID,1,"2015/09/16 04:10:00",BUTLERSG,-0.000002,"2015/09/16 04:05:12"
D,METER_DATA,GEN_DUID,1,"2015/09/16 04:10:00",CALL_A_4,0,"2015/09/16 04:05:12"
D,METER_DATA,GEN_DUID,1,"2015/09/16 04:10:00",CAPTL_WF,0,"2015/09/16 04:05:12"
D,METER_DATA,GEN_DUID,1,"2015/09/16 04:10:00",CATHROCK,28.029999,"2015/09/16 04:05:12"
D,METER_DATA,GEN_DUID,1,"2015/09/16 04:10:00",CHALLHWF,0,"2015/09/16 04:05:12"
D,METER_DATA,GEN_DUID,1,"2015/09/16 04:10:00",CLOVER,0,"2015/09/16 04:05:12"
D,METER_DATA,GEN_DUID,1,"2015/09/16 04:10:00",CLUNY,11.803540,"2015/09/16 04:05:12"
D,METER_DATA,GEN_DUID,1,"2015/09/16 04:10:00",CNUNDAWF,-0.100117,"2015/09/16 04:05:12"
D,METER_DATA,GEN_DUID,1,"2015/09/16 04:10:00",CULLRGWF,11.89,"2015/09/16 04:05:12"
D,METER_DATA,GEN_DUID,1,"2015/09/16 04:10:00",ERGT01,0,"2015/09/16 04:05:12"
D,METER_DATA,GEN_DUID,1,"2015/09/16 04:10:00",GB01,0.208096,"2015/09/16 04:05:12"
D,METER_DATA,GEN_DUID,1,"2015/09/16 04:10:00",GERMCRK,31.799999,"2015/09/16 04:05:12"
D,METER_DATA,GEN_DUID,1,"2015/09/16 04:10:00",INVICTA,36.900002,"2015/09/16 04:05:12"
D,METER_DATA,GEN_DUID,1,"2015/09/16 04:10:00",LKBONNY1,-0.449338,"2015/09/16 04:05:12"
D,METER_DATA,GEN_DUID,1,"2015/09/16 04:10:00",MBAHNTH,50.587502,"2015/09/16 04:05:12"
D,METER_DATA,GEN_DUID,1,"2015/09/16 04:10:00",MLWF1,1.2450,"2015/09/16 04:05:12"
D,METER_DATA,GEN_DUID,1,"2015/09/16 04:10:00",MTMILLAR,23.737783,"2015/09/16 04:05:12"
D,METER_DATA,GEN_DUID,1,"2015/09/16 04:10:00",PALOONA,10.929999,"2015/09/16 04:05:12"
D,METER_DATA,GEN_DUID,1,"2015/09/16 04:10:00",PIONEER,42.400002,"2015/09/16 04:05:12"
D,METER_DATA,GEN_DUID,1,"2015/09/16 04:10:00",PORTWF,0.30,"2015/09/16 04:05:12"
D,METER_DATA,GEN_DUID,1,"2015/09/16 04:10:00",REPULSE,18.883505,"2015/09/16 04:05:12"
D,METER_DATA,GEN_DUID,1,"2015/09/16 04:10:00",ROWALLAN,6.3971,"2015/09/16 04:05:12"
D,METER_DATA,GEN_DUID,1,"2015/09/16 04:10:00",RPCG,9.840857,"2015/09/16 04:05:12"
D,METER_DATA,GEN_DUID,1,"2015/09/16 04:10:00",RUBICON,0,"2015/09/16 04:05:12"
D,METER_DATA,GEN_DUID,1,"2015/09/16 04:10:00",STARHLWF,1.599534,"2015/09/16 04:05:12"
D,METER_DATA,GEN_DUID,1,"2015/09/16 04:10:00",WAUBRAWF,13.9040,"2015/09/16 04:05:12"
D,METER_DATA,GEN_DUID,1,"2015/09/16 04:10:00",WOOLNTH1,18.180016,"2015/09/16 04:05:12"
D,METER_DATA,GEN_DUID,1,"2015/09/16 04:10:00",WPWF,9,"2015/09/16 04:05:12"
D,METER_DATA,GEN_DUID,1,"2015/09/16 04:10:00",YAMBUKWF,0,"2015/09/16 04:05:12"
D,METER_DATA,GEN_DUID,1,"2015/09/16 04:15:00",ANGAS1,0,"2015/09/16 04:10:10"
D,METER_DATA,GEN_DUID,1,"2015/09/16 04:15:00",ANGAS2,0,"2015/09/16 04:10:10"
D,METER_DATA,GEN_DUID,1,"2015/09/16 04:15:00",BUTLERSG,-0.000002,"2015/09/16 04:10:10"
D,METER_DATA,GEN_DUID,1,"2015/09/16 04:15:00",CALL_A_4,0,"2015/09/16 04:10:10"
D,METER_DATA,GEN_DUID,1,"2015/09/16 04:15:00",CAPTL_WF,0,"2015/09/16 04:10:10"
D,METER_DATA,GEN_DUID,1,"2015/09/16 04:15:00",CATHROCK,21.449999,"2015/09/16 04:10:10"
D,METER_DATA,GEN_DUID,1,"2015/09/16 04:15:00",CHALLHWF,0,"2015/09/16 04:10:10"
D,METER_DATA,GEN_DUID,1,"2015/09/16 04:15:00",CLOVER,-0.01,"2015/09/16 04:10:10"
D,METER_DATA,GEN_DUID,1,"2015/09/16 04:15:00",CLUNY,8.245330,"2015/09/16 04:10:10"
D,METER_DATA,GEN_DUID,1,"2015/09/16 04:15:00",CNUNDAWF,-0.100117,"2015/09/16 04:10:10"
D,METER_DATA,GEN_DUID,1,"2015/09/16 04:15:00",CULLRGWF,13.47,"2015/09/16 04:10:10"
D,METER_DATA,GEN_DUID,1,"2015/09/16 04:15:00",ERGT01,0,"2015/09/16 04:10:10"
D,METER_DATA,GEN_DUID,1,"2015/09/16 04:15:00",GB01,0.208096,"2015/09/16 04:10:10"
D,METER_DATA,GEN_DUID,1,"2015/09/16 04:15:00",GERMCRK,32,"2015/09/16 04:10:10"
D,METER_DATA,GEN_DUID,1,"2015/09/16 04:15:00",INVICTA,35.700001,"2015/09/16 04:10:10"
D,METER_DATA,GEN_DUID,1,"2015/09/16 04:15:00",LKBONNY1,-0.449338,"2015/09/16 04:10:10"
D,METER_DATA,GEN_DUID,1,"2015/09/16 04:15:00",MBAHNTH,50.587502,"2015/09/16 04:10:10"
D,METER_DATA,GEN_DUID,1,"2015/09/16 04:15:00",MLWF1,0.96,"2015/09/16 04:10:10"
D,METER_DATA,GEN_DUID,1,"2015/09/16 04:15:00",MTMILLAR,24.779568,"2015/09/16 04:10:10"
D,METER_DATA,GEN_DUID,1,"2015/09/16 04:15:00",PALOONA,10.929999,"2015/09/16 04:10:10"
D,METER_DATA,GEN_DUID,1,"2015/09/16 04:15:00",PIONEER,42,"2015/09/16 04:10:10"
D,METER_DATA,GEN_DUID,1,"2015/09/16 04:15:00",PORTWF,0,"2015/09/16 04:10:10"
D,METER_DATA,GEN_DUID,1,"2015/09/16 04:15:00",REPULSE,13.833930,"2015/09/16 04:10:10"
D,METER_DATA,GEN_DUID,1,"2015/09/16 04:15:00",ROWALLAN,7.3130,"2015/09/16 04:10:10"
D,METER_DATA,GEN_DUID,1,"2015/09/16 04:15:00",RPCG,9.840954,"2015/09/16 04:10:10"
D,METER_DATA,GEN_DUID,1,"2015/09/16 04:15:00",RUBICON,0,"2015/09/16 04:10:10"
D,METER_DATA,GEN_DUID,1,"2015/09/16 04:15:00",STARHLWF,1.999417,"2015/09/16 04:10:10"
D,METER_DATA,GEN_DUID,1,"2015/09/16 04:15:00",WAUBRAWF,14.1670,"2015/09/16 04:10:10"
D,METER_DATA,GEN_DUID,1,"2015/09/16 04:15:00",WOOLNTH1,17.370016,"2015/09/16 04:10:10"
D,METER_DATA,GEN_DUID,1,"2015/09/16 04:15:00",WPWF,8,"2015/09/16 04:10:10"
D,METER_DATA,GEN_DUID,1,"2015/09/16 04:15:00",YAMBUKWF,0.10,"2015/09/16 04:10:10"
D,METER_DATA,GEN_DUID,1,"2015/09/16 04:20:00",ANGAS1,0,"2015/09/16 04:15:10"
D,METER_DATA,GEN_DUID,1,"2015/09/16 04:20:00",ANGAS2,0,"2015/09/16 04:15:10"
D,METER_DATA,GEN_DUID,1,"2015/09/16 04:20:00",BUTLERSG,-0.000002,"2015/09/16 04:15:10"
D,METER_DATA,GEN_DUID,1,"2015/09/16 04:20:00",CALL_A_4,0,"2015/09/16 04:15:10"
D,METER_DATA,GEN_DUID,1,"2015/09/16 04:20:00",CAPTL_WF,0,"2015/09/16 04:15:10"
D,METER_DATA,GEN_DUID,1,"2015/09/16 04:20:00",CATHROCK,23.839998,"2015/09/16 04:15:10"
D,METER_DATA,GEN_DUID,1,"2015/09/16 04:20:00",CHALLHWF,0,"2015/09/16 04:15:10"
D,METER_DATA,GEN_DUID,1,"2015/09/16 04:20:00",CLOVER,0,"2015/09/16 04:15:10"
D,METER_DATA,GEN_DUID,1,"2015/09/16 04:20:00",CLUNY,8.945540,"2015/09/16 04:15:10"
D,METER_DATA,GEN_DUID,1,"2015/09/16 04:20:00",CNUNDAWF,-0.100117,"2015/09/16 04:15:10"
D,METER_DATA,GEN_DUID,1,"2015/09/16 04:20:00",CULLRGWF,13.45,"2015/09/16 04:15:10"
D,METER_DATA,GEN_DUID,1,"2015/09/16 04:20:00",ERGT01,0,"2015/09/16 04:15:10"
D,METER_DATA,GEN_DUID,1,"2015/09/16 04:20:00",GB01,0.208096,"2015/09/16 04:15:10"
D,METER_DATA,GEN_DUID,1,"2015/09/16 04:20:00",GERMCRK,31.90,"2015/09/16 04:15:10"
D,METER_DATA,GEN_DUID,1,"2015/09/16 04:20:00",INVICTA,32.400002,"2015/09/16 04:15:10"
D,METER_DATA,GEN_DUID,1,"2015/09/16 04:20:00",LKBONNY1,-0.449338,"2015/09/16 04:15:10"
D,METER_DATA,GEN_DUID,1,"2015/09/16 04:20:00",MBAHNTH,50.587502,"2015/09/16 04:15:10"
D,METER_DATA,GEN_DUID,1,"2015/09/16 04:20:00",MLWF1,0.7350,"2015/09/16 04:15:10"
D,METER_DATA,GEN_DUID,1,"2015/09/16 04:20:00",MTMILLAR,22.085812,"2015/09/16 04:15:10"
D,METER_DATA,GEN_DUID,1,"2015/09/16 04:20:00",PALOONA,10.83,"2015/09/16 04:15:10"
D,METER_DATA,GEN_DUID,1,"2015/09/16 04:20:00",PIONEER,36.50,"2015/09/16 04:15:10"
D,METER_DATA,GEN_DUID,1,"2015/09/16 04:20:00",PORTWF,0,"2015/09/16 04:15:10"
D,METER_DATA,GEN_DUID,1,"2015/09/16 04:20:00",REPULSE,13.090785,"2015/09/16 04:15:10"
D,METER_DATA,GEN_DUID,1,"2015/09/16 04:20:00",ROWALLAN,7.2349,"2015/09/16 04:15:10"
D,METER_DATA,GEN_DUID,1,"2015/09/16 04:20:00",RPCG,9.826457,"2015/09/16 04:15:10"
D,METER_DATA,GEN_DUID,1,"2015/09/16 04:20:00",RUBICON,0,"2015/09/16 04:15:10"
D,METER_DATA,GEN_DUID,1,"2015/09/16 04:20:00",STARHLWF,1.999417,"2015/09/16 04:15:10"
D,METER_DATA,GEN_DUID,1,"2015/09/16 04:20:00",WAUBRAWF,12.7750,"2015/09/16 04:15:10"
D,METER_DATA,GEN_DUID,1,"2015/09/16 04:20:00",WOOLNTH1,15.450016,"2015/09/16 04:15:10"
D,METER_DATA,GEN_DUID,1,"2015/09/16 04:20:00",WPWF,10,"2015/09/16 04:15:10"
D,METER_DATA,GEN_DUID,1,"2015/09/16 04:20:00",YAMBUKWF,0.50,"2015/09/16 04:15:10"
D,METER_DATA,GEN_DUID,1,"2015/09/16 04:25:00",ANGAS1,0,"2015/09/16 04:20:09"
D,METER_DATA,GEN_DUID,1,"2015/09/16 04:25:00",ANGAS2,0,"2015/09/16 04:20:09"
D,METER_DATA,GEN_DUID,1,"2015/09/16 04:25:00",BUTLERSG,-0.000002,"2015/09/16 04:20:09"
D,METER_DATA,GEN_DUID,1,"2015/09/16 04:25:00",CALL_A_4,0,"2015/09/16 04:20:09"
D,METER_DATA,GEN_DUID,1,"2015/09/16 04:25:00",CAPTL_WF,0,"2015/09/16 04:20:09"
D,METER_DATA,GEN_DUID,1,"2015/09/16 04:25:00",CATHROCK,27.209999,"2015/09/16 04:20:09"
D,METER_DATA,GEN_DUID,1,"2015/09/16 04:25:00",CHALLHWF,0,"2015/09/16 04:20:09"
D,METER_DATA,GEN_DUID,1,"2015/09/16 04:25:00",CLOVER,-0.01,"2015/09/16 04:20:09"
D,METER_DATA,GEN_DUID,1,"2015/09/16 04:25:00",CLUNY,8.7169,"2015/09/16 04:20:09"
D,METER_DATA,GEN_DUID,1,"2015/09/16 04:25:00",CNUNDAWF,-0.100117,"2015/09/16 04:20:09"
D,METER_DATA,GEN_DUID,1,"2015/09/16 04:25:00",CULLRGWF,11.27,"2015/09/16 04:20:09"
D,METER_DATA,GEN_DUID,1,"2015/09/16 04:25:00",ERGT01,0,"2015/09/16 04:20:09"
D,METER_DATA,GEN_DUID,1,"2015/09/16 04:25:00",GB01,0.208096,"2015/09/16 04:20:09"
D,METER_DATA,GEN_DUID,1,"2015/09/16 04:25:00",GERMCRK,32.099998,"2015/09/16 04:20:09"
D,METER_DATA,GEN_DUID,1,"2015/09/16 04:25:00",INVICTA,37.075001,"2015/09/16 04:20:09"
D,METER_DATA,GEN_DUID,1,"2015/09/16 04:25:00",LKBONNY1,-0.449338,"2015/09/16 04:20:09"
D,METER_DATA,GEN_DUID,1,"2015/09/16 04:25:00",MBAHNTH,50.587502,"2015/09/16 04:20:09"
D,METER_DATA,GEN_DUID,1,"2015/09/16 04:25:00",MLWF1,0.63,"2015/09/16 04:20:09"
D,METER_DATA,GEN_DUID,1,"2015/09/16 04:25:00",MTMILLAR,21.483067,"2015/09/16 04:20:09"
D,METER_DATA,GEN_DUID,1,"2015/09/16 04:25:00",PALOONA,10.83,"2015/09/16 04:20:09"
D,METER_DATA,GEN_DUID,1,"2015/09/16 04:25:00",PIONEER,32.799999,"2015/09/16 04:20:09"
D,METER_DATA,GEN_DUID,1,"2015/09/16 04:25:00",PORTWF,0,"2015/09/16 04:20:09"
D,METER_DATA,GEN_DUID,1,"2015/09/16 04:25:00",REPULSE,13.891095,"2015/09/16 04:20:09"
D,METER_DATA,GEN_DUID,1,"2015/09/16 04:25:00",ROWALLAN,7.2278,"2015/09/16 04:20:09"
D,METER_DATA,GEN_DUID,1,"2015/09/16 04:25:00",RPCG,9.818736,"2015/09/16 04:20:09"
D,METER_DATA,GEN_DUID,1,"2015/09/16 04:25:00",RUBICON,0,"2015/09/16 04:20:09"
D,METER_DATA,GEN_DUID,1,"2015/09/16 04:25:00",STARHLWF,1.599534,"2015/09/16 04:20:09"
D,METER_DATA,GEN_DUID,1,"2015/09/16 04:25:00",WAUBRAWF,11.3640,"2015/09/16 04:20:09"
D,METER_DATA,GEN_DUID,1,"2015/09/16 04:25:00",WOOLNTH1,15.170015,"2015/09/16 04:20:09"
D,METER_DATA,GEN_DUID,1,"2015/09/16 04:25:00",WPWF,10,"2015/09/16 04:20:09"
D,METER_DATA,GEN_DUID,1,"2015/09/16 04:25:00",YAMBUKWF,0.60,"2015/09/16 04:20:09"
D,METER_DATA,GEN_DUID,1,"2015/09/16 04:30:00",ANGAS1,0,"2015/09/16 04:25:08"
D,METER_DATA,GEN_DUID,1,"2015/09/16 04:30:00",ANGAS2,0,"2015/09/16 04:25:08"
D,METER_DATA,GEN_DUID,1,"2015/09/16 04:30:00",BUTLERSG,-0.000002,"2015/09/16 04:25:08"
D,METER_DATA,GEN_DUID,1,"2015/09/16 04:30:00",CALL_A_4,0,"2015/09/16 04:25:08"
D,METER_DATA,GEN_DUID,1,"2015/09/16 04:30:00",CAPTL_WF,0,"2015/09/16 04:25:08"
D,METER_DATA,GEN_DUID,1,"2015/09/16 04:30:00",CATHROCK,26.569998,"2015/09/16 04:25:08"
D,METER_DATA,GEN_DUID,1,"2015/09/16 04:30:00",CHALLHWF,0,"2015/09/16 04:25:08"
D,METER_DATA,GEN_DUID,1,"2015/09/16 04:30:00",CLOVER,-0.01,"2015/09/16 04:25:08"
D,METER_DATA,GEN_DUID,1,"2015/09/16 04:30:00",CLUNY,9.074150,"2015/09/16 04:25:08"
D,METER_DATA,GEN_DUID,1,"2015/09/16 04:30:00",CNUNDAWF,-0.100117,"2015/09/16 04:25:08"
D,METER_DATA,GEN_DUID,1,"2015/09/16 04:30:00",CULLRGWF,10.19,"2015/09/16 04:25:08"
D,METER_DATA,GEN_DUID,1,"2015/09/16 04:30:00",ERGT01,0,"2015/09/16 04:25:08"
D,METER_DATA,GEN_DUID,1,"2015/09/16 04:30:00",GB01,0.208096,"2015/09/16 04:25:08"
D,METER_DATA,GEN_DUID,1,"2015/09/16 04:30:00",GERMCRK,29.90,"2015/09/16 04:25:08"
D,METER_DATA,GEN_DUID,1,"2015/09/16 04:30:00",INVICTA,35.975002,"2015/09/16 04:25:08"
D,METER_DATA,GEN_DUID,1,"2015/09/16 04:30:00",LKBONNY1,-0.449338,"2015/09/16 04:25:08"
D,METER_DATA,GEN_DUID,1,"2015/09/16 04:30:00",MBAHNTH,50.587502,"2015/09/16 04:25:08"
D,METER_DATA,GEN_DUID,1,"2015/09/16 04:30:00",MLWF1,0.4350,"2015/09/16 04:25:08"
D,METER_DATA,GEN_DUID,1,"2015/09/16 04:30:00",MTMILLAR,23.135036,"2015/09/16 04:25:08"
D,METER_DATA,GEN_DUID,1,"2015/09/16 04:30:00",PALOONA,10.90,"2015/09/16 04:25:08"
D,METER_DATA,GEN_DUID,1,"2015/09/16 04:30:00",PIONEER,30.50,"2015/09/16 04:25:08"
D,METER_DATA,GEN_DUID,1,"2015/09/16 04:30:00",PORTWF,0.20,"2015/09/16 04:25:08"
D,METER_DATA,GEN_DUID,1,"2015/09/16 04:30:00",REPULSE,14.138810,"2015/09/16 04:25:08"
D,METER_DATA,GEN_DUID,1,"2015/09/16 04:30:00",ROWALLAN,7.6254,"2015/09/16 04:25:08"
D,METER_DATA,GEN_DUID,1,"2015/09/16 04:30:00",RPCG,9.769871,"2015/09/16 04:25:08"
D,METER_DATA,GEN_DUID,1,"2015/09/16 04:30:00",RUBICON,0,"2015/09/16 04:25:08"
D,METER_DATA,GEN_DUID,1,"2015/09/16 04:30:00",STARHLWF,1.599534,"2015/09/16 04:25:08"
D,METER_DATA,GEN_DUID,1,"2015/09/16 04:30:00",WAUBRAWF,12.28,"2015/09/16 04:25:08"
D,METER_DATA,GEN_DUID,1,"2015/09/16 04:30:00",WOOLNTH1,15.050016,"2015/09/16 04:25:08"
D,METER_DATA,GEN_DUID,1,"2015/09/16 04:30:00",WPWF,10,"2015/09/16 04:25:08"
D,METER_DATA,GEN_DUID,1,"2015/09/16 04:30:00",YAMBUKWF,0.40,"2015/09/16 04:25:08"
D,METER_DATA,GEN_DUID,1,"2015/09/16 04:35:00",ANGAS1,0,"2015/09/16 04:30:12"
D,METER_DATA,GEN_DUID,1,"2015/09/16 04:35:00",ANGAS2,0,"2015/09/16 04:30:12"
D,METER_DATA,GEN_DUID,1,"2015/09/16 04:35:00",BUTLERSG,-0.000002,"2015/09/16 04:30:12"
D,METER_DATA,GEN_DUID,1,"2015/09/16 04:35:00",CALL_A_4,0,"2015/09/16 04:30:12"
D,METER_DATA,GEN_DUID,1,"2015/09/16 04:35:00",CAPTL_WF,0,"2015/09/16 04:30:12"
D,METER_DATA,GEN_DUID,1,"2015/09/16 04:35:00",CATHROCK,29.439999,"2015/09/16 04:30:12"
D,METER_DATA,GEN_DUID,1,"2015/09/16 04:35:00",CHALLHWF,0,"2015/09/16 04:30:12"
D,METER_DATA,GEN_DUID,1,"2015/09/16 04:35:00",CLOVER,0,"2015/09/16 04:30:12"
D,METER_DATA,GEN_DUID,1,"2015/09/16 04:35:00",CLUNY,8.945540,"2015/09/16 04:30:12"
D,METER_DATA,GEN_DUID,1,"2015/09/16 04:35:00",CNUNDAWF,0,"2015/09/16 04:30:12"
D,METER_DATA,GEN_DUID,1,"2015/09/16 04:35:00",CULLRGWF,9.43,"2015/09/16 04:30:12"
D,METER_DATA,GEN_DUID,1,"2015/09/16 04:35:00",ERGT01,0,"2015/09/16 04:30:12"
D,METER_DATA,GEN_DUID,1,"2015/09/16 04:35:00",GB01,0.208096,"2015/09/16 04:30:12"
D,METER_DATA,GEN_DUID,1,"2015/09/16 04:35:00",GERMCRK,30,"2015/09/16 04:30:12"
D,METER_DATA,GEN_DUID,1,"2015/09/16 04:35:00",INVICTA,35.975002,"2015/09/16 04:30:12"
D,METER_DATA,GEN_DUID,1,"2015/09/16 04:35:00",LKBONNY1,-0.449338,"2015/09/16 04:30:12"
D,METER_DATA,GEN_DUID,1,"2015/09/16 04:35:00",MBAHNTH,50.587502,"2015/09/16 04:30:12"
D,METER_DATA,GEN_DUID,1,"2015/09/16 04:35:00",MLWF1,0.4350,"2015/09/16 04:30:12"
D,METER_DATA,GEN_DUID,1,"2015/09/16 04:35:00",MTMILLAR,24.050318,"2015/09/16 04:30:12"
D,METER_DATA,GEN_DUID,1,"2015/09/16 04:35:00",PALOONA,10.90,"2015/09/16 04:30:12"
D,METER_DATA,GEN_DUID,1,"2015/09/16 04:35:00",PIONEER,29.10,"2015/09/16 04:30:12"
D,METER_DATA,GEN_DUID,1,"2015/09/16 04:35:00",PORTWF,0.40,"2015/09/16 04:30:12"
D,METER_DATA,GEN_DUID,1,"2015/09/16 04:35:00",REPULSE,13.738655,"2015/09/16 04:30:12"
D,METER_DATA,GEN_DUID,1,"2015/09/16 04:35:00",ROWALLAN,7.4976,"2015/09/16 04:30:12"
D,METER_DATA,GEN_DUID,1,"2015/09/16 04:35:00",RPCG,5.696128,"2015/09/16 04:30:12"
D,METER_DATA,GEN_DUID,1,"2015/09/16 04:35:00",RUBICON,0,"2015/09/16 04:30:12"
D,METER_DATA,GEN_DUID,1,"2015/09/16 04:35:00",STARHLWF,1.599534,"2015/09/16 04:30:12"
D,METER_DATA,GEN_DUID,1,"2015/09/16 04:35:00",WAUBRAWF,11.5260,"2015/09/16 04:30:12"
D,METER_DATA,GEN_DUID,1,"2015/09/16 04:35:00",WOOLNTH1,14.160015,"2015/09/16 04:30:12"
D,METER_DATA,GEN_DUID,1,"2015/09/16 04:35:00",WPWF,9,"2015/09/16 04:30:12"
D,METER_DATA,GEN_DUID,1,"2015/09/16 04:35:00",YAMBUKWF,0.30,"2015/09/16 04:30:12"
D,METER_DATA,GEN_DUID,1,"2015/09/16 04:40:00",ANGAS1,0,"2015/09/16 04:35:09"
D,METER_DATA,GEN_DUID,1,"2015/09/16 04:40:00",ANGAS2,0,"2015/09/16 04:35:09"
D,METER_DATA,GEN_DUID,1,"2015/09/16 04:40:00",BUTLERSG,-0.000002,"2015/09/16 04:35:09"
D,METER_DATA,GEN_DUID,1,"2015/09/16 04:40:00",CALL_A_4,0,"2015/09/16 04:35:09"
D,METER_DATA,GEN_DUID,1,"2015/09/16 04:40:00",CAPTL_WF,0,"2015/09/16 04:35:09"
D,METER_DATA,GEN_DUID,1,"2015/09/16 04:40:00",CATHROCK,25.789999,"2015/09/16 04:35:09"
D,METER_DATA,GEN_DUID,1,"2015/09/16 04:40:00",CHALLHWF,0,"2015/09/16 04:35:09"
D,METER_DATA,GEN_DUID,1,"2015/09/16 04:40:00",CLOVER,-0.01,"2015/09/16 04:35:09"
D,METER_DATA,GEN_DUID,1,"2015/09/16 04:40:00",CLUNY,8.816930,"2015/09/16 04:35:09"
D,METER_DATA,GEN_DUID,1,"2015/09/16 04:40:00",CNUNDAWF,0,"2015/09/16 04:35:09"
D,METER_DATA,GEN_DUID,1,"2015/09/16 04:40:00",CULLRGWF,9.70,"2015/09/16 04:35:09"
D,METER_DATA,GEN_DUID,1,"2015/09/16 04:40:00",ERGT01,0,"2015/09/16 04:35:09"
D,METER_DATA,GEN_DUID,1,"2015/09/16 04:40:00",GB01,0.208096,"2015/09/16 04:35:09"
D,METER_DATA,GEN_DUID,1,"2015/09/16 04:40:00",GERMCRK,30.299999,"2015/09/16 04:35:09"
D,METER_DATA,GEN_DUID,1,"2015/09/16 04:40:00",INVICTA,36.975002,"2015/09/16 04:35:09"
D,METER_DATA,GEN_DUID,1,"2015/09/16 04:40:00",LKBONNY1,-0.449338,"2015/09/16 04:35:09"
D,METER_DATA,GEN_DUID,1,"2015/09/16 04:40:00",MBAHNTH,50.587502,"2015/09/16 04:35:09"
D,METER_DATA,GEN_DUID,1,"2015/09/16 04:40:00",MLWF1,0.24,"2015/09/16 04:35:09"
D,METER_DATA,GEN_DUID,1,"2015/09/16 04:40:00",MTMILLAR,24.139614,"2015/09/16 04:35:09"
D,METER_DATA,GEN_DUID,1,"2015/09/16 04:40:00",PALOONA,10.90,"2015/09/16 04:35:09"
D,METER_DATA,GEN_DUID,1,"2015/09/16 04:40:00",PIONEER,31.50,"2015/09/16 04:35:09"
D,METER_DATA,GEN_DUID,1,"2015/09/16 04:40:00",PORTWF,0.70,"2015/09/16 04:35:09"
D,METER_DATA,GEN_DUID,1,"2015/09/16 04:40:00",REPULSE,14.138810,"2015/09/16 04:35:09"
D,METER_DATA,GEN_DUID,1,"2015/09/16 04:40:00",ROWALLAN,7.4834,"2015/09/16 04:35:09"
D,METER_DATA,GEN_DUID,1,"2015/09/16 04:40:00",RPCG,9.799501,"2015/09/16 04:35:09"
D,METER_DATA,GEN_DUID,1,"2015/09/16 04:40:00",RUBICON,0,"2015/09/16 04:35:09"
D,METER_DATA,GEN_DUID,1,"2015/09/16 04:40:00",STARHLWF,1.999417,"2015/09/16 04:35:09"
D,METER_DATA,GEN_DUID,1,"2015/09/16 04:40:00",WAUBRAWF,12.5270,"2015/09/16 04:35:09"
D,METER_DATA,GEN_DUID,1,"2015/09/16 04:40:00",WOOLNTH1,13.210015,"2015/09/16 04:35:09"
D,METER_DATA,GEN_DUID,1,"2015/09/16 04:40:00",WPWF,9,"2015/09/16 04:35:09"
D,METER_DATA,GEN_DUID,1,"2015/09/16 04:40:00",YAMBUKWF,0.20,"2015/09/16 04:35:09"
D,METER_DATA,GEN_DUID,1,"2015/09/16 04:45:00",ANGAS1,0,"2015/09/16 04:40:08"
D,METER_DATA,GEN_DUID,1,"2015/09/16 04:45:00",ANGAS2,0,"2015/09/16 04:40:08"
D,METER_DATA,GEN_DUID,1,"2015/09/16 04:45:00",BUTLERSG,-0.000002,"2015/09/16 04:40:08"
D,METER_DATA,GEN_DUID,1,"2015/09/16 04:45:00",CALL_A_4,0,"2015/09/16 04:40:08"
D,METER_DATA,GEN_DUID,1,"2015/09/16 04:45:00",CAPTL_WF,0,"2015/09/16 04:40:08"
D,METER_DATA,GEN_DUID,1,"2015/09/16 04:45:00",CATHROCK,28.539999,"2015/09/16 04:40:08"
D,METER_DATA,GEN_DUID,1,"2015/09/16 04:45:00",CHALLHWF,0,"2015/09/16 04:40:08"
D,METER_DATA,GEN_DUID,1,"2015/09/16 04:45:00",CLOVER,-0.01,"2015/09/16 04:40:08"
D,METER_DATA,GEN_DUID,1,"2015/09/16 04:45:00",CLUNY,9.674330,"2015/09/16 04:40:08"
D,METER_DATA,GEN_DUID,1,"2015/09/16 04:45:00",CNUNDAWF,0,"2015/09/16 04:40:08"
D,METER_DATA,GEN_DUID,1,"2015/09/16 04:45:00",CULLRGWF,9.79,"2015/09/16 04:40:08"
D,METER_DATA,GEN_DUID,1,"2015/09/16 04:45:00",ERGT01,0,"2015/09/16 04:40:08"
D,METER_DATA,GEN_DUID,1,"2015/09/16 04:45:00",GB01,0.208096,"2015/09/16 04:40:08"
D,METER_DATA,GEN_DUID,1,"2015/09/16 04:45:00",GERMCRK,30.799999,"2015/09/16 04:40:08"
D,METER_DATA,GEN_DUID,1,"2015/09/16 04:45:00",INVICTA,36.975002,"2015/09/16 04:40:08"
D,METER_DATA,GEN_DUID,1,"2015/09/16 04:45:00",LKBONNY1,-0.449338,"2015/09/16 04:40:08"
D,METER_DATA,GEN_DUID,1,"2015/09/16 04:45:00",MBAHNTH,50.587502,"2015/09/16 04:40:08"
D,METER_DATA,GEN_DUID,1,"2015/09/16 04:45:00",MLWF1,0.24,"2015/09/16 04:40:08"
D,METER_DATA,GEN_DUID,1,"2015/09/16 04:45:00",MTMILLAR,22.926680,"2015/09/16 04:40:08"
D,METER_DATA,GEN_DUID,1,"2015/09/16 04:45:00",PALOONA,10.90,"2015/09/16 04:40:08"
D,METER_DATA,GEN_DUID,1,"2015/09/16 04:45:00",PIONEER,24.60,"2015/09/16 04:40:08"
D,METER_DATA,GEN_DUID,1,"2015/09/16 04:45:00",PORTWF,1,"2015/09/16 04:40:08"
D,METER_DATA,GEN_DUID,1,"2015/09/16 04:45:00",REPULSE,15.263055,"2015/09/16 04:40:08"
D,METER_DATA,GEN_DUID,1,"2015/09/16 04:45:00",ROWALLAN,8.1295,"2015/09/16 04:40:08"
D,METER_DATA,GEN_DUID,1,"2015/09/16 04:45:00",RPCG,9.775129,"2015/09/16 04:40:08"
D,METER_DATA,GEN_DUID,1,"2015/09/16 04:45:00",RUBICON,0,"2015/09/16 04:40:08"
D,METER_DATA,GEN_DUID,1,"2015/09/16 04:45:00",STARHLWF,2.799184,"2015/09/16 04:40:08"
D,METER_DATA,GEN_DUID,1,"2015/09/16 04:45:00",WAUBRAWF,15.70,"2015/09/16 04:40:08"
D,METER_DATA,GEN_DUID,1,"2015/09/16 04:45:00",WOOLNTH1,12.630016,"2015/09/16 04:40:08"
D,METER_DATA,GEN_DUID,1,"2015/09/16 04:45:00",WPWF,9,"2015/09/16 04:40:08"
D,METER_DATA,GEN_DUID,1,"2015/09/16 04:45:00",YAMBUKWF,0.20,"2015/09/16 04:40:08"
D,METER_DATA,GEN_DUID,1,"2015/09/16 04:50:00",ANGAS1,0,"2015/09/16 04:45:08"
D,METER_DATA,GEN_DUID,1,"2015/09/16 04:50:00",ANGAS2,0,"2015/09/16 04:45:08"
D,METER_DATA,GEN_DUID,1,"2015/09/16 04:50:00",BUTLERSG,-0.000002,"2015/09/16 04:45:08"
D,METER_DATA,GEN_DUID,1,"2015/09/16 04:50:00",CALL_A_4,0,"2015/09/16 04:45:08"
D,METER_DATA,GEN_DUID,1,"2015/09/16 04:50:00",CAPTL_WF,0,"2015/09/16 04:45:08"
D,METER_DATA,GEN_DUID,1,"2015/09/16 04:50:00",CATHROCK,28.879999,"2015/09/16 04:45:08"
D,METER_DATA,GEN_DUID,1,"2015/09/16 04:50:00",CHALLHWF,0,"2015/09/16 04:45:08"
D,METER_DATA,GEN_DUID,1,"2015/09/16 04:50:00",CLOVER,-0.01,"2015/09/16 04:45:08"
D,METER_DATA,GEN_DUID,1,"2015/09/16 04:50:00",CLUNY,9.674330,"2015/09/16 04:45:08"
D,METER_DATA,GEN_DUID,1,"2015/09/16 04:50:00",CNUNDAWF,0,"2015/09/16 04:45:08"
D,METER_DATA,GEN_DUID,1,"2015/09/16 04:50:00",CULLRGWF,9.71,"2015/09/16 04:45:08"
D,METER_DATA,GEN_DUID,1,"2015/09/16 04:50:00",ERGT01,0,"2015/09/16 04:45:08"
D,METER_DATA,GEN_DUID,1,"2015/09/16 04:50:00",GB01,0.208096,"2015/09/16 04:45:08"
D,METER_DATA,GEN_DUID,1,"2015/09/16 04:50:00",GERMCRK,30.10,"2015/09/16 04:45:08"
D,METER_DATA,GEN_DUID,1,"2015/09/16 04:50:00",INVICTA,36.975002,"2015/09/16 04:45:08"
D,METER_DATA,GEN_DUID,1,"2015/09/16 04:50:00",LKBONNY1,-0.449338,"2015/09/16 04:45:08"
D,METER_DATA,GEN_DUID,1,"2015/09/16 04:50:00",MBAHNTH,49.575001,"2015/09/16 04:45:08"
D,METER_DATA,GEN_DUID,1,"2015/09/16 04:50:00",MLWF1,0.2250,"2015/09/16 04:45:08"
D,METER_DATA,GEN_DUID,1,"2015/09/16 04:50:00",MTMILLAR,23.834520,"2015/09/16 04:45:08"
D,METER_DATA,GEN_DUID,1,"2015/09/16 04:50:00",PALOONA,10.75,"2015/09/16 04:45:08"
D,METER_DATA,GEN_DUID,1,"2015/09/16 04:50:00",PIONEER,29,"2015/09/16 04:45:08"
D,METER_DATA,GEN_DUID,1,"2015/09/16 04:50:00",PORTWF,1.90,"2015/09/16 04:45:08"
D,METER_DATA,GEN_DUID,1,"2015/09/16 04:50:00",REPULSE,15.129669,"2015/09/16 04:45:08"
D,METER_DATA,GEN_DUID,1,"2015/09/16 04:50:00",ROWALLAN,7.7745,"2015/09/16 04:45:08"
D,METER_DATA,GEN_DUID,1,"2015/09/16 04:50:00",RPCG,10.373986,"2015/09/16 04:45:08"
D,METER_DATA,GEN_DUID,1,"2015/09/16 04:50:00",RUBICON,0,"2015/09/16 04:45:08"
D,METER_DATA,GEN_DUID,1,"2015/09/16 04:50:00",STARHLWF,3.598951,"2015/09/16 04:45:08"
D,METER_DATA,GEN_DUID,1,"2015/09/16 04:50:00",WAUBRAWF,17.082001,"2015/09/16 04:45:08"
D,METER_DATA,GEN_DUID,1,"2015/09/16 04:50:00",WOOLNTH1,13.150016,"2015/09/16 04:45:08"
D,METER_DATA,GEN_DUID,1,"2015/09/16 04:50:00",WPWF,9,"2015/09/16 04:45:08"
D,METER_DATA,GEN_DUID,1,"2015/09/16 04:50:00",YAMBUKWF,0.50,"2015/09/16 04:45:08"
D,METER_DATA,GEN_DUID,1,"2015/09/16 04:55:00",ANGAS1,0,"2015/09/16 04:50:08"
D,METER_DATA,GEN_DUID,1,"2015/09/16 04:55:00",ANGAS2,0,"2015/09/16 04:50:08"
D,METER_DATA,GEN_DUID,1,"2015/09/16 04:55:00",BUTLERSG,-0.000002,"2015/09/16 04:50:08"
D,METER_DATA,GEN_DUID,1,"2015/09/16 04:55:00",CALL_A_4,0,"2015/09/16 04:50:08"
D,METER_DATA,GEN_DUID,1,"2015/09/16 04:55:00",CAPTL_WF,6.227997,"2015/09/16 04:50:08"
D,METER_DATA,GEN_DUID,1,"2015/09/16 04:55:00",CATHROCK,27.559998,"2015/09/16 04:50:08"
D,METER_DATA,GEN_DUID,1,"2015/09/16 04:55:00",CHALLHWF,0,"2015/09/16 04:50:08"
D,METER_DATA,GEN_DUID,1,"2015/09/16 04:55:00",CLOVER,-0.01,"2015/09/16 04:50:08"
D,METER_DATA,GEN_DUID,1,"2015/09/16 04:55:00",CLUNY,8.702610,"2015/09/16 04:50:08"
D,METER_DATA,GEN_DUID,1,"2015/09/16 04:55:00",CNUNDAWF,0,"2015/09/16 04:50:08"
D,METER_DATA,GEN_DUID,1,"2015/09/16 04:55:00",CULLRGWF,9.11,"2015/09/16 04:50:08"
D,METER_DATA,GEN_DUID,1,"2015/09/16 04:55:00",ERGT01,0,"2015/09/16 04:50:08"
D,METER_DATA,GEN_DUID,1,"2015/09/16 04:55:00",GB01,0.208096,"2015/09/16 04:50:08"
D,METER_DATA,GEN_DUID,1,"2015/09/16 04:55:00",GERMCRK,29.700001,"2015/09/16 04:50:08"
D,METER_DATA,GEN_DUID,1,"2015/09/16 04:55:00",INVICTA,36.975002,"2015/09/16 04:50:08"
D,METER_DATA,GEN_DUID,1,"2015/09/16 04:55:00",LKBONNY1,-0.449338,"2015/09/16 04:50:08"
D,METER_DATA,GEN_DUID,1,"2015/09/16 04:55:00",MBAHNTH,49.575001,"2015/09/16 04:50:08"
D,METER_DATA,GEN_DUID,1,"2015/09/16 04:55:00",MLWF1,0.33,"2015/09/16 04:50:08"
D,METER_DATA,GEN_DUID,1,"2015/09/16 04:55:00",MTMILLAR,22.800179,"2015/09/16 04:50:08"
D,METER_DATA,GEN_DUID,1,"2015/09/16 04:55:00",PALOONA,10.86,"2015/09/16 04:50:08"
D,METER_DATA,GEN_DUID,1,"2015/09/16 04:55:00",PIONEER,25.300001,"2015/09/16 04:50:08"
D,METER_DATA,GEN_DUID,1,"2015/09/16 04:55:00",PORTWF,3.40,"2015/09/16 04:50:08"
D,METER_DATA,GEN_DUID,1,"2015/09/16 04:55:00",REPULSE,13.452829,"2015/09/16 04:50:08"
D,METER_DATA,GEN_DUID,1,"2015/09/16 04:55:00",ROWALLAN,7.4550,"2015/09/16 04:50:08"
D,METER_DATA,GEN_DUID,1,"2015/09/16 04:55:00",RPCG,10.354665,"2015/09/16 04:50:08"
D,METER_DATA,GEN_DUID,1,"2015/09/16 04:55:00",RUBICON,0,"2015/09/16 04:50:08"
D,METER_DATA,GEN_DUID,1,"2015/09/16 04:55:00",STARHLWF,3.998834,"2015/09/16 04:50:08"
D,METER_DATA,GEN_DUID,1,"2015/09/16 04:55:00",WAUBRAWF,17.6490,"2015/09/16 04:50:08"
D,METER_DATA,GEN_DUID,1,"2015/09/16 04:55:00",WOOLNTH1,12.700016,"2015/09/16 04:50:08"
D,METER_DATA,GEN_DUID,1,"2015/09/16 04:55:00",WPWF,8,"2015/09/16 04:50:08"
D,METER_DATA,GEN_DUID,1,"2015/09/16 04:55:00",YAMBUKWF,0.60,"2015/09/16 04:50:08"
D,METER_DATA,GEN_DUID,1,"2015/09/16 05:00:00",ANGAS1,0,"2015/09/16 04:55:07"
D,METER_DATA,GEN_DUID,1,"2015/09/16 05:00:00",ANGAS2,0,"2015/09/16 04:55:07"
D,METER_DATA,GEN_DUID,1,"2015/09/16 05:00:00",BUTLERSG,-0.000002,"2015/09/16 04:55:07"
D,METER_DATA,GEN_DUID,1,"2015/09/16 05:00:00",CALL_A_4,0,"2015/09/16 04:55:07"
D,METER_DATA,GEN_DUID,1,"2015/09/16 05:00:00",CAPTL_WF,0,"2015/09/16 04:55:07"
D,METER_DATA,GEN_DUID,1,"2015/09/16 05:00:00",CATHROCK,24.529999,"2015/09/16 04:55:07"
D,METER_DATA,GEN_DUID,1,"2015/09/16 05:00:00",CHALLHWF,0,"2015/09/16 04:55:07"
D,METER_DATA,GEN_DUID,1,"2015/09/16 05:00:00",CLOVER,-0.01,"2015/09/16 04:55:07"
D,METER_DATA,GEN_DUID,1,"2015/09/16 05:00:00",CLUNY,8.745481,"2015/09/16 04:55:07"
D,METER_DATA,GEN_DUID,1,"2015/09/16 05:00:00",CNUNDAWF,0,"2015/09/16 04:55:07"
D,METER_DATA,GEN_DUID,1,"2015/09/16 05:00:00",CULLRGWF,8.97,"2015/09/16 04:55:07"
D,METER_DATA,GEN_DUID,1,"2015/09/16 05:00:00",ERGT01,0,"2015/09/16 04:55:07"
D,METER_DATA,GEN_DUID,1,"2015/09/16 05:00:00",GB01,0.208096,"2015/09/16 04:55:07"
D,METER_DATA,GEN_DUID,1,"2015/09/16 05:00:00",GERMCRK,31,"2015/09/16 04:55:07"
D,METER_DATA,GEN_DUID,1,"2015/09/16 05:00:00",INVICTA,38.174999,"2015/09/16 04:55:07"
D,METER_DATA,GEN_DUID,1,"2015/09/16 05:00:00",LKBONNY1,-0.449338,"2015/09/16 04:55:07"
D,METER_DATA,GEN_DUID,1,"2015/09/16 05:00:00",MBAHNTH,49.575001,"2015/09/16 04:55:07"
D,METER_DATA,GEN_DUID,1,"2015/09/16 05:00:00",MLWF1,0.4350,"2015/09/16 04:55:07"
D,METER_DATA,GEN_DUID,1,"2015/09/16 05:00:00",MTMILLAR,22.517408,"2015/09/16 04:55:07"
D,METER_DATA,GEN_DUID,1,"2015/09/16 05:00:00",PALOONA,10.86,"2015/09/16 04:55:07"
D,METER_DATA,GEN_DUID,1,"2015/09/16 05:00:00",PIONEER,24.800001,"2015/09/16 04:55:07"
D,METER_DATA,GEN_DUID,1,"2015/09/16 05:00:00",PORTWF,3.60,"2015/09/16 04:55:07"
D,METER_DATA,GEN_DUID,1,"2015/09/16 05:00:00",REPULSE,13.548104,"2015/09/16 04:55:07"
D,METER_DATA,GEN_DUID,1,"2015/09/16 05:00:00",ROWALLAN,7.4763,"2015/09/16 04:55:07"
D,METER_DATA,GEN_DUID,1,"2015/09/16 05:00:00",RPCG,10.221375,"2015/09/16 04:55:07"
D,METER_DATA,GEN_DUID,1,"2015/09/16 05:00:00",RUBICON,0,"2015/09/16 04:55:07"
D,METER_DATA,GEN_DUID,1,"2015/09/16 05:00:00",STARHLWF,4.398717,"2015/09/16 04:55:07"
D,METER_DATA,GEN_DUID,1,"2015/09/16 05:00:00",WAUBRAWF,16.832001,"2015/09/16 04:55:07"
D,METER_DATA,GEN_DUID,1,"2015/09/16 05:00:00",WOOLNTH1,12.830015,"2015/09/16 04:55:07"
D,METER_DATA,GEN_DUID,1,"2015/09/16 05:00:00",WPWF,8,"2015/09/16 04:55:07"
D,METER_DATA,GEN_DUID,1,"2015/09/16 05:00:00",YAMBUKWF,0.50,"2015/09/16 04:55:07"
D,METER_DATA,GEN_DUID,1,"2015/09/16 05:05:00",ANGAS1,0,"2015/09/16 05:00:08"
D,METER_DATA,GEN_DUID,1,"2015/09/16 05:05:00",ANGAS2,0,"2015/09/16 05:00:08"
D,METER_DATA,GEN_DUID,1,"2015/09/16 05:05:00",BUTLERSG,-0.000002,"2015/09/16 05:00:08"
D,METER_DATA,GEN_DUID,1,"2015/09/16 05:05:00",CALL_A_4,0,"2015/09/16 05:00:08"
D,METER_DATA,GEN_DUID,1,"2015/09/16 05:05:00",CAPTL_WF,0,"2015/09/16 05:00:08"
D,METER_DATA,GEN_DUID,1,"2015/09/16 05:05:00",CATHROCK,24.559999,"2015/09/16 05:00:08"
D,METER_DATA,GEN_DUID,1,"2015/09/16 05:05:00",CHALLHWF,0,"2015/09/16 05:00:08"
D,METER_DATA,GEN_DUID,1,"2015/09/16 05:05:00",CLOVER,-0.01,"2015/09/16 05:00:08"
D,METER_DATA,GEN_DUID,1,"2015/09/16 05:05:00",CLUNY,8.688320,"2015/09/16 05:00:08"
D,METER_DATA,GEN_DUID,1,"2015/09/16 05:05:00",CNUNDAWF,0,"2015/09/16 05:00:08"
D,METER_DATA,GEN_DUID,1,"2015/09/16 05:05:00",CULLRGWF,8.67,"2015/09/16 05:00:08"
D,METER_DATA,GEN_DUID,1,"2015/09/16 05:05:00",ERGT01,0,"2015/09/16 05:00:08"
D,METER_DATA,GEN_DUID,1,"2015/09/16 05:05:00",GB01,0.208096,"2015/09/16 05:00:08"
D,METER_DATA,GEN_DUID,1,"2015/09/16 05:05:00",GERMCRK,31.799999,"2015/09/16 05:00:08"
D,METER_DATA,GEN_DUID,1,"2015/09/16 05:05:00",INVICTA,38.174999,"2015/09/16 05:00:08"
D,METER_DATA,GEN_DUID,1,"2015/09/16 05:05:00",LKBONNY1,-0.449338,"2015/09/16 05:00:08"
D,METER_DATA,GEN_DUID,1,"2015/09/16 05:05:00",MBAHNTH,49.575001,"2015/09/16 05:00:08"
D,METER_DATA,GEN_DUID,1,"2015/09/16 05:05:00",MLWF1,0.4350,"2015/09/16 05:00:08"
D,METER_DATA,GEN_DUID,1,"2015/09/16 05:05:00",MTMILLAR,28.954144,"2015/09/16 05:00:08"
D,METER_DATA,GEN_DUID,1,"2015/09/16 05:05:00",PALOONA,10.86,"2015/09/16 05:00:08"
D,METER_DATA,GEN_DUID,1,"2015/09/16 05:05:00",PIONEER,23.40,"2015/09/16 05:00:08"
D,METER_DATA,GEN_DUID,1,"2015/09/16 05:05:00",PORTWF,3.10,"2015/09/16 05:00:08"
D,METER_DATA,GEN_DUID,1,"2015/09/16 05:05:00",REPULSE,13.986370,"2015/09/16 05:00:08"
D,METER_DATA,GEN_DUID,1,"2015/09/16 05:05:00",ROWALLAN,7.5047,"2015/09/16 05:00:08"
D,METER_DATA,GEN_DUID,1,"2015/09/16 05:05:00",RPCG,5.993974,"2015/09/16 05:00:08"
D,METER_DATA,GEN_DUID,1,"2015/09/16 05:05:00",RUBICON,0,"2015/09/16 05:00:08"
D,METER_DATA,GEN_DUID,1,"2015/09/16 05:05:00",STARHLWF,2.3993,"2015/09/16 05:00:08"
D,METER_DATA,GEN_DUID,1,"2015/09/16 05:05:00",WAUBRAWF,17.323999,"2015/09/16 05:00:08"
D,METER_DATA,GEN_DUID,1,"2015/09/16 05:05:00",WOOLNTH1,13.620015,"2015/09/16 05:00:08"
D,METER_DATA,GEN_DUID,1,"2015/09/16 05:05:00",WPWF,8,"2015/09/16 05:00:08"
D,METER_DATA,GEN_DUID,1,"2015/09/16 05:05:00",YAMBUKWF,0.30,"2015/09/16 05:00:08"
D,METER_DATA,GEN_DUID,1,"2015/09/16 05:10:00",ANGAS1,0,"2015/09/16 05:05:13"
D,METER_DATA,GEN_DUID,1,"2015/09/16 05:10:00",ANGAS2,0,"2015/09/16 05:05:13"
D,METER_DATA,GEN_DUID,1,"2015/09/16 05:10:00",BUTLERSG,-0.000002,"2015/09/16 05:05:13"
D,METER_DATA,GEN_DUID,1,"2015/09/16 05:10:00",CALL_A_4,0,"2015/09/16 05:05:13"
D,METER_DATA,GEN_DUID,1,"2015/09/16 05:10:00",CAPTL_WF,0,"2015/09/16 05:05:13"
D,METER_DATA,GEN_DUID,1,"2015/09/16 05:10:00",CATHROCK,21.639999,"2015/09/16 05:05:13"
D,METER_DATA,GEN_DUID,1,"2015/09/16 05:10:00",CHALLHWF,0,"2015/09/16 05:05:13"
D,METER_DATA,GEN_DUID,1,"2015/09/16 05:10:00",CLOVER,-0.01,"2015/09/16 05:05:13"
D,METER_DATA,GEN_DUID,1,"2015/09/16 05:10:00",CLUNY,9.159890,"2015/09/16 05:05:13"
D,METER_DATA,GEN_DUID,1,"2015/09/16 05:10:00",CNUNDAWF,0,"2015/09/16 05:05:13"
D,METER_DATA,GEN_DUID,1,"2015/09/16 05:10:00",CULLRGWF,8.23,"2015/09/16 05:05:13"
D,METER_DATA,GEN_DUID,1,"2015/09/16 05:10:00",ERGT01,0,"2015/09/16 05:05:13"
D,METER_DATA,GEN_DUID,1,"2015/09/16 05:10:00",GB01,0.208096,"2015/09/16 05:05:13"
D,METER_DATA,GEN_DUID,1,"2015/09/16 05:10:00",GERMCRK,32.099998,"2015/09/16 05:05:13"
D,METER_DATA,GEN_DUID,1,"2015/09/16 05:10:00",INVICTA,38.174999,"2015/09/16 05:05:13"
D,METER_DATA,GEN_DUID,1,"2015/09/16 05:10:00",LKBONNY1,-0.449338,"2015/09/16 05:05:13"
D,METER_DATA,GEN_DUID,1,"2015/09/16 05:10:00",MBAHNTH,49.575001,"2015/09/16 05:05:13"
D,METER_DATA,GEN_DUID,1,"2015/09/16 05:10:00",MLWF1,0.66,"2015/09/16 05:05:13"
D,METER_DATA,GEN_DUID,1,"2015/09/16 05:10:00",MTMILLAR,31.313038,"2015/09/16 05:05:13"
D,METER_DATA,GEN_DUID,1,"2015/09/16 05:10:00",PALOONA,10.95,"2015/09/16 05:05:13"
D,METER_DATA,GEN_DUID,1,"2015/09/16 05:10:00",PIONEER,22.10,"2015/09/16 05:05:13"
D,METER_DATA,GEN_DUID,1,"2015/09/16 05:10:00",PORTWF,3.30,"2015/09/16 05:05:13"
D,METER_DATA,GEN_DUID,1,"2015/09/16 05:10:00",REPULSE,14.881954,"2015/09/16 05:05:13"
D,METER_DATA,GEN_DUID,1,"2015/09/16 05:10:00",ROWALLAN,7.81,"2015/09/16 05:05:13"
D,METER_DATA,GEN_DUID,1,"2015/09/16 05:10:00",RPCG,10.188201,"2015/09/16 05:05:13"
D,METER_DATA,GEN_DUID,1,"2015/09/16 05:10:00",RUBICON,0,"2015/09/16 05:05:13"
D,METER_DATA,GEN_DUID,1,"2015/09/16 05:10:00",STARHLWF,1.999417,"2015/09/16 05:05:13"
D,METER_DATA,GEN_DUID,1,"2015/09/16 05:10:00",WAUBRAWF,16.129999,"2015/09/16 05:05:13"
D,METER_DATA,GEN_DUID,1,"2015/09/16 05:10:00",WOOLNTH1,11.520016,"2015/09/16 05:05:13"
D,METER_DATA,GEN_DUID,1,"2015/09/16 05:10:00",WPWF,6,"2015/09/16 05:05:13"
D,METER_DATA,GEN_DUID,1,"2015/09/16 05:10:00",YAMBUKWF,0.40,"2015/09/16 05:05:13"
D,METER_DATA,GEN_DUID,1,"2015/09/16 05:15:00",ANGAS1,0,"2015/09/16 05:10:08"
D,METER_DATA,GEN_DUID,1,"2015/09/16 05:15:00",ANGAS2,0,"2015/09/16 05:10:08"
D,METER_DATA,GEN_DUID,1,"2015/09/16 05:15:00",BUTLERSG,-0.000002,"2015/09/16 05:10:08"
D,METER_DATA,GEN_DUID,1,"2015/09/16 05:15:00",CALL_A_4,0,"2015/09/16 05:10:08"
D,METER_DATA,GEN_DUID,1,"2015/09/16 05:15:00",CAPTL_WF,0,"2015/09/16 05:10:08"
D,METER_DATA,GEN_DUID,1,"2015/09/16 05:15:00",CATHROCK,22.769999,"2015/09/16 05:10:08"
D,METER_DATA,GEN_DUID,1,"2015/09/16 05:15:00",CHALLHWF,0,"2015/09/16 05:10:08"
D,METER_DATA,GEN_DUID,1,"2015/09/16 05:15:00",CLOVER,-0.01,"2015/09/16 05:10:08"
D,METER_DATA,GEN_DUID,1,"2015/09/16 05:15:00",CLUNY,8.888380,"2015/09/16 05:10:08"
D,METER_DATA,GEN_DUID,1,"2015/09/16 05:15:00",CNUNDAWF,0,"2015/09/16 05:10:08"
D,METER_DATA,GEN_DUID,1,"2015/09/16 05:15:00",CULLRGWF,7.78,"2015/09/16 05:10:08"
D,METER_DATA,GEN_DUID,1,"2015/09/16 05:15:00",ERGT01,0,"2015/09/16 05:10:08"
D,METER_DATA,GEN_DUID,1,"2015/09/16 05:15:00",GB01,0.208096,"2015/09/16 05:10:08"
D,METER_DATA,GEN_DUID,1,"2015/09/16 05:15:00",GERMCRK,31.60,"2015/09/16 05:10:08"
D,METER_DATA,GEN_DUID,1,"2015/09/16 05:15:00",INVICTA,38.174999,"2015/09/16 05:10:08"
D,METER_DATA,GEN_DUID,1,"2015/09/16 05:15:00",LKBONNY1,-0.449338,"2015/09/16 05:10:08"
D,METER_DATA,GEN_DUID,1,"2015/09/16 05:15:00",MBAHNTH,50.625004,"2015/09/16 05:10:08"
D,METER_DATA,GEN_DUID,1,"2015/09/16 05:15:00",MLWF1,0.5550,"2015/09/16 05:10:08"
D,METER_DATA,GEN_DUID,1,"2015/09/16 05:15:00",MTMILLAR,40.279819,"2015/09/16 05:10:08"
D,METER_DATA,GEN_DUID,1,"2015/09/16 05:15:00",PALOONA,10.719999,"2015/09/16 05:10:08"
D,METER_DATA,GEN_DUID,1,"2015/09/16 05:15:00",PIONEER,25.300001,"2015/09/16 05:10:08"
D,METER_DATA,GEN_DUID,1,"2015/09/16 05:15:00",PORTWF,3.90,"2015/09/16 05:10:08"
D,METER_DATA,GEN_DUID,1,"2015/09/16 05:15:00",REPULSE,13.757710,"2015/09/16 05:10:08"
D,METER_DATA,GEN_DUID,1,"2015/09/16 05:15:00",ROWALLAN,7.3698,"2015/09/16 05:10:08"
D,METER_DATA,GEN_DUID,1,"2015/09/16 05:15:00",RPCG,10.148778,"2015/09/16 05:10:08"
D,METER_DATA,GEN_DUID,1,"2015/09/16 05:15:00",RUBICON,0,"2015/09/16 05:10:08"
D,METER_DATA,GEN_DUID,1,"2015/09/16 05:15:00",STARHLWF,1.699504,"2015/09/16 05:10:08"
D,METER_DATA,GEN_DUID,1,"2015/09/16 05:15:00",WAUBRAWF,12.8870,"2015/09/16 05:10:08"
D,METER_DATA,GEN_DUID,1,"2015/09/16 05:15:00",WOOLNTH1,13.550014,"2015/09/16 05:10:08"
D,METER_DATA,GEN_DUID,1,"2015/09/16 05:15:00",WPWF,6,"2015/09/16 05:10:08"
D,METER_DATA,GEN_DUID,1,"2015/09/16 05:15:00",YAMBUKWF,0.50,"2015/09/16 05:10:08"
D,METER_DATA,GEN_DUID,1,"2015/09/16 05:20:00",ANGAS1,0,"2015/09/16 05:15:10"
D,METER_DATA,GEN_DUID,1,"2015/09/16 05:20:00",ANGAS2,0,"2015/09/16 05:15:10"
D,METER_DATA,GEN_DUID,1,"2015/09/16 05:20:00",BUTLERSG,-0.000002,"2015/09/16 05:15:10"
D,METER_DATA,GEN_DUID,1,"2015/09/16 05:20:00",CALL_A_4,0,"2015/09/16 05:15:10"
D,METER_DATA,GEN_DUID,1,"2015/09/16 05:20:00",CAPTL_WF,0,"2015/09/16 05:15:10"
D,METER_DATA,GEN_DUID,1,"2015/09/16 05:20:00",CATHROCK,23.319998,"2015/09/16 05:15:10"
D,METER_DATA,GEN_DUID,1,"2015/09/16 05:20:00",CHALLHWF,0,"2015/09/16 05:15:10"
D,METER_DATA,GEN_DUID,1,"2015/09/16 05:20:00",CLOVER,-0.02,"2015/09/16 05:15:10"
D,METER_DATA,GEN_DUID,1,"2015/09/16 05:20:00",CLUNY,8.931251,"2015/09/16 05:15:10"
D,METER_DATA,GEN_DUID,1,"2015/09/16 05:20:00",CNUNDAWF,0,"2015/09/16 05:15:10"
D,METER_DATA,GEN_DUID,1,"2015/09/16 05:20:00",CULLRGWF,8.08,"2015/09/16 05:15:10"
D,METER_DATA,GEN_DUID,1,"2015/09/16 05:20:00",ERGT01,0,"2015/09/16 05:15:10"
D,METER_DATA,GEN_DUID,1,"2015/09/16 05:20:00",GB01,0.208096,"2015/09/16 05:15:10"
D,METER_DATA,GEN_DUID,1,"2015/09/16 05:20:00",GERMCRK,32.200001,"2015/09/16 05:15:10"
D,METER_DATA,GEN_DUID,1,"2015/09/16 05:20:00",INVICTA,37.075001,"2015/09/16 05:15:10"
D,METER_DATA,GEN_DUID,1,"2015/09/16 05:20:00",LKBONNY1,-0.449338,"2015/09/16 05:15:10"
D,METER_DATA,GEN_DUID,1,"2015/09/16 05:20:00",MBAHNTH,50.625004,"2015/09/16 05:15:10"
D,METER_DATA,GEN_DUID,1,"2015/09/16 05:20:00",MLWF1,0.66,"2015/09/16 05:15:10"
D,METER_DATA,GEN_DUID,1,"2015/09/16 05:20:00",MTMILLAR,40.183083,"2015/09/16 05:15:10"
D,METER_DATA,GEN_DUID,1,"2015/09/16 05:20:00",PALOONA,10.90,"2015/09/16 05:15:10"
D,METER_DATA,GEN_DUID,1,"2015/09/16 05:20:00",PIONEER,24.700001,"2015/09/16 05:15:10"
D,METER_DATA,GEN_DUID,1,"2015/09/16 05:20:00",PORTWF,3.60,"2015/09/16 05:15:10"
D,METER_DATA,GEN_DUID,1,"2015/09/16 05:20:00",REPULSE,14.367470,"2015/09/16 05:15:10"
D,METER_DATA,GEN_DUID,1,"2015/09/16 05:20:00",ROWALLAN,7.5828,"2015/09/16 05:15:10"
D,METER_DATA,GEN_DUID,1,"2015/09/16 05:20:00",RPCG,8.211689,"2015/09/16 05:15:10"
D,METER_DATA,GEN_DUID,1,"2015/09/16 05:20:00",RUBICON,0,"2015/09/16 05:15:10"
D,METER_DATA,GEN_DUID,1,"2015/09/16 05:20:00",STARHLWF,1.699504,"2015/09/16 05:15:10"
D,METER_DATA,GEN_DUID,1,"2015/09/16 05:20:00",WAUBRAWF,12.0390,"2015/09/16 05:15:10"
D,METER_DATA,GEN_DUID,1,"2015/09/16 05:20:00",WOOLNTH1,9.930016,"2015/09/16 05:15:10"
D,METER_DATA,GEN_DUID,1,"2015/09/16 05:20:00",WPWF,6,"2015/09/16 05:15:10"
D,METER_DATA,GEN_DUID,1,"2015/09/16 05:20:00",YAMBUKWF,0.50,"2015/09/16 05:15:10"
D,METER_DATA,GEN_DUID,1,"2015/09/16 05:25:00",ANGAS1,0,"2015/09/16 05:20:09"
D,METER_DATA,GEN_DUID,1,"2015/09/16 05:25:00",ANGAS2,0,"2015/09/16 05:20:09"
D,METER_DATA,GEN_DUID,1,"2015/09/16 05:25:00",BUTLERSG,-0.000002,"2015/09/16 05:20:09"
D,METER_DATA,GEN_DUID,1,"2015/09/16 05:25:00",CALL_A_4,0,"2015/09/16 05:20:09"
D,METER_DATA,GEN_DUID,1,"2015/09/16 05:25:00",CAPTL_WF,0,"2015/09/16 05:20:09"
D,METER_DATA,GEN_DUID,1,"2015/09/16 05:25:00",CATHROCK,24.269999,"2015/09/16 05:20:09"
D,METER_DATA,GEN_DUID,1,"2015/09/16 05:25:00",CHALLHWF,0,"2015/09/16 05:20:09"
D,METER_DATA,GEN_DUID,1,"2015/09/16 05:25:00",CLOVER,-0.02,"2015/09/16 05:20:09"
D,METER_DATA,GEN_DUID,1,"2015/09/16 05:25:00",CLUNY,8.631160,"2015/09/16 05:20:09"
D,METER_DATA,GEN_DUID,1,"2015/09/16 05:25:00",CNUNDAWF,0,"2015/09/16 05:20:09"
D,METER_DATA,GEN_DUID,1,"2015/09/16 05:25:00",CULLRGWF,7.67,"2015/09/16 05:20:09"
D,METER_DATA,GEN_DUID,1,"2015/09/16 05:25:00",ERGT01,0,"2015/09/16 05:20:09"
D,METER_DATA,GEN_DUID,1,"2015/09/16 05:25:00",GB01,0.208096,"2015/09/16 05:20:09"
D,METER_DATA,GEN_DUID,1,"2015/09/16 05:25:00",GERMCRK,32.099998,"2015/09/16 05:20:09"
D,METER_DATA,GEN_DUID,1,"2015/09/16 05:25:00",INVICTA,38.1250,"2015/09/16 05:20:09"
D,METER_DATA,GEN_DUID,1,"2015/09/16 05:25:00",LKBONNY1,-0.449338,"2015/09/16 05:20:09"
D,METER_DATA,GEN_DUID,1,"2015/09/16 05:25:00",MBAHNTH,50.625004,"2015/09/16 05:20:09"
D,METER_DATA,GEN_DUID,1,"2015/09/16 05:25:00",MLWF1,0.3450,"2015/09/16 05:20:09"
D,METER_DATA,GEN_DUID,1,"2015/09/16 05:25:00",MTMILLAR,39.885429,"2015/09/16 05:20:09"
D,METER_DATA,GEN_DUID,1,"2015/09/16 05:25:00",PALOONA,10.90,"2015/09/16 05:20:09"
D,METER_DATA,GEN_DUID,1,"2015/09/16 05:25:00",PIONEER,31.10,"2015/09/16 05:20:09"
D,METER_DATA,GEN_DUID,1,"2015/09/16 05:25:00",PORTWF,3.60,"2015/09/16 05:20:09"
D,METER_DATA,GEN_DUID,1,"2015/09/16 05:25:00",REPULSE,13.7196,"2015/09/16 05:20:09"
D,METER_DATA,GEN_DUID,1,"2015/09/16 05:25:00",ROWALLAN,7.2775,"2015/09/16 05:20:09"
D,METER_DATA,GEN_DUID,1,"2015/09/16 05:25:00",RPCG,8.121615,"2015/09/16 05:20:09"
D,METER_DATA,GEN_DUID,1,"2015/09/16 05:25:00",RUBICON,0,"2015/09/16 05:20:09"
D,METER_DATA,GEN_DUID,1,"2015/09/16 05:25:00",STARHLWF,1.699504,"2015/09/16 05:20:09"
D,METER_DATA,GEN_DUID,1,"2015/09/16 05:25:00",WAUBRAWF,11.4840,"2015/09/16 05:20:09"
D,METER_DATA,GEN_DUID,1,"2015/09/16 05:25:00",WOOLNTH1,9.630015,"2015/09/16 05:20:09"
D,METER_DATA,GEN_DUID,1,"2015/09/16 05:25:00",WPWF,6,"2015/09/16 05:20:09"
D,METER_DATA,GEN_DUID,1,"2015/09/16 05:25:00",YAMBUKWF,0.30,"2015/09/16 05:20:09"
D,METER_DATA,GEN_DUID,1,"2015/09/16 05:30:00",ANGAS1,0,"2015/09/16 05:25:10"
D,METER_DATA,GEN_DUID,1,"2015/09/16 05:30:00",ANGAS2,0,"2015/09/16 05:25:10"
D,METER_DATA,GEN_DUID,1,"2015/09/16 05:30:00",BUTLERSG,-0.000002,"2015/09/16 05:25:10"
D,METER_DATA,GEN_DUID,1,"2015/09/16 05:30:00",CALL_A_4,0,"2015/09/16 05:25:10"
D,METER_DATA,GEN_DUID,1,"2015/09/16 05:30:00",CAPTL_WF,0,"2015/09/16 05:25:10"
D,METER_DATA,GEN_DUID,1,"2015/09/16 05:30:00",CATHROCK,27.839998,"2015/09/16 05:25:10"
D,METER_DATA,GEN_DUID,1,"2015/09/16 05:30:00",CHALLHWF,0,"2015/09/16 05:25:10"
D,METER_DATA,GEN_DUID,1,"2015/09/16 05:30:00",CLOVER,-0.01,"2015/09/16 05:25:10"
D,METER_DATA,GEN_DUID,1,"2015/09/16 05:30:00",CLUNY,8.488260,"2015/09/16 05:25:10"
D,METER_DATA,GEN_DUID,1,"2015/09/16 05:30:00",CNUNDAWF,0,"2015/09/16 05:25:10"
D,METER_DATA,GEN_DUID,1,"2015/09/16 05:30:00",CULLRGWF,6.04,"2015/09/16 05:25:10"
D,METER_DATA,GEN_DUID,1,"2015/09/16 05:30:00",ERGT01,0,"2015/09/16 05:25:10"
D,METER_DATA,GEN_DUID,1,"2015/09/16 05:30:00",GB01,0.208096,"2015/09/16 05:25:10"
D,METER_DATA,GEN_DUID,1,"2015/09/16 05:30:00",GERMCRK,31.799999,"2015/09/16 05:25:10"
D,METER_DATA,GEN_DUID,1,"2015/09/16 05:30:00",INVICTA,37.025002,"2015/09/16 05:25:10"
D,METER_DATA,GEN_DUID,1,"2015/09/16 05:30:00",LKBONNY1,-0.449338,"2015/09/16 05:25:10"
D,METER_DATA,GEN_DUID,1,"2015/09/16 05:30:00",MBAHNTH,50.625004,"2015/09/16 05:25:10"
D,METER_DATA,GEN_DUID,1,"2015/09/16 05:30:00",MLWF1,0.4350,"2015/09/16 05:25:10"
D,METER_DATA,GEN_DUID,1,"2015/09/16 05:30:00",MTMILLAR,36.990761,"2015/09/16 05:25:10"
D,METER_DATA,GEN_DUID,1,"2015/09/16 05:30:00",PALOONA,10.90,"2015/09/16 05:25:10"
D,METER_DATA,GEN_DUID,1,"2015/09/16 05:30:00",PIONEER,25.60,"2015/09/16 05:25:10"
D,METER_DATA,GEN_DUID,1,"2015/09/16 05:30:00",PORTWF,2.60,"2015/09/16 05:25:10"
D,METER_DATA,GEN_DUID,1,"2015/09/16 05:30:00",REPULSE,14.081645,"2015/09/16 05:25:10"
D,METER_DATA,GEN_DUID,1,"2015/09/16 05:30:00",ROWALLAN,7.2846,"2015/09/16 05:25:10"
D,METER_DATA,GEN_DUID,1,"2015/09/16 05:30:00",RPCG,8.238384,"2015/09/16 05:25:10"
D,METER_DATA,GEN_DUID,1,"2015/09/16 05:30:00",RUBICON,0,"2015/09/16 05:25:10"
D,METER_DATA,GEN_DUID,1,"2015/09/16 05:30:00",STARHLWF,1.699504,"2015/09/16 05:25:10"
D,METER_DATA,GEN_DUID,1,"2015/09/16 05:30:00",WAUBRAWF,11.3610,"2015/09/16 05:25:10"
D,METER_DATA,GEN_DUID,1,"2015/09/16 05:30:00",WOOLNTH1,10.330015,"2015/09/16 05:25:10"
D,METER_DATA,GEN_DUID,1,"2015/09/16 05:30:00",WPWF,6,"2015/09/16 05:25:10"
D,METER_DATA,GEN_DUID,1,"2015/09/16 05:30:00",YAMBUKWF,0.30,"2015/09/16 05:25:10"
D,METER_DATA,GEN_DUID,1,"2015/09/16 05:35:00",ANGAS1,0,"2015/09/16 05:30:09"
D,METER_DATA,GEN_DUID,1,"2015/09/16 05:35:00",ANGAS2,0,"2015/09/16 05:30:09"
D,METER_DATA,GEN_DUID,1,"2015/09/16 05:35:00",BUTLERSG,-0.000002,"2015/09/16 05:30:09"
D,METER_DATA,GEN_DUID,1,"2015/09/16 05:35:00",CALL_A_4,0,"2015/09/16 05:30:09"
D,METER_DATA,GEN_DUID,1,"2015/09/16 05:35:00",CAPTL_WF,0,"2015/09/16 05:30:09"
D,METER_DATA,GEN_DUID,1,"2015/09/16 05:35:00",CATHROCK,25.689999,"2015/09/16 05:30:09"
D,METER_DATA,GEN_DUID,1,"2015/09/16 05:35:00",CHALLHWF,0,"2015/09/16 05:30:09"
D,METER_DATA,GEN_DUID,1,"2015/09/16 05:35:00",CLOVER,-0.01,"2015/09/16 05:30:09"
D,METER_DATA,GEN_DUID,1,"2015/09/16 05:35:00",CLUNY,8.945540,"2015/09/16 05:30:09"
D,METER_DATA,GEN_DUID,1,"2015/09/16 05:35:00",CNUNDAWF,0,"2015/09/16 05:30:09"
D,METER_DATA,GEN_DUID,1,"2015/09/16 05:35:00",CULLRGWF,5.43,"2015/09/16 05:30:09"
D,METER_DATA,GEN_DUID,1,"2015/09/16 05:35:00",ERGT01,0,"2015/09/16 05:30:09"
D,METER_DATA,GEN_DUID,1,"2015/09/16 05:35:00",GB01,0.208096,"2015/09/16 05:30:09"
D,METER_DATA,GEN_DUID,1,"2015/09/16 05:35:00",GERMCRK,31.700001,"2015/09/16 05:30:09"
D,METER_DATA,GEN_DUID,1,"2015/09/16 05:35:00",INVICTA,37.025002,"2015/09/16 05:30:09"
D,METER_DATA,GEN_DUID,1,"2015/09/16 05:35:00",LKBONNY1,-0.449338,"2015/09/16 05:30:09"
D,METER_DATA,GEN_DUID,1,"2015/09/16 05:35:00",MBAHNTH,50.625004,"2015/09/16 05:30:09"
D,METER_DATA,GEN_DUID,1,"2015/09/16 05:35:00",MLWF1,0.4350,"2015/09/16 05:30:09"
D,METER_DATA,GEN_DUID,1,"2015/09/16 05:35:00",MTMILLAR,42.921486,"2015/09/16 05:30:09"
D,METER_DATA,GEN_DUID,1,"2015/09/16 05:35:00",PALOONA,10.90,"2015/09/16 05:30:09"
D,METER_DATA,GEN_DUID,1,"2015/09/16 05:35:00",PIONEER,23.60,"2015/09/16 05:30:09"
D,METER_DATA,GEN_DUID,1,"2015/09/16 05:35:00",PORTWF,2.60,"2015/09/16 05:30:09"
D,METER_DATA,GEN_DUID,1,"2015/09/16 05:35:00",REPULSE,14.939119,"2015/09/16 05:30:09"
D,METER_DATA,GEN_DUID,1,"2015/09/16 05:35:00",ROWALLAN,7.81,"2015/09/16 05:30:09"
D,METER_DATA,GEN_DUID,1,"2015/09/16 05:35:00",RPCG,4.059382,"2015/09/16 05:30:09"
D,METER_DATA,GEN_DUID,1,"2015/09/16 05:35:00",RUBICON,0,"2015/09/16 05:30:09"
D,METER_DATA,GEN_DUID,1,"2015/09/16 05:35:00",STARHLWF,1.499563,"2015/09/16 05:30:09"
D,METER_DATA,GEN_DUID,1,"2015/09/16 05:35:00",WAUBRAWF,9.4480,"2015/09/16 05:30:09"
D,METER_DATA,GEN_DUID,1,"2015/09/16 05:35:00",WOOLNTH1,9.030015,"2015/09/16 05:30:09"
D,METER_DATA,GEN_DUID,1,"2015/09/16 05:35:00",WPWF,6,"2015/09/16 05:30:09"
D,METER_DATA,GEN_DUID,1,"2015/09/16 05:35:00",YAMBUKWF,0.50,"2015/09/16 05:30:09"
D,METER_DATA,GEN_DUID,1,"2015/09/16 05:40:00",ANGAS1,0,"2015/09/16 05:35:08"
D,METER_DATA,GEN_DUID,1,"2015/09/16 05:40:00",ANGAS2,0,"2015/09/16 05:35:08"
D,METER_DATA,GEN_DUID,1,"2015/09/16 05:40:00",BUTLERSG,-0.000002,"2015/09/16 05:35:08"
D,METER_DATA,GEN_DUID,1,"2015/09/16 05:40:00",CALL_A_4,0,"2015/09/16 05:35:08"
D,METER_DATA,GEN_DUID,1,"2015/09/16 05:40:00",CAPTL_WF,0,"2015/09/16 05:35:08"
D,METER_DATA,GEN_DUID,1,"2015/09/16 05:40:00",CATHROCK,23.409998,"2015/09/16 05:35:08"
D,METER_DATA,GEN_DUID,1,"2015/09/16 05:40:00",CHALLHWF,0,"2015/09/16 05:35:08"
D,METER_DATA,GEN_DUID,1,"2015/09/16 05:40:00",CLOVER,-0.02,"2015/09/16 05:35:08"
D,METER_DATA,GEN_DUID,1,"2015/09/16 05:40:00",CLUNY,8.674030,"2015/09/16 05:35:08"
D,METER_DATA,GEN_DUID,1,"2015/09/16 05:40:00",CNUNDAWF,0,"2015/09/16 05:35:08"
D,METER_DATA,GEN_DUID,1,"2015/09/16 05:40:00",CULLRGWF,4.89,"2015/09/16 05:35:08"
D,METER_DATA,GEN_DUID,1,"2015/09/16 05:40:00",ERGT01,0,"2015/09/16 05:35:08"
D,METER_DATA,GEN_DUID,1,"2015/09/16 05:40:00",GB01,0.208096,"2015/09/16 05:35:08"
D,METER_DATA,GEN_DUID,1,"2015/09/16 05:40:00",GERMCRK,31.700001,"2015/09/16 05:35:08"
D,METER_DATA,GEN_DUID,1,"2015/09/16 05:40:00",INVICTA,37.025002,"2015/09/16 05:35:08"
D,METER_DATA,GEN_DUID,1,"2015/09/16 05:40:00",LKBONNY1,-0.449338,"2015/09/16 05:35:08"
D,METER_DATA,GEN_DUID,1,"2015/09/16 05:40:00",MBAHNTH,50.625004,"2015/09/16 05:35:08"
D,METER_DATA,GEN_DUID,1,"2015/09/16 05:40:00",MLWF1,0.7350,"2015/09/16 05:35:08"
D,METER_DATA,GEN_DUID,1,"2015/09/16 05:40:00",MTMILLAR,54.276924,"2015/09/16 05:35:08"
D,METER_DATA,GEN_DUID,1,"2015/09/16 05:40:00",PALOONA,10.90,"2015/09/16 05:35:08"
D,METER_DATA,GEN_DUID,1,"2015/09/16 05:40:00",PIONEER,26.50,"2015/09/16 05:35:08"
D,METER_DATA,GEN_DUID,1,"2015/09/16 05:40:00",PORTWF,1.60,"2015/09/16 05:35:08"
D,METER_DATA,GEN_DUID,1,"2015/09/16 05:40:00",REPULSE,13.147950,"2015/09/16 05:35:08"
D,METER_DATA,GEN_DUID,1,"2015/09/16 05:40:00",ROWALLAN,7.4834,"2015/09/16 05:35:08"
D,METER_DATA,GEN_DUID,1,"2015/09/16 05:40:00",RPCG,7.019894,"2015/09/16 05:35:08"
D,METER_DATA,GEN_DUID,1,"2015/09/16 05:40:00",RUBICON,0,"2015/09/16 05:35:08"
D,METER_DATA,GEN_DUID,1,"2015/09/16 05:40:00",STARHLWF,1.499563,"2015/09/16 05:35:08"
D,METER_DATA,GEN_DUID,1,"2015/09/16 05:40:00",WAUBRAWF,7.6880,"2015/09/16 05:35:08"
D,METER_DATA,GEN_DUID,1,"2015/09/16 05:40:00",WOOLNTH1,7.660015,"2015/09/16 05:35:08"
D,METER_DATA,GEN_DUID,1,"2015/09/16 05:40:00",WPWF,7,"2015/09/16 05:35:08"
D,METER_DATA,GEN_DUID,1,"2015/09/16 05:40:00",YAMBUKWF,0.80,"2015/09/16 05:35:08"
D,METER_DATA,GEN_DUID,1,"2015/09/16 05:45:00",ANGAS1,0,"2015/09/16 05:40:13"
D,METER_DATA,GEN_DUID,1,"2015/09/16 05:45:00",ANGAS2,0,"2015/09/16 05:40:13"
D,METER_DATA,GEN_DUID,1,"2015/09/16 05:45:00",BUTLERSG,-0.000002,"2015/09/16 05:40:13"
D,METER_DATA,GEN_DUID,1,"2015/09/16 05:45:00",CALL_A_4,0,"2015/09/16 05:40:13"
D,METER_DATA,GEN_DUID,1,"2015/09/16 05:45:00",CAPTL_WF,0,"2015/09/16 05:40:13"
D,METER_DATA,GEN_DUID,1,"2015/09/16 05:45:00",CATHROCK,24.129999,"2015/09/16 05:40:13"
D,METER_DATA,GEN_DUID,1,"2015/09/16 05:45:00",CHALLHWF,0,"2015/09/16 05:40:13"
D,METER_DATA,GEN_DUID,1,"2015/09/16 05:45:00",CLOVER,-0.02,"2015/09/16 05:40:13"
D,METER_DATA,GEN_DUID,1,"2015/09/16 05:45:00",CLUNY,8.945540,"2015/09/16 05:40:13"
D,METER_DATA,GEN_DUID,1,"2015/09/16 05:45:00",CNUNDAWF,0,"2015/09/16 05:40:13"
D,METER_DATA,GEN_DUID,1,"2015/09/16 05:45:00",CULLRGWF,4.92,"2015/09/16 05:40:13"
D,METER_DATA,GEN_DUID,1,"2015/09/16 05:45:00",ERGT01,0,"2015/09/16 05:40:13"
D,METER_DATA,GEN_DUID,1,"2015/09/16 05:45:00",GB01,0.208096,"2015/09/16 05:40:13"
D,METER_DATA,GEN_DUID,1,"2015/09/16 05:45:00",GERMCRK,32.299999,"2015/09/16 05:40:13"
D,METER_DATA,GEN_DUID,1,"2015/09/16 05:45:00",INVICTA,38.1250,"2015/09/16 05:40:13"
D,METER_DATA,GEN_DUID,1,"2015/09/16 05:45:00",LKBONNY1,-0.449338,"2015/09/16 05:40:13"
D,METER_DATA,GEN_DUID,1,"2015/09/16 05:45:00",MBAHNTH,50.625004,"2015/09/16 05:40:13"
D,METER_DATA,GEN_DUID,1,"2015/09/16 05:45:00",MLWF1,0.7350,"2015/09/16 05:40:13"
D,METER_DATA,GEN_DUID,1,"2015/09/16 05:45:00",MTMILLAR,58.525913,"2015/09/16 05:40:13"
D,METER_DATA,GEN_DUID,1,"2015/09/16 05:45:00",PALOONA,10.90,"2015/09/16 05:40:13"
D,METER_DATA,GEN_DUID,1,"2015/09/16 05:45:00",PIONEER,25.50,"2015/09/16 05:40:13"
D,METER_DATA,GEN_DUID,1,"2015/09/16 05:45:00",PORTWF,1.30,"2015/09/16 05:40:13"
D,METER_DATA,GEN_DUID,1,"2015/09/16 05:45:00",REPULSE,13.967315,"2015/09/16 05:40:13"
D,METER_DATA,GEN_DUID,1,"2015/09/16 05:45:00",ROWALLAN,7.6396,"2015/09/16 05:40:13"
D,METER_DATA,GEN_DUID,1,"2015/09/16 05:45:00",RPCG,7.103791,"2015/09/16 05:40:13"
D,METER_DATA,GEN_DUID,1,"2015/09/16 05:45:00",RUBICON,0,"2015/09/16 05:40:13"
D,METER_DATA,GEN_DUID,1,"2015/09/16 05:45:00",STARHLWF,1.799475,"2015/09/16 05:40:13"
D,METER_DATA,GEN_DUID,1,"2015/09/16 05:45:00",WAUBRAWF,4.5890,"2015/09/16 05:40:13"
D,METER_DATA,GEN_DUID,1,"2015/09/16 05:45:00",WOOLNTH1,7.450015,"2015/09/16 05:40:13"
D,METER_DATA,GEN_DUID,1,"2015/09/16 05:45:00",WPWF,9,"2015/09/16 05:40:13"
D,METER_DATA,GEN_DUID,1,"2015/09/16 05:45:00",YAMBUKWF,1.40,"2015/09/16 05:40:13"
D,METER_DATA,GEN_DUID,1,"2015/09/16 05:50:00",ANGAS1,0,"2015/09/16 05:45:08"
D,METER_DATA,GEN_DUID,1,"2015/09/16 05:50:00",ANGAS2,0,"2015/09/16 05:45:08"
D,METER_DATA,GEN_DUID,1,"2015/09/16 05:50:00",BUTLERSG,-0.000002,"2015/09/16 05:45:08"
D,METER_DATA,GEN_DUID,1,"2015/09/16 05:50:00",CALL_A_4,0,"2015/09/16 05:45:08"
D,METER_DATA,GEN_DUID,1,"2015/09/16 05:50:00",CAPTL_WF,0,"2015/09/16 05:45:08"
D,METER_DATA,GEN_DUID,1,"2015/09/16 05:50:00",CATHROCK,27.049999,"2015/09/16 05:45:08"
D,METER_DATA,GEN_DUID,1,"2015/09/16 05:50:00",CHALLHWF,0,"2015/09/16 05:45:08"
D,METER_DATA,GEN_DUID,1,"2015/09/16 05:50:00",CLOVER,0,"2015/09/16 05:45:08"
D,METER_DATA,GEN_DUID,1,"2015/09/16 05:50:00",CLUNY,8.702610,"2015/09/16 05:45:08"
D,METER_DATA,GEN_DUID,1,"2015/09/16 05:50:00",CNUNDAWF,0,"2015/09/16 05:45:08"
D,METER_DATA,GEN_DUID,1,"2015/09/16 05:50:00",CULLRGWF,5.57,"2015/09/16 05:45:08"
D,METER_DATA,GEN_DUID,1,"2015/09/16 05:50:00",ERGT01,0,"2015/09/16 05:45:08"
D,METER_DATA,GEN_DUID,1,"2015/09/16 05:50:00",GB01,0.208096,"2015/09/16 05:45:08"
D,METER_DATA,GEN_DUID,1,"2015/09/16 05:50:00",GERMCRK,31.700001,"2015/09/16 05:45:08"
D,METER_DATA,GEN_DUID,1,"2015/09/16 05:50:00",INVICTA,38.1250,"2015/09/16 05:45:08"
D,METER_DATA,GEN_DUID,1,"2015/09/16 05:50:00",LKBONNY1,-0.360028,"2015/09/16 05:45:08"
D,METER_DATA,GEN_DUID,1,"2015/09/16 05:50:00",MBAHNTH,50.625004,"2015/09/16 05:45:08"
D,METER_DATA,GEN_DUID,1,"2015/09/16 05:50:00",MLWF1,0.63,"2015/09/16 05:45:08"
D,METER_DATA,GEN_DUID,1,"2015/09/16 05:50:00",MTMILLAR,56.948357,"2015/09/16 05:45:08"
D,METER_DATA,GEN_DUID,1,"2015/09/16 05:50:00",PALOONA,11.03,"2015/09/16 05:45:08"
D,METER_DATA,GEN_DUID,1,"2015/09/16 05:50:00",PIONEER,26.60,"2015/09/16 05:45:08"
D,METER_DATA,GEN_DUID,1,"2015/09/16 05:50:00",PORTWF,1,"2015/09/16 05:45:08"
D,METER_DATA,GEN_DUID,1,"2015/09/16 05:50:00",REPULSE,13.662435,"2015/09/16 05:45:08"
D,METER_DATA,GEN_DUID,1,"2015/09/16 05:50:00",ROWALLAN,7.4621,"2015/09/16 05:45:08"
D,METER_DATA,GEN_DUID,1,"2015/09/16 05:50:00",RPCG,8.478313,"2015/09/16 05:45:08"
D,METER_DATA,GEN_DUID,1,"2015/09/16 05:50:00",RUBICON,0,"2015/09/16 05:45:08"
D,METER_DATA,GEN_DUID,1,"2015/09/16 05:50:00",STARHLWF,1.799475,"2015/09/16 05:45:08"
D,METER_DATA,GEN_DUID,1,"2015/09/16 05:50:00",WAUBRAWF,3.13,"2015/09/16 05:45:08"
D,METER_DATA,GEN_DUID,1,"2015/09/16 05:50:00",WOOLNTH1,7.670015,"2015/09/16 05:45:08"
D,METER_DATA,GEN_DUID,1,"2015/09/16 05:50:00",WPWF,9,"2015/09/16 05:45:08"
D,METER_DATA,GEN_DUID,1,"2015/09/16 05:50:00",YAMBUKWF,1.30,"2015/09/16 05:45:08"
D,METER_DATA,GEN_DUID,1,"2015/09/16 05:55:00",ANGAS1,0,"2015/09/16 05:50:07"
D,METER_DATA,GEN_DUID,1,"2015/09/16 05:55:00",ANGAS2,0,"2015/09/16 05:50:07"
D,METER_DATA,GEN_DUID,1,"2015/09/16 05:55:00",BUTLERSG,-0.000002,"2015/09/16 05:50:07"
D,METER_DATA,GEN_DUID,1,"2015/09/16 05:55:00",CALL_A_4,0,"2015/09/16 05:50:07"
D,METER_DATA,GEN_DUID,1,"2015/09/16 05:55:00",CAPTL_WF,0,"2015/09/16 05:50:07"
D,METER_DATA,GEN_DUID,1,"2015/09/16 05:55:00",CATHROCK,23.549999,"2015/09/16 05:50:07"
D,METER_DATA,GEN_DUID,1,"2015/09/16 05:55:00",CHALLHWF,0,"2015/09/16 05:50:07"
D,METER_DATA,GEN_DUID,1,"2015/09/16 05:55:00",CLOVER,-0.01,"2015/09/16 05:50:07"
D,METER_DATA,GEN_DUID,1,"2015/09/16 05:55:00",CLUNY,8.774060,"2015/09/16 05:50:07"
D,METER_DATA,GEN_DUID,1,"2015/09/16 05:55:00",CNUNDAWF,0,"2015/09/16 05:50:07"
D,METER_DATA,GEN_DUID,1,"2015/09/16 05:55:00",CULLRGWF,6.01,"2015/09/16 05:50:07"
D,METER_DATA,GEN_DUID,1,"2015/09/16 05:55:00",ERGT01,0,"2015/09/16 05:50:07"
D,METER_DATA,GEN_DUID,1,"2015/09/16 05:55:00",GB01,0.208096,"2015/09/16 05:50:07"
D,METER_DATA,GEN_DUID,1,"2015/09/16 05:55:00",GERMCRK,32,"2015/09/16 05:50:07"
D,METER_DATA,GEN_DUID,1,"2015/09/16 05:55:00",INVICTA,38.1250,"2015/09/16 05:50:07"
D,METER_DATA,GEN_DUID,1,"2015/09/16 05:55:00",LKBONNY1,-0.360028,"2015/09/16 05:50:07"
D,METER_DATA,GEN_DUID,1,"2015/09/16 05:55:00",MBAHNTH,50.625004,"2015/09/16 05:50:07"
D,METER_DATA,GEN_DUID,1,"2015/09/16 05:55:00",MLWF1,0.9450,"2015/09/16 05:50:07"
D,METER_DATA,GEN_DUID,1,"2015/09/16 05:55:00",MTMILLAR,55.579155,"2015/09/16 05:50:07"
D,METER_DATA,GEN_DUID,1,"2015/09/16 05:55:00",PALOONA,10.92,"2015/09/16 05:50:07"
D,METER_DATA,GEN_DUID,1,"2015/09/16 05:55:00",PIONEER,26.60,"2015/09/16 05:50:07"
D,METER_DATA,GEN_DUID,1,"2015/09/16 05:55:00",PORTWF,0.70,"2015/09/16 05:50:07"
D,METER_DATA,GEN_DUID,1,"2015/09/16 05:55:00",REPULSE,14.081645,"2015/09/16 05:50:07"
D,METER_DATA,GEN_DUID,1,"2015/09/16 05:55:00",ROWALLAN,7.4550,"2015/09/16 05:50:07"
D,METER_DATA,GEN_DUID,1,"2015/09/16 05:55:00",RPCG,10.323679,"2015/09/16 05:50:07"
D,METER_DATA,GEN_DUID,1,"2015/09/16 05:55:00",RUBICON,0,"2015/09/16 05:50:07"
D,METER_DATA,GEN_DUID,1,"2015/09/16 05:55:00",STARHLWF,1.799475,"2015/09/16 05:50:07"
D,METER_DATA,GEN_DUID,1,"2015/09/16 05:55:00",WAUBRAWF,3.0840,"2015/09/16 05:50:07"
D,METER_DATA,GEN_DUID,1,"2015/09/16 05:55:00",WOOLNTH1,4.860015,"2015/09/16 05:50:07"
D,METER_DATA,GEN_DUID,1,"2015/09/16 05:55:00",WPWF,10,"2015/09/16 05:50:07"
D,METER_DATA,GEN_DUID,1,"2015/09/16 05:55:00",YAMBUKWF,1.40,"2015/09/16 05:50:07"
D,METER_DATA,GEN_DUID,1,"2015/09/16 06:00:00",ANGAS1,0,"2015/09/16 05:55:08"
D,METER_DATA,GEN_DUID,1,"2015/09/16 06:00:00",ANGAS2,0,"2015/09/16 05:55:08"
D,METER_DATA,GEN_DUID,1,"2015/09/16 06:00:00",BUTLERSG,-0.000002,"2015/09/16 05:55:08"
D,METER_DATA,GEN_DUID,1,"2015/09/16 06:00:00",CALL_A_4,0,"2015/09/16 05:55:08"
D,METER_DATA,GEN_DUID,1,"2015/09/16 06:00:00",CAPTL_WF,0,"2015/09/16 05:55:08"
D,METER_DATA,GEN_DUID,1,"2015/09/16 06:00:00",CATHROCK,18.309999,"2015/09/16 05:55:08"
D,METER_DATA,GEN_DUID,1,"2015/09/16 06:00:00",CHALLHWF,0,"2015/09/16 05:55:08"
D,METER_DATA,GEN_DUID,1,"2015/09/16 06:00:00",CLOVER,0.62,"2015/09/16 05:55:08"
D,METER_DATA,GEN_DUID,1,"2015/09/16 06:00:00",CLUNY,8.802640,"2015/09/16 05:55:08"
D,METER_DATA,GEN_DUID,1,"2015/09/16 06:00:00",CNUNDAWF,0,"2015/09/16 05:55:08"
D,METER_DATA,GEN_DUID,1,"2015/09/16 06:00:00",CULLRGWF,6.29,"2015/09/16 05:55:08"
D,METER_DATA,GEN_DUID,1,"2015/09/16 06:00:00",ERGT01,0,"2015/09/16 05:55:08"
D,METER_DATA,GEN_DUID,1,"2015/09/16 06:00:00",GB01,0.208096,"2015/09/16 05:55:08"
D,METER_DATA,GEN_DUID,1,"2015/09/16 06:00:00",GERMCRK,31.90,"2015/09/16 05:55:08"
D,METER_DATA,GEN_DUID,1,"2015/09/16 06:00:00",INVICTA,38.1250,"2015/09/16 05:55:08"
D,METER_DATA,GEN_DUID,1,"2015/09/16 06:00:00",LKBONNY1,-0.360028,"2015/09/16 05:55:08"
D,METER_DATA,GEN_DUID,1,"2015/09/16 06:00:00",MBAHNTH,50.625004,"2015/09/16 05:55:08"
D,METER_DATA,GEN_DUID,1,"2015/09/16 06:00:00",MLWF1,1.05,"2015/09/16 05:55:08"
D,METER_DATA,GEN_DUID,1,"2015/09/16 06:00:00",MTMILLAR,55.690773,"2015/09/16 05:55:08"
D,METER_DATA,GEN_DUID,1,"2015/09/16 06:00:00",PALOONA,10.92,"2015/09/16 05:55:08"
D,METER_DATA,GEN_DUID,1,"2015/09/16 06:00:00",PIONEER,20.200001,"2015/09/16 05:55:08"
D,METER_DATA,GEN_DUID,1,"2015/09/16 06:00:00",PORTWF,1.30,"2015/09/16 05:55:08"
D,METER_DATA,GEN_DUID,1,"2015/09/16 06:00:00",REPULSE,14.291249,"2015/09/16 05:55:08"
D,METER_DATA,GEN_DUID,1,"2015/09/16 06:00:00",ROWALLAN,7.5828,"2015/09/16 05:55:08"
D,METER_DATA,GEN_DUID,1,"2015/09/16 06:00:00",RPCG,10.214866,"2015/09/16 05:55:08"
D,METER_DATA,GEN_DUID,1,"2015/09/16 06:00:00",RUBICON,0,"2015/09/16 05:55:08"
D,METER_DATA,GEN_DUID,1,"2015/09/16 06:00:00",STARHLWF,1.799475,"2015/09/16 05:55:08"
D,METER_DATA,GEN_DUID,1,"2015/09/16 06:00:00",WAUBRAWF,2.1330,"2015/09/16 05:55:08"
D,METER_DATA,GEN_DUID,1,"2015/09/16 06:00:00",WOOLNTH1,6.810015,"2015/09/16 05:55:08"
D,METER_DATA,GEN_DUID,1,"2015/09/16 06:00:00",WPWF,8,"2015/09/16 05:55:08"
D,METER_DATA,GEN_DUID,1,"2015/09/16 06:00:00",YAMBUKWF,1.20,"2015/09/16 05:55:08"
D,METER_DATA,GEN_DUID,1,"2015/09/16 06:05:00",ANGAS1,0,"2015/09/16 06:00:07"
D,METER_DATA,GEN_DUID,1,"2015/09/16 06:05:00",ANGAS2,0,"2015/09/16 06:00:07"
D,METER_DATA,GEN_DUID,1,"2015/09/16 06:05:00",BUTLERSG,-0.000002,"2015/09/16 06:00:07"
D,METER_DATA,GEN_DUID,1,"2015/09/16 06:05:00",CALL_A_4,0,"2015/09/16 06:00:07"
D,METER_DATA,GEN_DUID,1,"2015/09/16 06:05:00",CAPTL_WF,0,"2015/09/16 06:00:07"
D,METER_DATA,GEN_DUID,1,"2015/09/16 06:05:00",CATHROCK,13.839999,"2015/09/16 06:00:07"
D,METER_DATA,GEN_DUID,1,"2015/09/16 06:05:00",CHALLHWF,0,"2015/09/16 06:00:07"
D,METER_DATA,GEN_DUID,1,"2015/09/16 06:05:00",CLOVER,9.72,"2015/09/16 06:00:07"
D,METER_DATA,GEN_DUID,1,"2015/09/16 06:05:00",CLUNY,8.745481,"2015/09/16 06:00:07"
D,METER_DATA,GEN_DUID,1,"2015/09/16 06:05:00",CNUNDAWF,0,"2015/09/16 06:00:07"
D,METER_DATA,GEN_DUID,1,"2015/09/16 06:05:00",CULLRGWF,6.53,"2015/09/16 06:00:07"
D,METER_DATA,GEN_DUID,1,"2015/09/16 06:05:00",ERGT01,0,"2015/09/16 06:00:07"
D,METER_DATA,GEN_DUID,1,"2015/09/16 06:05:00",GB01,0.208096,"2015/09/16 06:00:07"
D,METER_DATA,GEN_DUID,1,"2015/09/16 06:05:00",GERMCRK,32,"2015/09/16 06:00:07"
D,METER_DATA,GEN_DUID,1,"2015/09/16 06:05:00",INVICTA,38.1250,"2015/09/16 06:00:07"
D,METER_DATA,GEN_DUID,1,"2015/09/16 06:05:00",LKBONNY1,-0.0921,"2015/09/16 06:00:07"
D,METER_DATA,GEN_DUID,1,"2015/09/16 06:05:00",MBAHNTH,50.625004,"2015/09/16 06:00:07"
D,METER_DATA,GEN_DUID,1,"2015/09/16 06:05:00",MLWF1,1.2750,"2015/09/16 06:00:07"
D,METER_DATA,GEN_DUID,1,"2015/09/16 06:05:00",MTMILLAR,54.515049,"2015/09/16 06:00:07"
D,METER_DATA,GEN_DUID,1,"2015/09/16 06:05:00",PALOONA,10.92,"2015/09/16 06:00:07"
D,METER_DATA,GEN_DUID,1,"2015/09/16 06:05:00",PIONEER,22.10,"2015/09/16 06:00:07"
D,METER_DATA,GEN_DUID,1,"2015/09/16 06:05:00",PORTWF,2.20,"2015/09/16 06:00:07"
D,METER_DATA,GEN_DUID,1,"2015/09/16 06:05:00",REPULSE,13.948259,"2015/09/16 06:00:07"
D,METER_DATA,GEN_DUID,1,"2015/09/16 06:05:00",ROWALLAN,7.4337,"2015/09/16 06:00:07"
D,METER_DATA,GEN_DUID,1,"2015/09/16 06:05:00",RPCG,5.941541,"2015/09/16 06:00:07"
D,METER_DATA,GEN_DUID,1,"2015/09/16 06:05:00",RUBICON,0,"2015/09/16 06:00:07"
D,METER_DATA,GEN_DUID,1,"2015/09/16 06:05:00",STARHLWF,2.199359,"2015/09/16 06:00:07"
D,METER_DATA,GEN_DUID,1,"2015/09/16 06:05:00",WAUBRAWF,1.7910,"2015/09/16 06:00:07"
D,METER_DATA,GEN_DUID,1,"2015/09/16 06:05:00",WOOLNTH1,4.600015,"2015/09/16 06:00:07"
D,METER_DATA,GEN_DUID,1,"2015/09/16 06:05:00",WPWF,9,"2015/09/16 06:00:07"
D,METER_DATA,GEN_DUID,1,"2015/09/16 06:05:00",YAMBUKWF,1,"2015/09/16 06:00:07"
D,METER_DATA,GEN_DUID,1,"2015/09/16 06:10:00",ANGAS1,0,"2015/09/16 06:05:08"
D,METER_DATA,GEN_DUID,1,"2015/09/16 06:10:00",ANGAS2,0,"2015/09/16 06:05:08"
D,METER_DATA,GEN_DUID,1,"2015/09/16 06:10:00",BUTLERSG,-0.000002,"2015/09/16 06:05:08"
D,METER_DATA,GEN_DUID,1,"2015/09/16 06:10:00",CALL_A_4,0,"2015/09/16 06:05:08"
D,METER_DATA,GEN_DUID,1,"2015/09/16 06:10:00",CAPTL_WF,0,"2015/09/16 06:05:08"
D,METER_DATA,GEN_DUID,1,"2015/09/16 06:10:00",CATHROCK,12.559999,"2015/09/16 06:05:08"
D,METER_DATA,GEN_DUID,1,"2015/09/16 06:10:00",CHALLHWF,0,"2015/09/16 06:05:08"
D,METER_DATA,GEN_DUID,1,"2015/09/16 06:10:00",CLOVER,9.53,"2015/09/16 06:05:08"
D,METER_DATA,GEN_DUID,1,"2015/09/16 06:10:00",CLUNY,9.217051,"2015/09/16 06:05:08"
D,METER_DATA,GEN_DUID,1,"2015/09/16 06:10:00",CNUNDAWF,0,"2015/09/16 06:05:08"
D,METER_DATA,GEN_DUID,1,"2015/09/16 06:10:00",CULLRGWF,6.61,"2015/09/16 06:05:08"
D,METER_DATA,GEN_DUID,1,"2015/09/16 06:10:00",ERGT01,0,"2015/09/16 06:05:08"
D,METER_DATA,GEN_DUID,1,"2015/09/16 06:10:00",GB01,0.208096,"2015/09/16 06:05:08"
D,METER_DATA,GEN_DUID,1,"2015/09/16 06:10:00",GERMCRK,31.799999,"2015/09/16 06:05:08"
D,METER_DATA,GEN_DUID,1,"2015/09/16 06:10:00",INVICTA,38.1250,"2015/09/16 06:05:08"
D,METER_DATA,GEN_DUID,1,"2015/09/16 06:10:00",LKBONNY1,-0.181410,"2015/09/16 06:05:08"
D,METER_DATA,GEN_DUID,1,"2015/09/16 06:10:00",MBAHNTH,50.625004,"2015/09/16 06:05:08"
D,METER_DATA,GEN_DUID,1,"2015/09/16 06:10:00",MLWF1,1.1850,"2015/09/16 06:05:08"
D,METER_DATA,GEN_DUID,1,"2015/09/16 06:10:00",MTMILLAR,55.8396,"2015/09/16 06:05:08"
D,METER_DATA,GEN_DUID,1,"2015/09/16 06:10:00",PALOONA,10.92,"2015/09/16 06:05:08"
D,METER_DATA,GEN_DUID,1,"2015/09/16 06:10:00",PIONEER,19.200001,"2015/09/16 06:05:08"
D,METER_DATA,GEN_DUID,1,"2015/09/16 06:10:00",PORTWF,2.20,"2015/09/16 06:05:08"
D,METER_DATA,GEN_DUID,1,"2015/09/16 06:10:00",REPULSE,14.081645,"2015/09/16 06:05:08"
D,METER_DATA,GEN_DUID,1,"2015/09/16 06:10:00",ROWALLAN,7.6893,"2015/09/16 06:05:08"
D,METER_DATA,GEN_DUID,1,"2015/09/16 06:10:00",RPCG,10.209866,"2015/09/16 06:05:08"
D,METER_DATA,GEN_DUID,1,"2015/09/16 06:10:00",RUBICON,0,"2015/09/16 06:05:08"
D,METER_DATA,GEN_DUID,1,"2015/09/16 06:10:00",STARHLWF,1.399592,"2015/09/16 06:05:08"
D,METER_DATA,GEN_DUID,1,"2015/09/16 06:10:00",WAUBRAWF,1.5710,"2015/09/16 06:05:08"
D,METER_DATA,GEN_DUID,1,"2015/09/16 06:10:00",WOOLNTH1,2.450015,"2015/09/16 06:05:08"
D,METER_DATA,GEN_DUID,1,"2015/09/16 06:10:00",WPWF,8,"2015/09/16 06:05:08"
D,METER_DATA,GEN_DUID,1,"2015/09/16 06:10:00",YAMBUKWF,0.70,"2015/09/16 06:05:08"
D,METER_DATA,GEN_DUID,1,"2015/09/16 06:15:00",ANGAS1,0,"2015/09/16 06:10:05"
D,METER_DATA,GEN_DUID,1,"2015/09/16 06:15:00",ANGAS2,0,"2015/09/16 06:10:05"
D,METER_DATA,GEN_DUID,1,"2015/09/16 06:15:00",BUTLERSG,-0.000002,"2015/09/16 06:10:05"
D,METER_DATA,GEN_DUID,1,"2015/09/16 06:15:00",CALL_A_4,0,"2015/09/16 06:10:05"
D,METER_DATA,GEN_DUID,1,"2015/09/16 06:15:00",CAPTL_WF,0,"2015/09/16 06:10:05"
D,METER_DATA,GEN_DUID,1,"2015/09/16 06:15:00",CATHROCK,16.16,"2015/09/16 06:10:05"
D,METER_DATA,GEN_DUID,1,"2015/09/16 06:15:00",CHALLHWF,0,"2015/09/16 06:10:05"
D,METER_DATA,GEN_DUID,1,"2015/09/16 06:15:00",CLOVER,10.41,"2015/09/16 06:10:05"
D,METER_DATA,GEN_DUID,1,"2015/09/16 06:15:00",CLUNY,9.231340,"2015/09/16 06:10:05"
D,METER_DATA,GEN_DUID,1,"2015/09/16 06:15:00",CNUNDAWF,0,"2015/09/16 06:10:05"
D,METER_DATA,GEN_DUID,1,"2015/09/16 06:15:00",CULLRGWF,5.39,"2015/09/16 06:10:05"
D,METER_DATA,GEN_DUID,1,"2015/09/16 06:15:00",ERGT01,0,"2015/09/16 06:10:05"
D,METER_DATA,GEN_DUID,1,"2015/09/16 06:15:00",GB01,0.208096,"2015/09/16 06:10:05"
D,METER_DATA,GEN_DUID,1,"2015/09/16 06:15:00",GERMCRK,31.90,"2015/09/16 06:10:05"
D,METER_DATA,GEN_DUID,1,"2015/09/16 06:15:00",INVICTA,38.1250,"2015/09/16 06:10:05"
D,METER_DATA,GEN_DUID,1,"2015/09/16 06:15:00",LKBONNY1,-0.0921,"2015/09/16 06:10:05"
D,METER_DATA,GEN_DUID,1,"2015/09/16 06:15:00",MBAHNTH,50.625004,"2015/09/16 06:10:05"
D,METER_DATA,GEN_DUID,1,"2015/09/16 06:15:00",MLWF1,0.96,"2015/09/16 06:10:05"
D,METER_DATA,GEN_DUID,1,"2015/09/16 06:15:00",MTMILLAR,57.595749,"2015/09/16 06:10:05"
D,METER_DATA,GEN_DUID,1,"2015/09/16 06:15:00",PALOONA,10.92,"2015/09/16 06:10:05"
D,METER_DATA,GEN_DUID,1,"2015/09/16 06:15:00",PIONEER,20.40,"2015/09/16 06:10:05"
D,METER_DATA,GEN_DUID,1,"2015/09/16 06:15:00",PORTWF,3.50,"2015/09/16 06:10:05"
D,METER_DATA,GEN_DUID,1,"2015/09/16 06:15:00",REPULSE,13.662435,"2015/09/16 06:10:05"
D,METER_DATA,GEN_DUID,1,"2015/09/16 06:15:00",ROWALLAN,7.4550,"2015/09/16 06:10:05"
D,METER_DATA,GEN_DUID,1,"2015/09/16 06:15:00",RPCG,10.295657,"2015/09/16 06:10:05"
D,METER_DATA,GEN_DUID,1,"2015/09/16 06:15:00",RUBICON,0,"2015/09/16 06:10:05"
D,METER_DATA,GEN_DUID,1,"2015/09/16 06:15:00",STARHLWF,0.699796,"2015/09/16 06:10:05"
D,METER_DATA,GEN_DUID,1,"2015/09/16 06:15:00",WAUBRAWF,1.1360,"2015/09/16 06:10:05"
D,METER_DATA,GEN_DUID,1,"2015/09/16 06:15:00",WOOLNTH1,2.030015,"2015/09/16 06:10:05"
D,METER_DATA,GEN_DUID,1,"2015/09/16 06:15:00",WPWF,8,"2015/09/16 06:10:05"
D,METER_DATA,GEN_DUID,1,"2015/09/16 06:15:00",YAMBUKWF,0.60,"2015/09/16 06:10:05"
D,METER_DATA,GEN_DUID,1,"2015/09/16 06:20:00",ANGAS1,0,"2015/09/16 06:15:09"
D,METER_DATA,GEN_DUID,1,"2015/09/16 06:20:00",ANGAS2,0,"2015/09/16 06:15:09"
D,METER_DATA,GEN_DUID,1,"2015/09/16 06:20:00",BUTLERSG,-0.000002,"2015/09/16 06:15:09"
D,METER_DATA,GEN_DUID,1,"2015/09/16 06:20:00",CALL_A_4,0,"2015/09/16 06:15:09"
D,METER_DATA,GEN_DUID,1,"2015/09/16 06:20:00",CAPTL_WF,0,"2015/09/16 06:15:09"
D,METER_DATA,GEN_DUID,1,"2015/09/16 06:20:00",CATHROCK,17.929998,"2015/09/16 06:15:09"
D,METER_DATA,GEN_DUID,1,"2015/09/16 06:20:00",CHALLHWF,0,"2015/09/16 06:15:09"
D,METER_DATA,GEN_DUID,1,"2015/09/16 06:20:00",CLOVER,10.93,"2015/09/16 06:15:09"
D,METER_DATA,GEN_DUID,1,"2015/09/16 06:20:00",CLUNY,9.988710,"2015/09/16 06:15:09"
D,METER_DATA,GEN_DUID,1,"2015/09/16 06:20:00",CNUNDAWF,0,"2015/09/16 06:15:09"
D,METER_DATA,GEN_DUID,1,"2015/09/16 06:20:00",CULLRGWF,5.18,"2015/09/16 06:15:09"
D,METER_DATA,GEN_DUID,1,"2015/09/16 06:20:00",ERGT01,0,"2015/09/16 06:15:09"
D,METER_DATA,GEN_DUID,1,"2015/09/16 06:20:00",GB01,0.208096,"2015/09/16 06:15:09"
D,METER_DATA,GEN_DUID,1,"2015/09/16 06:20:00",GERMCRK,31.799999,"2015/09/16 06:15:09"
D,METER_DATA,GEN_DUID,1,"2015/09/16 06:20:00",INVICTA,38.1250,"2015/09/16 06:15:09"
D,METER_DATA,GEN_DUID,1,"2015/09/16 06:20:00",LKBONNY1,-0.181410,"2015/09/16 06:15:09"
D,METER_DATA,GEN_DUID,1,"2015/09/16 06:20:00",MBAHNTH,50.625004,"2015/09/16 06:15:09"
D,METER_DATA,GEN_DUID,1,"2015/09/16 06:20:00",MLWF1,0.7650,"2015/09/16 06:15:09"
D,METER_DATA,GEN_DUID,1,"2015/09/16 06:20:00",MTMILLAR,58.659859,"2015/09/16 06:15:09"
D,METER_DATA,GEN_DUID,1,"2015/09/16 06:20:00",PALOONA,10.92,"2015/09/16 06:15:09"
D,METER_DATA,GEN_DUID,1,"2015/09/16 06:20:00",PIONEER,27.200001,"2015/09/16 06:15:09"
D,METER_DATA,GEN_DUID,1,"2015/09/16 06:20:00",PORTWF,3.80,"2015/09/16 06:15:09"
D,METER_DATA,GEN_DUID,1,"2015/09/16 06:20:00",REPULSE,13.376610,"2015/09/16 06:15:09"
D,METER_DATA,GEN_DUID,1,"2015/09/16 06:20:00",ROWALLAN,6.9864,"2015/09/16 06:15:09"
D,METER_DATA,GEN_DUID,1,"2015/09/16 06:20:00",RPCG,6.031769,"2015/09/16 06:15:09"
D,METER_DATA,GEN_DUID,1,"2015/09/16 06:20:00",RUBICON,0,"2015/09/16 06:15:09"
D,METER_DATA,GEN_DUID,1,"2015/09/16 06:20:00",STARHLWF,0.299913,"2015/09/16 06:15:09"
D,METER_DATA,GEN_DUID,1,"2015/09/16 06:20:00",WAUBRAWF,0.5090,"2015/09/16 06:15:09"
D,METER_DATA,GEN_DUID,1,"2015/09/16 06:20:00",WOOLNTH1,1.040015,"2015/09/16 06:15:09"
D,METER_DATA,GEN_DUID,1,"2015/09/16 06:20:00",WPWF,6,"2015/09/16 06:15:09"
D,METER_DATA,GEN_DUID,1,"2015/09/16 06:20:00",YAMBUKWF,0.40,"2015/09/16 06:15:09"
D,METER_DATA,GEN_DUID,1,"2015/09/16 06:25:00",ANGAS1,0,"2015/09/16 06:20:10"
D,METER_DATA,GEN_DUID,1,"2015/09/16 06:25:00",ANGAS2,0,"2015/09/16 06:20:10"
D,METER_DATA,GEN_DUID,1,"2015/09/16 06:25:00",BUTLERSG,-0.000002,"2015/09/16 06:20:10"
D,METER_DATA,GEN_DUID,1,"2015/09/16 06:25:00",CALL_A_4,0,"2015/09/16 06:20:10"
D,METER_DATA,GEN_DUID,1,"2015/09/16 06:25:00",CAPTL_WF,0,"2015/09/16 06:20:10"
D,METER_DATA,GEN_DUID,1,"2015/09/16 06:25:00",CATHROCK,18.15,"2015/09/16 06:20:10"
D,METER_DATA,GEN_DUID,1,"2015/09/16 06:25:00",CHALLHWF,0,"2015/09/16 06:20:10"
D,METER_DATA,GEN_DUID,1,"2015/09/16 06:25:00",CLOVER,11.21,"2015/09/16 06:20:10"
D,METER_DATA,GEN_DUID,1,"2015/09/16 06:25:00",CLUNY,9.502851,"2015/09/16 06:20:10"
D,METER_DATA,GEN_DUID,1,"2015/09/16 06:25:00",CNUNDAWF,0,"2015/09/16 06:20:10"
D,METER_DATA,GEN_DUID,1,"2015/09/16 06:25:00",CULLRGWF,7.18,"2015/09/16 06:20:10"
D,METER_DATA,GEN_DUID,1,"2015/09/16 06:25:00",ERGT01,0,"2015/09/16 06:20:10"
D,METER_DATA,GEN_DUID,1,"2015/09/16 06:25:00",GB01,0.208096,"2015/09/16 06:20:10"
D,METER_DATA,GEN_DUID,1,"2015/09/16 06:25:00",GERMCRK,31.700001,"2015/09/16 06:20:10"
D,METER_DATA,GEN_DUID,1,"2015/09/16 06:25:00",INVICTA,38.1250,"2015/09/16 06:20:10"
D,METER_DATA,GEN_DUID,1,"2015/09/16 06:25:00",LKBONNY1,-0.270719,"2015/09/16 06:20:10"
D,METER_DATA,GEN_DUID,1,"2015/09/16 06:25:00",MBAHNTH,50.625004,"2015/09/16 06:20:10"
D,METER_DATA,GEN_DUID,1,"2015/09/16 06:25:00",MLWF1,0.66,"2015/09/16 06:20:10"
D,METER_DATA,GEN_DUID,1,"2015/09/16 06:25:00",MTMILLAR,59.575138,"2015/09/16 06:20:10"
D,METER_DATA,GEN_DUID,1,"2015/09/16 06:25:00",PALOONA,10.969999,"2015/09/16 06:20:10"
D,METER_DATA,GEN_DUID,1,"2015/09/16 06:25:00",PIONEER,33.299999,"2015/09/16 06:20:10"
D,METER_DATA,GEN_DUID,1,"2015/09/16 06:25:00",PORTWF,3.40,"2015/09/16 06:20:10"
D,METER_DATA,GEN_DUID,1,"2015/09/16 06:25:00",REPULSE,14.062590,"2015/09/16 06:20:10"
D,METER_DATA,GEN_DUID,1,"2015/09/16 06:25:00",ROWALLAN,7.2065,"2015/09/16 06:20:10"
D,METER_DATA,GEN_DUID,1,"2015/09/16 06:25:00",RPCG,10.196657,"2015/09/16 06:20:10"
D,METER_DATA,GEN_DUID,1,"2015/09/16 06:25:00",RUBICON,0,"2015/09/16 06:20:10"
D,METER_DATA,GEN_DUID,1,"2015/09/16 06:25:00",STARHLWF,0.299913,"2015/09/16 06:20:10"
D,METER_DATA,GEN_DUID,1,"2015/09/16 06:25:00",WAUBRAWF,1.0060,"2015/09/16 06:20:10"
D,METER_DATA,GEN_DUID,1,"2015/09/16 06:25:00",WOOLNTH1,0.150015,"2015/09/16 06:20:10"
D,METER_DATA,GEN_DUID,1,"2015/09/16 06:25:00",WPWF,8,"2015/09/16 06:20:10"
D,METER_DATA,GEN_DUID,1,"2015/09/16 06:25:00",YAMBUKWF,0.60,"2015/09/16 06:20:10"
D,METER_DATA,GEN_DUID,1,"2015/09/16 06:30:00",ANGAS1,0,"2015/09/16 06:25:10"
D,METER_DATA,GEN_DUID,1,"2015/09/16 06:30:00",ANGAS2,0,"2015/09/16 06:25:10"
D,METER_DATA,GEN_DUID,1,"2015/09/16 06:30:00",BUTLERSG,-0.000002,"2015/09/16 06:25:10"
D,METER_DATA,GEN_DUID,1,"2015/09/16 06:30:00",CALL_A_4,0,"2015/09/16 06:25:10"
D,METER_DATA,GEN_DUID,1,"2015/09/16 06:30:00",CAPTL_WF,0,"2015/09/16 06:25:10"
D,METER_DATA,GEN_DUID,1,"2015/09/16 06:30:00",CATHROCK,18.019999,"2015/09/16 06:25:10"
D,METER_DATA,GEN_DUID,1,"2015/09/16 06:30:00",CHALLHWF,0,"2015/09/16 06:25:10"
D,METER_DATA,GEN_DUID,1,"2015/09/16 06:30:00",CLOVER,11.85,"2015/09/16 06:25:10"
D,METER_DATA,GEN_DUID,1,"2015/09/16 06:30:00",CLUNY,10.388830,"2015/09/16 06:25:10"
D,METER_DATA,GEN_DUID,1,"2015/09/16 06:30:00",CNUNDAWF,0,"2015/09/16 06:25:10"
D,METER_DATA,GEN_DUID,1,"2015/09/16 06:30:00",CULLRGWF,7.85,"2015/09/16 06:25:10"
D,METER_DATA,GEN_DUID,1,"2015/09/16 06:30:00",ERGT01,0,"2015/09/16 06:25:10"
D,METER_DATA,GEN_DUID,1,"2015/09/16 06:30:00",GB01,0.208096,"2015/09/16 06:25:10"
D,METER_DATA,GEN_DUID,1,"2015/09/16 06:30:00",GERMCRK,32,"2015/09/16 06:25:10"
D,METER_DATA,GEN_DUID,1,"2015/09/16 06:30:00",INVICTA,38.1250,"2015/09/16 06:25:10"
D,METER_DATA,GEN_DUID,1,"2015/09/16 06:30:00",LKBONNY1,-0.449338,"2015/09/16 06:25:10"
D,METER_DATA,GEN_DUID,1,"2015/09/16 06:30:00",MBAHNTH,50.625004,"2015/09/16 06:25:10"
D,METER_DATA,GEN_DUID,1,"2015/09/16 06:30:00",MLWF1,0.5550,"2015/09/16 06:25:10"
D,METER_DATA,GEN_DUID,1,"2015/09/16 06:30:00",MTMILLAR,61.636383,"2015/09/16 06:25:10"
D,METER_DATA,GEN_DUID,1,"2015/09/16 06:30:00",PALOONA,10.969999,"2015/09/16 06:25:10"
D,METER_DATA,GEN_DUID,1,"2015/09/16 06:30:00",PIONEER,31.700001,"2015/09/16 06:25:10"
D,METER_DATA,GEN_DUID,1,"2015/09/16 06:30:00",PORTWF,3.20,"2015/09/16 06:25:10"
D,METER_DATA,GEN_DUID,1,"2015/09/16 06:30:00",REPULSE,13.7196,"2015/09/16 06:25:10"
D,METER_DATA,GEN_DUID,1,"2015/09/16 06:30:00",ROWALLAN,7.8739,"2015/09/16 06:25:10"
D,METER_DATA,GEN_DUID,1,"2015/09/16 06:30:00",RPCG,10.218492,"2015/09/16 06:25:10"
D,METER_DATA,GEN_DUID,1,"2015/09/16 06:30:00",RUBICON,0,"2015/09/16 06:25:10"
D,METER_DATA,GEN_DUID,1,"2015/09/16 06:30:00",STARHLWF,0.699796,"2015/09/16 06:25:10"
D,METER_DATA,GEN_DUID,1,"2015/09/16 06:30:00",WAUBRAWF,1.2990,"2015/09/16 06:25:10"
D,METER_DATA,GEN_DUID,1,"2015/09/16 06:30:00",WOOLNTH1,1.440015,"2015/09/16 06:25:10"
D,METER_DATA,GEN_DUID,1,"2015/09/16 06:30:00",WPWF,10,"2015/09/16 06:25:10"
D,METER_DATA,GEN_DUID,1,"2015/09/16 06:30:00",YAMBUKWF,1.10,"2015/09/16 06:25:10"
D,METER_DATA,GEN_DUID,1,"2015/09/16 06:35:00",ANGAS1,0,"2015/09/16 06:30:09"
D,METER_DATA,GEN_DUID,1,"2015/09/16 06:35:00",ANGAS2,0,"2015/09/16 06:30:09"
D,METER_DATA,GEN_DUID,1,"2015/09/16 06:35:00",BUTLERSG,-0.000002,"2015/09/16 06:30:09"
D,METER_DATA,GEN_DUID,1,"2015/09/16 06:35:00",CALL_A_4,0,"2015/09/16 06:30:09"
D,METER_DATA,GEN_DUID,1,"2015/09/16 06:35:00",CAPTL_WF,0,"2015/09/16 06:30:09"
D,METER_DATA,GEN_DUID,1,"2015/09/16 06:35:00",CATHROCK,16.599998,"2015/09/16 06:30:09"
D,METER_DATA,GEN_DUID,1,"2015/09/16 06:35:00",CHALLHWF,0,"2015/09/16 06:30:09"
D,METER_DATA,GEN_DUID,1,"2015/09/16 06:35:00",CLOVER,11.61,"2015/09/16 06:30:09"
D,METER_DATA,GEN_DUID,1,"2015/09/16 06:35:00",CLUNY,10.360250,"2015/09/16 06:30:09"
D,METER_DATA,GEN_DUID,1,"2015/09/16 06:35:00",CNUNDAWF,0,"2015/09/16 06:30:09"
D,METER_DATA,GEN_DUID,1,"2015/09/16 06:35:00",CULLRGWF,8.75,"2015/09/16 06:30:09"
D,METER_DATA,GEN_DUID,1,"2015/09/16 06:35:00",ERGT01,0,"2015/09/16 06:30:09"
D,METER_DATA,GEN_DUID,1,"2015/09/16 06:35:00",GB01,0.208096,"2015/09/16 06:30:09"
D,METER_DATA,GEN_DUID,1,"2015/09/16 06:35:00",GERMCRK,32.099998,"2015/09/16 06:30:09"
D,METER_DATA,GEN_DUID,1,"2015/09/16 06:35:00",INVICTA,38.1250,"2015/09/16 06:30:09"
D,METER_DATA,GEN_DUID,1,"2015/09/16 06:35:00",LKBONNY1,-0.449338,"2015/09/16 06:30:09"
D,METER_DATA,GEN_DUID,1,"2015/09/16 06:35:00",MBAHNTH,50.625004,"2015/09/16 06:30:09"
D,METER_DATA,GEN_DUID,1,"2015/09/16 06:35:00",MLWF1,0.3450,"2015/09/16 06:30:09"
D,METER_DATA,GEN_DUID,1,"2015/09/16 06:35:00",MTMILLAR,61.003872,"2015/09/16 06:30:09"
D,METER_DATA,GEN_DUID,1,"2015/09/16 06:35:00",PALOONA,10.969999,"2015/09/16 06:30:09"
D,METER_DATA,GEN_DUID,1,"2015/09/16 06:35:00",PIONEER,29.800001,"2015/09/16 06:30:09"
D,METER_DATA,GEN_DUID,1,"2015/09/16 06:35:00",PORTWF,2.90,"2015/09/16 06:30:09"
D,METER_DATA,GEN_DUID,1,"2015/09/16 06:35:00",REPULSE,13.586215,"2015/09/16 06:30:09"
D,METER_DATA,GEN_DUID,1,"2015/09/16 06:35:00",ROWALLAN,7.5544,"2015/09/16 06:30:09"
D,METER_DATA,GEN_DUID,1,"2015/09/16 06:35:00",RPCG,5.951473,"2015/09/16 06:30:09"
D,METER_DATA,GEN_DUID,1,"2015/09/16 06:35:00",RUBICON,0,"2015/09/16 06:30:09"
D,METER_DATA,GEN_DUID,1,"2015/09/16 06:35:00",STARHLWF,0.699796,"2015/09/16 06:30:09"
D,METER_DATA,GEN_DUID,1,"2015/09/16 06:35:00",WAUBRAWF,2.0920,"2015/09/16 06:30:09"
D,METER_DATA,GEN_DUID,1,"2015/09/16 06:35:00",WOOLNTH1,7.620015,"2015/09/16 06:30:09"
D,METER_DATA,GEN_DUID,1,"2015/09/16 06:35:00",WPWF,8,"2015/09/16 06:30:09"
D,METER_DATA,GEN_DUID,1,"2015/09/16 06:35:00",YAMBUKWF,1.30,"2015/09/16 06:30:09"
D,METER_DATA,GEN_DUID,1,"2015/09/16 06:40:00",ANGAS1,0,"2015/09/16 06:35:06"
D,METER_DATA,GEN_DUID,1,"2015/09/16 06:40:00",ANGAS2,0,"2015/09/16 06:35:06"
D,METER_DATA,GEN_DUID,1,"2015/09/16 06:40:00",BUTLERSG,-0.000002,"2015/09/16 06:35:06"
D,METER_DATA,GEN_DUID,1,"2015/09/16 06:40:00",CALL_A_4,0,"2015/09/16 06:35:06"
D,METER_DATA,GEN_DUID,1,"2015/09/16 06:40:00",CAPTL_WF,0,"2015/09/16 06:35:06"
D,METER_DATA,GEN_DUID,1,"2015/09/16 06:40:00",CATHROCK,15.789999,"2015/09/16 06:35:06"
D,METER_DATA,GEN_DUID,1,"2015/09/16 06:40:00",CHALLHWF,0,"2015/09/16 06:35:06"
D,METER_DATA,GEN_DUID,1,"2015/09/16 06:40:00",CLOVER,11.44,"2015/09/16 06:35:06"
D,METER_DATA,GEN_DUID,1,"2015/09/16 06:40:00",CLUNY,9.7172,"2015/09/16 06:35:06"
D,METER_DATA,GEN_DUID,1,"2015/09/16 06:40:00",CNUNDAWF,0,"2015/09/16 06:35:06"
D,METER_DATA,GEN_DUID,1,"2015/09/16 06:40:00",CULLRGWF,10.01,"2015/09/16 06:35:06"
D,METER_DATA,GEN_DUID,1,"2015/09/16 06:40:00",ERGT01,0,"2015/09/16 06:35:06"
D,METER_DATA,GEN_DUID,1,"2015/09/16 06:40:00",GB01,0.208096,"2015/09/16 06:35:06"
D,METER_DATA,GEN_DUID,1,"2015/09/16 06:40:00",GERMCRK,32.099998,"2015/09/16 06:35:06"
D,METER_DATA,GEN_DUID,1,"2015/09/16 06:40:00",INVICTA,38.1250,"2015/09/16 06:35:06"
D,METER_DATA,GEN_DUID,1,"2015/09/16 06:40:00",LKBONNY1,-0.449338,"2015/09/16 06:35:06"
D,METER_DATA,GEN_DUID,1,"2015/09/16 06:40:00",MBAHNTH,50.625004,"2015/09/16 06:35:06"
D,METER_DATA,GEN_DUID,1,"2015/09/16 06:40:00",MLWF1,0.12,"2015/09/16 06:35:06"
D,METER_DATA,GEN_DUID,1,"2015/09/16 06:40:00",MTMILLAR,59.805820,"2015/09/16 06:35:06"
D,METER_DATA,GEN_DUID,1,"2015/09/16 06:40:00",PALOONA,10.929999,"2015/09/16 06:35:06"
D,METER_DATA,GEN_DUID,1,"2015/09/16 06:40:00",PIONEER,32.400002,"2015/09/16 06:35:06"
D,METER_DATA,GEN_DUID,1,"2015/09/16 06:40:00",PORTWF,2.90,"2015/09/16 06:35:06"
D,METER_DATA,GEN_DUID,1,"2015/09/16 06:40:00",REPULSE,14.043534,"2015/09/16 06:35:06"
D,METER_DATA,GEN_DUID,1,"2015/09/16 06:40:00",ROWALLAN,7.0858,"2015/09/16 06:35:06"
D,METER_DATA,GEN_DUID,1,"2015/09/16 06:40:00",RPCG,10.148092,"2015/09/16 06:35:06"
D,METER_DATA,GEN_DUID,1,"2015/09/16 06:40:00",RUBICON,0,"2015/09/16 06:35:06"
D,METER_DATA,GEN_DUID,1,"2015/09/16 06:40:00",STARHLWF,1.099679,"2015/09/16 06:35:06"
D,METER_DATA,GEN_DUID,1,"2015/09/16 06:40:00",WAUBRAWF,2.3090,"2015/09/16 06:35:06"
D,METER_DATA,GEN_DUID,1,"2015/09/16 06:40:00",WOOLNTH1,6.720015,"2015/09/16 06:35:06"
D,METER_DATA,GEN_DUID,1,"2015/09/16 06:40:00",WPWF,7,"2015/09/16 06:35:06"
D,METER_DATA,GEN_DUID,1,"2015/09/16 06:40:00",YAMBUKWF,1.30,"2015/09/16 06:35:06"
D,METER_DATA,GEN_DUID,1,"2015/09/16 06:45:00",ANGAS1,0,"2015/09/16 06:40:09"
D,METER_DATA,GEN_DUID,1,"2015/09/16 06:45:00",ANGAS2,0,"2015/09/16 06:40:09"
D,METER_DATA,GEN_DUID,1,"2015/09/16 06:45:00",BUTLERSG,-0.000002,"2015/09/16 06:40:09"
D,METER_DATA,GEN_DUID,1,"2015/09/16 06:45:00",CALL_A_4,0,"2015/09/16 06:40:09"
D,METER_DATA,GEN_DUID,1,"2015/09/16 06:45:00",CAPTL_WF,0,"2015/09/16 06:40:09"
D,METER_DATA,GEN_DUID,1,"2015/09/16 06:45:00",CATHROCK,14.799999,"2015/09/16 06:40:09"
D,METER_DATA,GEN_DUID,1,"2015/09/16 06:45:00",CHALLHWF,0,"2015/09/16 06:40:09"
D,METER_DATA,GEN_DUID,1,"2015/09/16 06:45:00",CLOVER,11.65,"2015/09/16 06:40:09"
D,METER_DATA,GEN_DUID,1,"2015/09/16 06:45:00",CLUNY,10.303090,"2015/09/16 06:40:09"
D,METER_DATA,GEN_DUID,1,"2015/09/16 06:45:00",CNUNDAWF,0,"2015/09/16 06:40:09"
D,METER_DATA,GEN_DUID,1,"2015/09/16 06:45:00",CULLRGWF,11.52,"2015/09/16 06:40:09"
D,METER_DATA,GEN_DUID,1,"2015/09/16 06:45:00",ERGT01,0,"2015/09/16 06:40:09"
D,METER_DATA,GEN_DUID,1,"2015/09/16 06:45:00",GB01,0.208096,"2015/09/16 06:40:09"
D,METER_DATA,GEN_DUID,1,"2015/09/16 06:45:00",GERMCRK,32.099998,"2015/09/16 06:40:09"
D,METER_DATA,GEN_DUID,1,"2015/09/16 06:45:00",INVICTA,38.1250,"2015/09/16 06:40:09"
D,METER_DATA,GEN_DUID,1,"2015/09/16 06:45:00",LKBONNY1,-0.449338,"2015/09/16 06:40:09"
D,METER_DATA,GEN_DUID,1,"2015/09/16 06:45:00",MBAHNTH,50.625004,"2015/09/16 06:40:09"
D,METER_DATA,GEN_DUID,1,"2015/09/16 06:45:00",MLWF1,0.03,"2015/09/16 06:40:09"
D,METER_DATA,GEN_DUID,1,"2015/09/16 06:45:00",MTMILLAR,62.142391,"2015/09/16 06:40:09"
D,METER_DATA,GEN_DUID,1,"2015/09/16 06:45:00",PALOONA,10.929999,"2015/09/16 06:40:09"
D,METER_DATA,GEN_DUID,1,"2015/09/16 06:45:00",PIONEER,23.800001,"2015/09/16 06:40:09"
D,METER_DATA,GEN_DUID,1,"2015/09/16 06:45:00",PORTWF,3.40,"2015/09/16 06:40:09"
D,METER_DATA,GEN_DUID,1,"2015/09/16 06:45:00",REPULSE,14.8629,"2015/09/16 06:40:09"
D,METER_DATA,GEN_DUID,1,"2015/09/16 06:45:00",ROWALLAN,7.6893,"2015/09/16 06:40:09"
D,METER_DATA,GEN_DUID,1,"2015/09/16 06:45:00",RPCG,6.200675,"2015/09/16 06:40:09"
D,METER_DATA,GEN_DUID,1,"2015/09/16 06:45:00",RUBICON,0,"2015/09/16 06:40:09"
D,METER_DATA,GEN_DUID,1,"2015/09/16 06:45:00",STARHLWF,1.099679,"2015/09/16 06:40:09"
D,METER_DATA,GEN_DUID,1,"2015/09/16 06:45:00",WAUBRAWF,2.6040,"2015/09/16 06:40:09"
D,METER_DATA,GEN_DUID,1,"2015/09/16 06:45:00",WOOLNTH1,11.970016,"2015/09/16 06:40:09"
D,METER_DATA,GEN_DUID,1,"2015/09/16 06:45:00",WPWF,6,"2015/09/16 06:40:09"
D,METER_DATA,GEN_DUID,1,"2015/09/16 06:45:00",YAMBUKWF,1.40,"2015/09/16 06:40:09"
D,METER_DATA,GEN_DUID,1,"2015/09/16 06:50:00",ANGAS1,0,"2015/09/16 06:45:10"
D,METER_DATA,GEN_DUID,1,"2015/09/16 06:50:00",ANGAS2,0,"2015/09/16 06:45:10"
D,METER_DATA,GEN_DUID,1,"2015/09/16 06:50:00",BUTLERSG,-0.000002,"2015/09/16 06:45:10"
D,METER_DATA,GEN_DUID,1,"2015/09/16 06:50:00",CALL_A_4,0,"2015/09/16 06:45:10"
D,METER_DATA,GEN_DUID,1,"2015/09/16 06:50:00",CAPTL_WF,0,"2015/09/16 06:45:10"
D,METER_DATA,GEN_DUID,1,"2015/09/16 06:50:00",CATHROCK,12.879999,"2015/09/16 06:45:10"
D,METER_DATA,GEN_DUID,1,"2015/09/16 06:50:00",CHALLHWF,0,"2015/09/16 06:45:10"
D,METER_DATA,GEN_DUID,1,"2015/09/16 06:50:00",CLOVER,11.28,"2015/09/16 06:45:10"
D,METER_DATA,GEN_DUID,1,"2015/09/16 06:50:00",CLUNY,9.731490,"2015/09/16 06:45:10"
D,METER_DATA,GEN_DUID,1,"2015/09/16 06:50:00",CNUNDAWF,0,"2015/09/16 06:45:10"
D,METER_DATA,GEN_DUID,1,"2015/09/16 06:50:00",CULLRGWF,12.20,"2015/09/16 06:45:10"
D,METER_DATA,GEN_DUID,1,"2015/09/16 06:50:00",ERGT01,0,"2015/09/16 06:45:10"
D,METER_DATA,GEN_DUID,1,"2015/09/16 06:50:00",GB01,0.208096,"2015/09/16 06:45:10"
D,METER_DATA,GEN_DUID,1,"2015/09/16 06:50:00",GERMCRK,32.099998,"2015/09/16 06:45:10"
D,METER_DATA,GEN_DUID,1,"2015/09/16 06:50:00",INVICTA,38.1250,"2015/09/16 06:45:10"
D,METER_DATA,GEN_DUID,1,"2015/09/16 06:50:00",LKBONNY1,-0.449338,"2015/09/16 06:45:10"
D,METER_DATA,GEN_DUID,1,"2015/09/16 06:50:00",MBAHNTH,50.625004,"2015/09/16 06:45:10"
D,METER_DATA,GEN_DUID,1,"2015/09/16 06:50:00",MLWF1,-0.06,"2015/09/16 06:45:10"
D,METER_DATA,GEN_DUID,1,"2015/09/16 06:50:00",MTMILLAR,63.385090,"2015/09/16 06:45:10"
D,METER_DATA,GEN_DUID,1,"2015/09/16 06:50:00",PALOONA,10.929999,"2015/09/16 06:45:10"
D,METER_DATA,GEN_DUID,1,"2015/09/16 06:50:00",PIONEER,25.700001,"2015/09/16 06:45:10"
D,METER_DATA,GEN_DUID,1,"2015/09/16 06:50:00",PORTWF,3.50,"2015/09/16 06:45:10"
D,METER_DATA,GEN_DUID,1,"2015/09/16 06:50:00",REPULSE,13.948259,"2015/09/16 06:45:10"
D,METER_DATA,GEN_DUID,1,"2015/09/16 06:50:00",ROWALLAN,7.3627,"2015/09/16 06:45:10"
D,METER_DATA,GEN_DUID,1,"2015/09/16 06:50:00",RPCG,10.288577,"2015/09/16 06:45:10"
D,METER_DATA,GEN_DUID,1,"2015/09/16 06:50:00",RUBICON,0,"2015/09/16 06:45:10"
D,METER_DATA,GEN_DUID,1,"2015/09/16 06:50:00",STARHLWF,1.499563,"2015/09/16 06:45:10"
D,METER_DATA,GEN_DUID,1,"2015/09/16 06:50:00",WAUBRAWF,2.7420,"2015/09/16 06:45:10"
D,METER_DATA,GEN_DUID,1,"2015/09/16 06:50:00",WOOLNTH1,10.100015,"2015/09/16 06:45:10"
D,METER_DATA,GEN_DUID,1,"2015/09/16 06:50:00",WPWF,7,"2015/09/16 06:45:10"
D,METER_DATA,GEN_DUID,1,"2015/09/16 06:50:00",YAMBUKWF,1.20,"2015/09/16 06:45:10"
D,METER_DATA,GEN_DUID,1,"2015/09/16 06:55:00",ANGAS1,0,"2015/09/16 06:50:11"
D,METER_DATA,GEN_DUID,1,"2015/09/16 06:55:00",ANGAS2,0,"2015/09/16 06:50:11"
D,METER_DATA,GEN_DUID,1,"2015/09/16 06:55:00",BUTLERSG,-0.000002,"2015/09/16 06:50:11"
D,METER_DATA,GEN_DUID,1,"2015/09/16 06:55:00",CALL_A_4,0,"2015/09/16 06:50:11"
D,METER_DATA,GEN_DUID,1,"2015/09/16 06:55:00",CAPTL_WF,0,"2015/09/16 06:50:11"
D,METER_DATA,GEN_DUID,1,"2015/09/16 06:55:00",CATHROCK,11.889999,"2015/09/16 06:50:11"
D,METER_DATA,GEN_DUID,1,"2015/09/16 06:55:00",CHALLHWF,0,"2015/09/16 06:50:11"
D,METER_DATA,GEN_DUID,1,"2015/09/16 06:55:00",CLOVER,11.81,"2015/09/16 06:50:11"
D,METER_DATA,GEN_DUID,1,"2015/09/16 06:55:00",CLUNY,10.303090,"2015/09/16 06:50:11"
D,METER_DATA,GEN_DUID,1,"2015/09/16 06:55:00",CNUNDAWF,0,"2015/09/16 06:50:11"
D,METER_DATA,GEN_DUID,1,"2015/09/16 06:55:00",CULLRGWF,11.46,"2015/09/16 06:50:11"
D,METER_DATA,GEN_DUID,1,"2015/09/16 06:55:00",ERGT01,0,"2015/09/16 06:50:11"
D,METER_DATA,GEN_DUID,1,"2015/09/16 06:55:00",GB01,0.208096,"2015/09/16 06:50:11"
D,METER_DATA,GEN_DUID,1,"2015/09/16 06:55:00",GERMCRK,32.299999,"2015/09/16 06:50:11"
D,METER_DATA,GEN_DUID,1,"2015/09/16 06:55:00",INVICTA,38.1250,"2015/09/16 06:50:11"
D,METER_DATA,GEN_DUID,1,"2015/09/16 06:55:00",LKBONNY1,-0.449338,"2015/09/16 06:50:11"
D,METER_DATA,GEN_DUID,1,"2015/09/16 06:55:00",MBAHNTH,50.625004,"2015/09/16 06:50:11"
D,METER_DATA,GEN_DUID,1,"2015/09/16 06:55:00",MLWF1,-0.06,"2015/09/16 06:50:11"
D,METER_DATA,GEN_DUID,1,"2015/09/16 06:55:00",MTMILLAR,58.957512,"2015/09/16 06:50:11"
D,METER_DATA,GEN_DUID,1,"2015/09/16 06:55:00",PALOONA,10.929999,"2015/09/16 06:50:11"
D,METER_DATA,GEN_DUID,1,"2015/09/16 06:55:00",PIONEER,26,"2015/09/16 06:50:11"
D,METER_DATA,GEN_DUID,1,"2015/09/16 06:55:00",PORTWF,3.80,"2015/09/16 06:50:11"
D,METER_DATA,GEN_DUID,1,"2015/09/16 06:55:00",REPULSE,14.577075,"2015/09/16 06:50:11"
D,METER_DATA,GEN_DUID,1,"2015/09/16 06:55:00",ROWALLAN,7.8881,"2015/09/16 06:50:11"
D,METER_DATA,GEN_DUID,1,"2015/09/16 06:55:00",RPCG,10.176732,"2015/09/16 06:50:11"
D,METER_DATA,GEN_DUID,1,"2015/09/16 06:55:00",RUBICON,0,"2015/09/16 06:50:11"
D,METER_DATA,GEN_DUID,1,"2015/09/16 06:55:00",STARHLWF,1.499563,"2015/09/16 06:50:11"
D,METER_DATA,GEN_DUID,1,"2015/09/16 06:55:00",WAUBRAWF,3.0530,"2015/09/16 06:50:11"
D,METER_DATA,GEN_DUID,1,"2015/09/16 06:55:00",WOOLNTH1,7.100015,"2015/09/16 06:50:11"
D,METER_DATA,GEN_DUID,1,"2015/09/16 06:55:00",WPWF,8,"2015/09/16 06:50:11"
D,METER_DATA,GEN_DUID,1,"2015/09/16 06:55:00",YAMBUKWF,1.30,"2015/09/16 06:50:11"
D,METER_DATA,GEN_DUID,1,"2015/09/16 07:00:00",ANGAS1,0,"2015/09/16 06:55:09"
D,METER_DATA,GEN_DUID,1,"2015/09/16 07:00:00",ANGAS2,0,"2015/09/16 06:55:09"
D,METER_DATA,GEN_DUID,1,"2015/09/16 07:00:00",BUTLERSG,-0.000002,"2015/09/16 06:55:09"
D,METER_DATA,GEN_DUID,1,"2015/09/16 07:00:00",CALL_A_4,0,"2015/09/16 06:55:09"
D,METER_DATA,GEN_DUID,1,"2015/09/16 07:00:00",CAPTL_WF,0,"2015/09/16 06:55:09"
D,METER_DATA,GEN_DUID,1,"2015/09/16 07:00:00",CATHROCK,10.36,"2015/09/16 06:55:09"
D,METER_DATA,GEN_DUID,1,"2015/09/16 07:00:00",CHALLHWF,0,"2015/09/16 06:55:09"
D,METER_DATA,GEN_DUID,1,"2015/09/16 07:00:00",CLOVER,11.83,"2015/09/16 06:55:09"
D,METER_DATA,GEN_DUID,1,"2015/09/16 07:00:00",CLUNY,9.517140,"2015/09/16 06:55:09"
D,METER_DATA,GEN_DUID,1,"2015/09/16 07:00:00",CNUNDAWF,0,"2015/09/16 06:55:09"
D,METER_DATA,GEN_DUID,1,"2015/09/16 07:00:00",CULLRGWF,10.24,"2015/09/16 06:55:09"
D,METER_DATA,GEN_DUID,1,"2015/09/16 07:00:00",ERGT01,0,"2015/09/16 06:55:09"
D,METER_DATA,GEN_DUID,1,"2015/09/16 07:00:00",GB01,0.208096,"2015/09/16 06:55:09"
D,METER_DATA,GEN_DUID,1,"2015/09/16 07:00:00",GERMCRK,32.400002,"2015/09/16 06:55:09"
D,METER_DATA,GEN_DUID,1,"2015/09/16 07:00:00",INVICTA,38.1250,"2015/09/16 06:55:09"
D,METER_DATA,GEN_DUID,1,"2015/09/16 07:00:00",LKBONNY1,-0.449338,"2015/09/16 06:55:09"
D,METER_DATA,GEN_DUID,1,"2015/09/16 07:00:00",MBAHNTH,50.625004,"2015/09/16 06:55:09"
D,METER_DATA,GEN_DUID,1,"2015/09/16 07:00:00",MLWF1,-0.06,"2015/09/16 06:55:09"
D,METER_DATA,GEN_DUID,1,"2015/09/16 07:00:00",MTMILLAR,49.127537,"2015/09/16 06:55:09"
D,METER_DATA,GEN_DUID,1,"2015/09/16 07:00:00",PALOONA,11.929999,"2015/09/16 06:55:09"
D,METER_DATA,GEN_DUID,1,"2015/09/16 07:00:00",PIONEER,29.10,"2015/09/16 06:55:09"
D,METER_DATA,GEN_DUID,1,"2015/09/16 07:00:00",PORTWF,3.50,"2015/09/16 06:55:09"
D,METER_DATA,GEN_DUID,1,"2015/09/16 07:00:00",REPULSE,13.700544,"2015/09/16 06:55:09"
D,METER_DATA,GEN_DUID,1,"2015/09/16 07:00:00",ROWALLAN,7.6183,"2015/09/16 06:55:09"
D,METER_DATA,GEN_DUID,1,"2015/09/16 07:00:00",RPCG,6.053109,"2015/09/16 06:55:09"
D,METER_DATA,GEN_DUID,1,"2015/09/16 07:00:00",RUBICON,0,"2015/09/16 06:55:09"
D,METER_DATA,GEN_DUID,1,"2015/09/16 07:00:00",STARHLWF,1.799475,"2015/09/16 06:55:09"
D,METER_DATA,GEN_DUID,1,"2015/09/16 07:00:00",WAUBRAWF,2.9230,"2015/09/16 06:55:09"
D,METER_DATA,GEN_DUID,1,"2015/09/16 07:00:00",WOOLNTH1,5.130015,"2015/09/16 06:55:09"
D,METER_DATA,GEN_DUID,1,"2015/09/16 07:00:00",WPWF,8,"2015/09/16 06:55:09"
D,METER_DATA,GEN_DUID,1,"2015/09/16 07:00:00",YAMBUKWF,1.20,"2015/09/16 06:55:09"
D,METER_DATA,GEN_DUID,1,"2015/09/16 07:05:00",ANGAS1,0,"2015/09/16 07:00:09"
D,METER_DATA,GEN_DUID,1,"2015/09/16 07:05:00",ANGAS2,0,"2015/09/16 07:00:09"
D,METER_DATA,GEN_DUID,1,"2015/09/16 07:05:00",BUTLERSG,-0.000002,"2015/09/16 07:00:09"
D,METER_DATA,GEN_DUID,1,"2015/09/16 07:05:00",CALL_A_4,0,"2015/09/16 07:00:09"
D,METER_DATA,GEN_DUID,1,"2015/09/16 07:05:00",CAPTL_WF,0,"2015/09/16 07:00:09"
D,METER_DATA,GEN_DUID,1,"2015/09/16 07:05:00",CATHROCK,10.369999,"2015/09/16 07:00:09"
D,METER_DATA,GEN_DUID,1,"2015/09/16 07:05:00",CHALLHWF,0,"2015/09/16 07:00:09"
D,METER_DATA,GEN_DUID,1,"2015/09/16 07:05:00",CLOVER,11.58,"2015/09/16 07:00:09"
D,METER_DATA,GEN_DUID,1,"2015/09/16 07:05:00",CLUNY,9.831520,"2015/09/16 07:00:09"
D,METER_DATA,GEN_DUID,1,"2015/09/16 07:05:00",CNUNDAWF,0,"2015/09/16 07:00:09"
D,METER_DATA,GEN_DUID,1,"2015/09/16 07:05:00",CULLRGWF,9.69,"2015/09/16 07:00:09"
D,METER_DATA,GEN_DUID,1,"2015/09/16 07:05:00",ERGT01,0,"2015/09/16 07:00:09"
D,METER_DATA,GEN_DUID,1,"2015/09/16 07:05:00",GB01,0.208096,"2015/09/16 07:00:09"
D,METER_DATA,GEN_DUID,1,"2015/09/16 07:05:00",GERMCRK,31.90,"2015/09/16 07:00:09"
D,METER_DATA,GEN_DUID,1,"2015/09/16 07:05:00",INVICTA,38.1250,"2015/09/16 07:00:09"
D,METER_DATA,GEN_DUID,1,"2015/09/16 07:05:00",LKBONNY1,-0.449338,"2015/09/16 07:00:09"
D,METER_DATA,GEN_DUID,1,"2015/09/16 07:05:00",MBAHNTH,50.625004,"2015/09/16 07:00:09"
D,METER_DATA,GEN_DUID,1,"2015/09/16 07:05:00",MLWF1,-0.06,"2015/09/16 07:00:09"
D,METER_DATA,GEN_DUID,1,"2015/09/16 07:05:00",MTMILLAR,56.010750,"2015/09/16 07:00:09"
D,METER_DATA,GEN_DUID,1,"2015/09/16 07:05:00",PALOONA,11.929999,"2015/09/16 07:00:09"
D,METER_DATA,GEN_DUID,1,"2015/09/16 07:05:00",PIONEER,31.90,"2015/09/16 07:00:09"
D,METER_DATA,GEN_DUID,1,"2015/09/16 07:05:00",PORTWF,3.20,"2015/09/16 07:00:09"
D,METER_DATA,GEN_DUID,1,"2015/09/16 07:05:00",REPULSE,13.795819,"2015/09/16 07:00:09"
D,METER_DATA,GEN_DUID,1,"2015/09/16 07:05:00",ROWALLAN,7.0432,"2015/09/16 07:00:09"
D,METER_DATA,GEN_DUID,1,"2015/09/16 07:05:00",RPCG,6.052577,"2015/09/16 07:00:09"
D,METER_DATA,GEN_DUID,1,"2015/09/16 07:05:00",RUBICON,0,"2015/09/16 07:00:09"
D,METER_DATA,GEN_DUID,1,"2015/09/16 07:05:00",STARHLWF,1.799475,"2015/09/16 07:00:09"
D,METER_DATA,GEN_DUID,1,"2015/09/16 07:05:00",WAUBRAWF,2.7270,"2015/09/16 07:00:09"
D,METER_DATA,GEN_DUID,1,"2015/09/16 07:05:00",WOOLNTH1,4.300015,"2015/09/16 07:00:09"
D,METER_DATA,GEN_DUID,1,"2015/09/16 07:05:00",WPWF,7,"2015/09/16 07:00:09"
D,METER_DATA,GEN_DUID,1,"2015/09/16 07:05:00",YAMBUKWF,1.60,"2015/09/16 07:00:09"
D,METER_DATA,GEN_DUID,1,"2015/09/16 07:10:00",ANGAS1,0,"2015/09/16 07:05:10"
D,METER_DATA,GEN_DUID,1,"2015/09/16 07:10:00",ANGAS2,0,"2015/09/16 07:05:10"
D,METER_DATA,GEN_DUID,1,"2015/09/16 07:10:00",BUTLERSG,-0.000002,"2015/09/16 07:05:10"
D,METER_DATA,GEN_DUID,1,"2015/09/16 07:10:00",CALL_A_4,0,"2015/09/16 07:05:10"
D,METER_DATA,GEN_DUID,1,"2015/09/16 07:10:00",CAPTL_WF,0,"2015/09/16 07:05:10"
D,METER_DATA,GEN_DUID,1,"2015/09/16 07:10:00",CATHROCK,10.23,"2015/09/16 07:05:10"
D,METER_DATA,GEN_DUID,1,"2015/09/16 07:10:00",CHALLHWF,0,"2015/09/16 07:05:10"
D,METER_DATA,GEN_DUID,1,"2015/09/16 07:10:00",CLOVER,11.29,"2015/09/16 07:05:10"
D,METER_DATA,GEN_DUID,1,"2015/09/16 07:10:00",CLUNY,9.817230,"2015/09/16 07:05:10"
D,METER_DATA,GEN_DUID,1,"2015/09/16 07:10:00",CNUNDAWF,0,"2015/09/16 07:05:10"
D,METER_DATA,GEN_DUID,1,"2015/09/16 07:10:00",CULLRGWF,9.61,"2015/09/16 07:05:10"
D,METER_DATA,GEN_DUID,1,"2015/09/16 07:10:00",ERGT01,0,"2015/09/16 07:05:10"
D,METER_DATA,GEN_DUID,1,"2015/09/16 07:10:00",GB01,0.208096,"2015/09/16 07:05:10"
D,METER_DATA,GEN_DUID,1,"2015/09/16 07:10:00",GERMCRK,31.799999,"2015/09/16 07:05:10"
D,METER_DATA,GEN_DUID,1,"2015/09/16 07:10:00",INVICTA,34.650002,"2015/09/16 07:05:10"
D,METER_DATA,GEN_DUID,1,"2015/09/16 07:10:00",LKBONNY1,-0.449338,"2015/09/16 07:05:10"
D,METER_DATA,GEN_DUID,1,"2015/09/16 07:10:00",MBAHNTH,49.612503,"2015/09/16 07:05:10"
D,METER_DATA,GEN_DUID,1,"2015/09/16 07:10:00",MLWF1,0.12,"2015/09/16 07:05:10"
D,METER_DATA,GEN_DUID,1,"2015/09/16 07:10:00",MTMILLAR,52.275211,"2015/09/16 07:05:10"
D,METER_DATA,GEN_DUID,1,"2015/09/16 07:10:00",PALOONA,11.929999,"2015/09/16 07:05:10"
D,METER_DATA,GEN_DUID,1,"2015/09/16 07:10:00",PIONEER,29.60,"2015/09/16 07:05:10"
D,METER_DATA,GEN_DUID,1,"2015/09/16 07:10:00",PORTWF,3.20,"2015/09/16 07:05:10"
D,METER_DATA,GEN_DUID,1,"2015/09/16 07:10:00",REPULSE,13.700544,"2015/09/16 07:05:10"
D,METER_DATA,GEN_DUID,1,"2015/09/16 07:10:00",ROWALLAN,7.3698,"2015/09/16 07:05:10"
D,METER_DATA,GEN_DUID,1,"2015/09/16 07:10:00",RPCG,10.191816,"2015/09/16 07:05:10"
D,METER_DATA,GEN_DUID,1,"2015/09/16 07:10:00",RUBICON,0,"2015/09/16 07:05:10"
D,METER_DATA,GEN_DUID,1,"2015/09/16 07:10:00",STARHLWF,1.799475,"2015/09/16 07:05:10"
D,METER_DATA,GEN_DUID,1,"2015/09/16 07:10:00",WAUBRAWF,1.4860,"2015/09/16 07:05:10"
D,METER_DATA,GEN_DUID,1,"2015/09/16 07:10:00",WOOLNTH1,2.610015,"2015/09/16 07:05:10"
D,METER_DATA,GEN_DUID,1,"2015/09/16 07:10:00",WPWF,7,"2015/09/16 07:05:10"
D,METER_DATA,GEN_DUID,1,"2015/09/16 07:10:00",YAMBUKWF,1.80,"2015/09/16 07:05:10"
D,METER_DATA,GEN_DUID,1,"2015/09/16 07:15:00",ANGAS1,0,"2015/09/16 07:10:09"
D,METER_DATA,GEN_DUID,1,"2015/09/16 07:15:00",ANGAS2,0,"2015/09/16 07:10:09"
D,METER_DATA,GEN_DUID,1,"2015/09/16 07:15:00",BUTLERSG,-0.000002,"2015/09/16 07:10:09"
D,METER_DATA,GEN_DUID,1,"2015/09/16 07:15:00",CALL_A_4,0,"2015/09/16 07:10:09"
D,METER_DATA,GEN_DUID,1,"2015/09/16 07:15:00",CAPTL_WF,0,"2015/09/16 07:10:09"
D,METER_DATA,GEN_DUID,1,"2015/09/16 07:15:00",CATHROCK,9.749999,"2015/09/16 07:10:09"
D,METER_DATA,GEN_DUID,1,"2015/09/16 07:15:00",CHALLHWF,0,"2015/09/16 07:10:09"
D,METER_DATA,GEN_DUID,1,"2015/09/16 07:15:00",CLOVER,11.47,"2015/09/16 07:10:09"
D,METER_DATA,GEN_DUID,1,"2015/09/16 07:15:00",CLUNY,10.4317,"2015/09/16 07:10:09"
D,METER_DATA,GEN_DUID,1,"2015/09/16 07:15:00",CNUNDAWF,0,"2015/09/16 07:10:09"
D,METER_DATA,GEN_DUID,1,"2015/09/16 07:15:00",CULLRGWF,9.88,"2015/09/16 07:10:09"
D,METER_DATA,GEN_DUID,1,"2015/09/16 07:15:00",ERGT01,0,"2015/09/16 07:10:09"
D,METER_DATA,GEN_DUID,1,"2015/09/16 07:15:00",GB01,0.208096,"2015/09/16 07:10:09"
D,METER_DATA,GEN_DUID,1,"2015/09/16 07:15:00",GERMCRK,31.50,"2015/09/16 07:10:09"
D,METER_DATA,GEN_DUID,1,"2015/09/16 07:15:00",INVICTA,32.200001,"2015/09/16 07:10:09"
D,METER_DATA,GEN_DUID,1,"2015/09/16 07:15:00",LKBONNY1,-0.449338,"2015/09/16 07:10:09"
D,METER_DATA,GEN_DUID,1,"2015/09/16 07:15:00",MBAHNTH,49.612503,"2015/09/16 07:10:09"
D,METER_DATA,GEN_DUID,1,"2015/09/16 07:15:00",MLWF1,0.1950,"2015/09/16 07:10:09"
D,METER_DATA,GEN_DUID,1,"2015/09/16 07:15:00",MTMILLAR,44.781811,"2015/09/16 07:10:09"
D,METER_DATA,GEN_DUID,1,"2015/09/16 07:15:00",PALOONA,11.929999,"2015/09/16 07:10:09"
D,METER_DATA,GEN_DUID,1,"2015/09/16 07:15:00",PIONEER,33.200001,"2015/09/16 07:10:09"
D,METER_DATA,GEN_DUID,1,"2015/09/16 07:15:00",PORTWF,3.80,"2015/09/16 07:10:09"
D,METER_DATA,GEN_DUID,1,"2015/09/16 07:15:00",REPULSE,14.786679,"2015/09/16 07:10:09"
D,METER_DATA,GEN_DUID,1,"2015/09/16 07:15:00",ROWALLAN,8.2360,"2015/09/16 07:10:09"
D,METER_DATA,GEN_DUID,1,"2015/09/16 07:15:00",RPCG,5.816824,"2015/09/16 07:10:09"
D,METER_DATA,GEN_DUID,1,"2015/09/16 07:15:00",RUBICON,0,"2015/09/16 07:10:09"
D,METER_DATA,GEN_DUID,1,"2015/09/16 07:15:00",STARHLWF,1.799475,"2015/09/16 07:10:09"
D,METER_DATA,GEN_DUID,1,"2015/09/16 07:15:00",WAUBRAWF,1.0720,"2015/09/16 07:10:09"
D,METER_DATA,GEN_DUID,1,"2015/09/16 07:15:00",WOOLNTH1,1.990015,"2015/09/16 07:10:09"
D,METER_DATA,GEN_DUID,1,"2015/09/16 07:15:00",WPWF,9,"2015/09/16 07:10:09"
D,METER_DATA,GEN_DUID,1,"2015/09/16 07:15:00",YAMBUKWF,1.80,"2015/09/16 07:10:09"
D,METER_DATA,GEN_DUID,1,"2015/09/16 07:20:00",ANGAS1,0,"2015/09/16 07:15:13"
D,METER_DATA,GEN_DUID,1,"2015/09/16 07:20:00",ANGAS2,0,"2015/09/16 07:15:13"
D,METER_DATA,GEN_DUID,1,"2015/09/16 07:20:00",BUTLERSG,-0.000002,"2015/09/16 07:15:13"
D,METER_DATA,GEN_DUID,1,"2015/09/16 07:20:00",CALL_A_4,0,"2015/09/16 07:15:13"
D,METER_DATA,GEN_DUID,1,"2015/09/16 07:20:00",CAPTL_WF,0,"2015/09/16 07:15:13"
D,METER_DATA,GEN_DUID,1,"2015/09/16 07:20:00",CATHROCK,7.94,"2015/09/16 07:15:13"
D,METER_DATA,GEN_DUID,1,"2015/09/16 07:20:00",CHALLHWF,0,"2015/09/16 07:15:13"
D,METER_DATA,GEN_DUID,1,"2015/09/16 07:20:00",CLOVER,12.17,"2015/09/16 07:15:13"
D,METER_DATA,GEN_DUID,1,"2015/09/16 07:20:00",CLUNY,9.317080,"2015/09/16 07:15:13"
D,METER_DATA,GEN_DUID,1,"2015/09/16 07:20:00",CNUNDAWF,0,"2015/09/16 07:15:13"
D,METER_DATA,GEN_DUID,1,"2015/09/16 07:20:00",CULLRGWF,9.89,"2015/09/16 07:15:13"
D,METER_DATA,GEN_DUID,1,"2015/09/16 07:20:00",ERGT01,0,"2015/09/16 07:15:13"
D,METER_DATA,GEN_DUID,1,"2015/09/16 07:20:00",GB01,0.208096,"2015/09/16 07:15:13"
D,METER_DATA,GEN_DUID,1,"2015/09/16 07:20:00",GERMCRK,32.299999,"2015/09/16 07:15:13"
D,METER_DATA,GEN_DUID,1,"2015/09/16 07:20:00",INVICTA,32.200001,"2015/09/16 07:15:13"
D,METER_DATA,GEN_DUID,1,"2015/09/16 07:20:00",LKBONNY1,-0.449338,"2015/09/16 07:15:13"
D,METER_DATA,GEN_DUID,1,"2015/09/16 07:20:00",MBAHNTH,49.612503,"2015/09/16 07:15:13"
D,METER_DATA,GEN_DUID,1,"2015/09/16 07:20:00",MLWF1,0.09,"2015/09/16 07:15:13"
D,METER_DATA,GEN_DUID,1,"2015/09/16 07:20:00",MTMILLAR,30.687969,"2015/09/16 07:15:13"
D,METER_DATA,GEN_DUID,1,"2015/09/16 07:20:00",PALOONA,11.929999,"2015/09/16 07:15:13"
D,METER_DATA,GEN_DUID,1,"2015/09/16 07:20:00",PIONEER,30.40,"2015/09/16 07:15:13"
D,METER_DATA,GEN_DUID,1,"2015/09/16 07:20:00",PORTWF,3.80,"2015/09/16 07:15:13"
D,METER_DATA,GEN_DUID,1,"2015/09/16 07:20:00",REPULSE,13.700544,"2015/09/16 07:15:13"
D,METER_DATA,GEN_DUID,1,"2015/09/16 07:20:00",ROWALLAN,7.6751,"2015/09/16 07:15:13"
D,METER_DATA,GEN_DUID,1,"2015/09/16 07:20:00",RPCG,10.047029,"2015/09/16 07:15:13"
D,METER_DATA,GEN_DUID,1,"2015/09/16 07:20:00",RUBICON,0,"2015/09/16 07:15:13"
D,METER_DATA,GEN_DUID,1,"2015/09/16 07:20:00",STARHLWF,2.199359,"2015/09/16 07:15:13"
D,METER_DATA,GEN_DUID,1,"2015/09/16 07:20:00",WAUBRAWF,0.8310,"2015/09/16 07:15:13"
D,METER_DATA,GEN_DUID,1,"2015/09/16 07:20:00",WOOLNTH1,0.570015,"2015/09/16 07:15:13"
D,METER_DATA,GEN_DUID,1,"2015/09/16 07:20:00",WPWF,7,"2015/09/16 07:15:13"
D,METER_DATA,GEN_DUID,1,"2015/09/16 07:20:00",YAMBUKWF,1.40,"2015/09/16 07:15:13"
D,METER_DATA,GEN_DUID,1,"2015/09/16 07:25:00",ANGAS1,0,"2015/09/16 07:20:10"
D,METER_DATA,GEN_DUID,1,"2015/09/16 07:25:00",ANGAS2,0,"2015/09/16 07:20:10"
D,METER_DATA,GEN_DUID,1,"2015/09/16 07:25:00",BUTLERSG,-0.000002,"2015/09/16 07:20:10"
D,METER_DATA,GEN_DUID,1,"2015/09/16 07:25:00",CALL_A_4,0,"2015/09/16 07:20:10"
D,METER_DATA,GEN_DUID,1,"2015/09/16 07:25:00",CAPTL_WF,0,"2015/09/16 07:20:10"
D,METER_DATA,GEN_DUID,1,"2015/09/16 07:25:00",CATHROCK,7.53,"2015/09/16 07:20:10"
D,METER_DATA,GEN_DUID,1,"2015/09/16 07:25:00",CHALLHWF,0,"2015/09/16 07:20:10"
D,METER_DATA,GEN_DUID,1,"2015/09/16 07:25:00",CLOVER,11.85,"2015/09/16 07:20:10"
D,METER_DATA,GEN_DUID,1,"2015/09/16 07:25:00",CLUNY,9.674330,"2015/09/16 07:20:10"
D,METER_DATA,GEN_DUID,1,"2015/09/16 07:25:00",CNUNDAWF,0,"2015/09/16 07:20:10"
D,METER_DATA,GEN_DUID,1,"2015/09/16 07:25:00",CULLRGWF,9.02,"2015/09/16 07:20:10"
D,METER_DATA,GEN_DUID,1,"2015/09/16 07:25:00",ERGT01,0,"2015/09/16 07:20:10"
D,METER_DATA,GEN_DUID,1,"2015/09/16 07:25:00",GB01,0.208096,"2015/09/16 07:20:10"
D,METER_DATA,GEN_DUID,1,"2015/09/16 07:25:00",GERMCRK,31.700001,"2015/09/16 07:20:10"
D,METER_DATA,GEN_DUID,1,"2015/09/16 07:25:00",INVICTA,32.200001,"2015/09/16 07:20:10"
D,METER_DATA,GEN_DUID,1,"2015/09/16 07:25:00",LKBONNY1,-0.449338,"2015/09/16 07:20:10"
D,METER_DATA,GEN_DUID,1,"2015/09/16 07:25:00",MBAHNTH,49.612503,"2015/09/16 07:20:10"
D,METER_DATA,GEN_DUID,1,"2015/09/16 07:25:00",MLWF1,0.09,"2015/09/16 07:20:10"
D,METER_DATA,GEN_DUID,1,"2015/09/16 07:25:00",MTMILLAR,30.062899,"2015/09/16 07:20:10"
D,METER_DATA,GEN_DUID,1,"2015/09/16 07:25:00",PALOONA,11.929999,"2015/09/16 07:20:10"
D,METER_DATA,GEN_DUID,1,"2015/09/16 07:25:00",PIONEER,29.40,"2015/09/16 07:20:10"
D,METER_DATA,GEN_DUID,1,"2015/09/16 07:25:00",PORTWF,3.80,"2015/09/16 07:20:10"
D,METER_DATA,GEN_DUID,1,"2015/09/16 07:25:00",REPULSE,13.357554,"2015/09/16 07:20:10"
D,METER_DATA,GEN_DUID,1,"2015/09/16 07:25:00",ROWALLAN,6.9154,"2015/09/16 07:20:10"
D,METER_DATA,GEN_DUID,1,"2015/09/16 07:25:00",RPCG,10.283004,"2015/09/16 07:20:10"
D,METER_DATA,GEN_DUID,1,"2015/09/16 07:25:00",RUBICON,0,"2015/09/16 07:20:10"
D,METER_DATA,GEN_DUID,1,"2015/09/16 07:25:00",STARHLWF,2.199359,"2015/09/16 07:20:10"
D,METER_DATA,GEN_DUID,1,"2015/09/16 07:25:00",WAUBRAWF,0.4710,"2015/09/16 07:20:10"
D,METER_DATA,GEN_DUID,1,"2015/09/16 07:25:00",WOOLNTH1,0.560015,"2015/09/16 07:20:10"
D,METER_DATA,GEN_DUID,1,"2015/09/16 07:25:00",WPWF,7,"2015/09/16 07:20:10"
D,METER_DATA,GEN_DUID,1,"2015/09/16 07:25:00",YAMBUKWF,1.30,"2015/09/16 07:20:10"
D,METER_DATA,GEN_DUID,1,"2015/09/16 07:30:00",ANGAS1,0,"2015/09/16 07:25:08"
D,METER_DATA,GEN_DUID,1,"2015/09/16 07:30:00",ANGAS2,0,"2015/09/16 07:25:08"
D,METER_DATA,GEN_DUID,1,"2015/09/16 07:30:00",BUTLERSG,-0.000002,"2015/09/16 07:25:08"
D,METER_DATA,GEN_DUID,1,"2015/09/16 07:30:00",CALL_A_4,0,"2015/09/16 07:25:08"
D,METER_DATA,GEN_DUID,1,"2015/09/16 07:30:00",CAPTL_WF,0,"2015/09/16 07:25:08"
D,METER_DATA,GEN_DUID,1,"2015/09/16 07:30:00",CATHROCK,6.119999,"2015/09/16 07:25:08"
D,METER_DATA,GEN_DUID,1,"2015/09/16 07:30:00",CHALLHWF,0,"2015/09/16 07:25:08"
D,METER_DATA,GEN_DUID,1,"2015/09/16 07:30:00",CLOVER,12.13,"2015/09/16 07:25:08"
D,METER_DATA,GEN_DUID,1,"2015/09/16 07:30:00",CLUNY,10.174480,"2015/09/16 07:25:08"
D,METER_DATA,GEN_DUID,1,"2015/09/16 07:30:00",CNUNDAWF,0,"2015/09/16 07:25:08"
D,METER_DATA,GEN_DUID,1,"2015/09/16 07:30:00",CULLRGWF,8.82,"2015/09/16 07:25:08"
D,METER_DATA,GEN_DUID,1,"2015/09/16 07:30:00",ERGT01,0,"2015/09/16 07:25:08"
D,METER_DATA,GEN_DUID,1,"2015/09/16 07:30:00",GB01,0.208096,"2015/09/16 07:25:08"
D,METER_DATA,GEN_DUID,1,"2015/09/16 07:30:00",GERMCRK,31.700001,"2015/09/16 07:25:08"
D,METER_DATA,GEN_DUID,1,"2015/09/16 07:30:00",INVICTA,29.800001,"2015/09/16 07:25:08"
D,METER_DATA,GEN_DUID,1,"2015/09/16 07:30:00",LKBONNY1,-0.449338,"2015/09/16 07:25:08"
D,METER_DATA,GEN_DUID,1,"2015/09/16 07:30:00",MBAHNTH,49.612503,"2015/09/16 07:25:08"
D,METER_DATA,GEN_DUID,1,"2015/09/16 07:30:00",MLWF1,0.09,"2015/09/16 07:25:08"
D,METER_DATA,GEN_DUID,1,"2015/09/16 07:30:00",MTMILLAR,30.591232,"2015/09/16 07:25:08"
D,METER_DATA,GEN_DUID,1,"2015/09/16 07:30:00",PALOONA,20.24,"2015/09/16 07:25:08"
D,METER_DATA,GEN_DUID,1,"2015/09/16 07:30:00",PIONEER,30.200001,"2015/09/16 07:25:08"
D,METER_DATA,GEN_DUID,1,"2015/09/16 07:30:00",PORTWF,3.20,"2015/09/16 07:25:08"
D,METER_DATA,GEN_DUID,1,"2015/09/16 07:30:00",REPULSE,15.072505,"2015/09/16 07:25:08"
D,METER_DATA,GEN_DUID,1,"2015/09/16 07:30:00",ROWALLAN,7.6893,"2015/09/16 07:25:08"
D,METER_DATA,GEN_DUID,1,"2015/09/16 07:30:00",RPCG,5.585539,"2015/09/16 07:25:08"
D,METER_DATA,GEN_DUID,1,"2015/09/16 07:30:00",RUBICON,0,"2015/09/16 07:25:08"
D,METER_DATA,GEN_DUID,1,"2015/09/16 07:30:00",STARHLWF,2.199359,"2015/09/16 07:25:08"
D,METER_DATA,GEN_DUID,1,"2015/09/16 07:30:00",WAUBRAWF,0.1360,"2015/09/16 07:25:08"
D,METER_DATA,GEN_DUID,1,"2015/09/16 07:30:00",WOOLNTH1,0.920015,"2015/09/16 07:25:08"
D,METER_DATA,GEN_DUID,1,"2015/09/16 07:30:00",WPWF,9,"2015/09/16 07:25:08"
D,METER_DATA,GEN_DUID,1,"2015/09/16 07:30:00",YAMBUKWF,1.30,"2015/09/16 07:25:08"
D,METER_DATA,GEN_DUID,1,"2015/09/16 07:35:00",ANGAS1,0,"2015/09/16 07:30:10"
D,METER_DATA,GEN_DUID,1,"2015/09/16 07:35:00",ANGAS2,0,"2015/09/16 07:30:10"
D,METER_DATA,GEN_DUID,1,"2015/09/16 07:35:00",BUTLERSG,-0.000002,"2015/09/16 07:30:10"
D,METER_DATA,GEN_DUID,1,"2015/09/16 07:35:00",CALL_A_4,0,"2015/09/16 07:30:10"
D,METER_DATA,GEN_DUID,1,"2015/09/16 07:35:00",CAPTL_WF,0,"2015/09/16 07:30:10"
D,METER_DATA,GEN_DUID,1,"2015/09/16 07:35:00",CATHROCK,5.03,"2015/09/16 07:30:10"
D,METER_DATA,GEN_DUID,1,"2015/09/16 07:35:00",CHALLHWF,0,"2015/09/16 07:30:10"
D,METER_DATA,GEN_DUID,1,"2015/09/16 07:35:00",CLOVER,11.91,"2015/09/16 07:30:10"
D,METER_DATA,GEN_DUID,1,"2015/09/16 07:35:00",CLUNY,9.902970,"2015/09/16 07:30:10"
D,METER_DATA,GEN_DUID,1,"2015/09/16 07:35:00",CNUNDAWF,0,"2015/09/16 07:30:10"
D,METER_DATA,GEN_DUID,1,"2015/09/16 07:35:00",CULLRGWF,9.82,"2015/09/16 07:30:10"
D,METER_DATA,GEN_DUID,1,"2015/09/16 07:35:00",ERGT01,0,"2015/09/16 07:30:10"
D,METER_DATA,GEN_DUID,1,"2015/09/16 07:35:00",GB01,0.208096,"2015/09/16 07:30:10"
D,METER_DATA,GEN_DUID,1,"2015/09/16 07:35:00",GERMCRK,31.90,"2015/09/16 07:30:10"
D,METER_DATA,GEN_DUID,1,"2015/09/16 07:35:00",INVICTA,28.65,"2015/09/16 07:30:10"
D,METER_DATA,GEN_DUID,1,"2015/09/16 07:35:00",LKBONNY1,-0.360028,"2015/09/16 07:30:10"
D,METER_DATA,GEN_DUID,1,"2015/09/16 07:35:00",MBAHNTH,49.612503,"2015/09/16 07:30:10"
D,METER_DATA,GEN_DUID,1,"2015/09/16 07:35:00",MLWF1,0.09,"2015/09/16 07:30:10"
D,METER_DATA,GEN_DUID,1,"2015/09/16 07:35:00",MTMILLAR,37.593506,"2015/09/16 07:30:10"
D,METER_DATA,GEN_DUID,1,"2015/09/16 07:35:00",PALOONA,19.93,"2015/09/16 07:30:10"
D,METER_DATA,GEN_DUID,1,"2015/09/16 07:35:00",PIONEER,31.60,"2015/09/16 07:30:10"
D,METER_DATA,GEN_DUID,1,"2015/09/16 07:35:00",PORTWF,2.40,"2015/09/16 07:30:10"
D,METER_DATA,GEN_DUID,1,"2015/09/16 07:35:00",REPULSE,13.109839,"2015/09/16 07:30:10"
D,METER_DATA,GEN_DUID,1,"2015/09/16 07:35:00",ROWALLAN,7.3982,"2015/09/16 07:30:10"
D,METER_DATA,GEN_DUID,1,"2015/09/16 07:35:00",RPCG,9.849870,"2015/09/16 07:30:10"
D,METER_DATA,GEN_DUID,1,"2015/09/16 07:35:00",RUBICON,0,"2015/09/16 07:30:10"
D,METER_DATA,GEN_DUID,1,"2015/09/16 07:35:00",STARHLWF,2.3993,"2015/09/16 07:30:10"
D,METER_DATA,GEN_DUID,1,"2015/09/16 07:35:00",WAUBRAWF,0,"2015/09/16 07:30:10"
D,METER_DATA,GEN_DUID,1,"2015/09/16 07:35:00",WOOLNTH1,1.230015,"2015/09/16 07:30:10"
D,METER_DATA,GEN_DUID,1,"2015/09/16 07:35:00",WPWF,8,"2015/09/16 07:30:10"
D,METER_DATA,GEN_DUID,1,"2015/09/16 07:35:00",YAMBUKWF,1,"2015/09/16 07:30:10"
D,METER_DATA,GEN_DUID,1,"2015/09/16 07:40:00",ANGAS1,0,"2015/09/16 07:35:13"
D,METER_DATA,GEN_DUID,1,"2015/09/16 07:40:00",ANGAS2,0,"2015/09/16 07:35:13"
D,METER_DATA,GEN_DUID,1,"2015/09/16 07:40:00",BUTLERSG,-0.000002,"2015/09/16 07:35:13"
D,METER_DATA,GEN_DUID,1,"2015/09/16 07:40:00",CALL_A_4,0,"2015/09/16 07:35:13"
D,METER_DATA,GEN_DUID,1,"2015/09/16 07:40:00",CAPTL_WF,0,"2015/09/16 07:35:13"
D,METER_DATA,GEN_DUID,1,"2015/09/16 07:40:00",CATHROCK,5.38,"2015/09/16 07:35:13"
D,METER_DATA,GEN_DUID,1,"2015/09/16 07:40:00",CHALLHWF,0,"2015/09/16 07:35:13"
D,METER_DATA,GEN_DUID,1,"2015/09/16 07:40:00",CLOVER,12.14,"2015/09/16 07:35:13"
D,METER_DATA,GEN_DUID,1,"2015/09/16 07:40:00",CLUNY,10.503150,"2015/09/16 07:35:13"
D,METER_DATA,GEN_DUID,1,"2015/09/16 07:40:00",CNUNDAWF,0,"2015/09/16 07:35:13"
D,METER_DATA,GEN_DUID,1,"2015/09/16 07:40:00",CULLRGWF,9.97,"2015/09/16 07:35:13"
D,METER_DATA,GEN_DUID,1,"2015/09/16 07:40:00",ERGT01,0,"2015/09/16 07:35:13"
D,METER_DATA,GEN_DUID,1,"2015/09/16 07:40:00",GB01,0.208096,"2015/09/16 07:35:13"
D,METER_DATA,GEN_DUID,1,"2015/09/16 07:40:00",GERMCRK,31.700001,"2015/09/16 07:35:13"
D,METER_DATA,GEN_DUID,1,"2015/09/16 07:40:00",INVICTA,28.65,"2015/09/16 07:35:13"
D,METER_DATA,GEN_DUID,1,"2015/09/16 07:40:00",LKBONNY1,-0.449338,"2015/09/16 07:35:13"
D,METER_DATA,GEN_DUID,1,"2015/09/16 07:40:00",MBAHNTH,49.612503,"2015/09/16 07:35:13"
D,METER_DATA,GEN_DUID,1,"2015/09/16 07:40:00",MLWF1,0.03,"2015/09/16 07:35:13"
D,METER_DATA,GEN_DUID,1,"2015/09/16 07:40:00",MTMILLAR,41.634136,"2015/09/16 07:35:13"
D,METER_DATA,GEN_DUID,1,"2015/09/16 07:40:00",PALOONA,19.93,"2015/09/16 07:35:13"
D,METER_DATA,GEN_DUID,1,"2015/09/16 07:40:00",PIONEER,30.10,"2015/09/16 07:35:13"
D,METER_DATA,GEN_DUID,1,"2015/09/16 07:40:00",PORTWF,2.20,"2015/09/16 07:35:13"
D,METER_DATA,GEN_DUID,1,"2015/09/16 07:40:00",REPULSE,14.443689,"2015/09/16 07:35:13"
D,METER_DATA,GEN_DUID,1,"2015/09/16 07:40:00",ROWALLAN,7.9023,"2015/09/16 07:35:13"
D,METER_DATA,GEN_DUID,1,"2015/09/16 07:40:00",RPCG,9.637020,"2015/09/16 07:35:13"
D,METER_DATA,GEN_DUID,1,"2015/09/16 07:40:00",RUBICON,0,"2015/09/16 07:35:13"
D,METER_DATA,GEN_DUID,1,"2015/09/16 07:40:00",STARHLWF,2.799184,"2015/09/16 07:35:13"
D,METER_DATA,GEN_DUID,1,"2015/09/16 07:40:00",WAUBRAWF,0,"2015/09/16 07:35:13"
D,METER_DATA,GEN_DUID,1,"2015/09/16 07:40:00",WOOLNTH1,1.690015,"2015/09/16 07:35:13"
D,METER_DATA,GEN_DUID,1,"2015/09/16 07:40:00",WPWF,12,"2015/09/16 07:35:13"
D,METER_DATA,GEN_DUID,1,"2015/09/16 07:40:00",YAMBUKWF,0.40,"2015/09/16 07:35:13"
D,METER_DATA,GEN_DUID,1,"2015/09/16 07:45:00",ANGAS1,0,"2015/09/16 07:40:09"
D,METER_DATA,GEN_DUID,1,"2015/09/16 07:45:00",ANGAS2,0,"2015/09/16 07:40:09"
D,METER_DATA,GEN_DUID,1,"2015/09/16 07:45:00",BUTLERSG,-0.000002,"2015/09/16 07:40:09"
D,METER_DATA,GEN_DUID,1,"2015/09/16 07:45:00",CALL_A_4,0,"2015/09/16 07:40:09"
D,METER_DATA,GEN_DUID,1,"2015/09/16 07:45:00",CAPTL_WF,0,"2015/09/16 07:40:09"
D,METER_DATA,GEN_DUID,1,"2015/09/16 07:45:00",CATHROCK,4.60,"2015/09/16 07:40:09"
D,METER_DATA,GEN_DUID,1,"2015/09/16 07:45:00",CHALLHWF,0,"2015/09/16 07:40:09"
D,METER_DATA,GEN_DUID,1,"2015/09/16 07:45:00",CLOVER,12.05,"2015/09/16 07:40:09"
D,METER_DATA,GEN_DUID,1,"2015/09/16 07:45:00",CLUNY,10.131610,"2015/09/16 07:40:09"
D,METER_DATA,GEN_DUID,1,"2015/09/16 07:45:00",CNUNDAWF,0,"2015/09/16 07:40:09"
D,METER_DATA,GEN_DUID,1,"2015/09/16 07:45:00",CULLRGWF,9.32,"2015/09/16 07:40:09"
D,METER_DATA,GEN_DUID,1,"2015/09/16 07:45:00",ERGT01,0,"2015/09/16 07:40:09"
D,METER_DATA,GEN_DUID,1,"2015/09/16 07:45:00",GB01,0.208096,"2015/09/16 07:40:09"
D,METER_DATA,GEN_DUID,1,"2015/09/16 07:45:00",GERMCRK,31.90,"2015/09/16 07:40:09"
D,METER_DATA,GEN_DUID,1,"2015/09/16 07:45:00",INVICTA,25.35,"2015/09/16 07:40:09"
D,METER_DATA,GEN_DUID,1,"2015/09/16 07:45:00",LKBONNY1,-0.449338,"2015/09/16 07:40:09"
D,METER_DATA,GEN_DUID,1,"2015/09/16 07:45:00",MBAHNTH,49.612503,"2015/09/16 07:40:09"
D,METER_DATA,GEN_DUID,1,"2015/09/16 07:45:00",MLWF1,0.03,"2015/09/16 07:40:09"
D,METER_DATA,GEN_DUID,1,"2015/09/16 07:45:00",MTMILLAR,42.378269,"2015/09/16 07:40:09"
D,METER_DATA,GEN_DUID,1,"2015/09/16 07:45:00",PALOONA,19.859999,"2015/09/16 07:40:09"
D,METER_DATA,GEN_DUID,1,"2015/09/16 07:45:00",PIONEER,31.800001,"2015/09/16 07:40:09"
D,METER_DATA,GEN_DUID,1,"2015/09/16 07:45:00",PORTWF,2.20,"2015/09/16 07:40:09"
D,METER_DATA,GEN_DUID,1,"2015/09/16 07:45:00",REPULSE,13.529050,"2015/09/16 07:40:09"
D,METER_DATA,GEN_DUID,1,"2015/09/16 07:45:00",ROWALLAN,7.5402,"2015/09/16 07:40:09"
D,METER_DATA,GEN_DUID,1,"2015/09/16 07:45:00",RPCG,9.891038,"2015/09/16 07:40:09"
D,METER_DATA,GEN_DUID,1,"2015/09/16 07:45:00",RUBICON,0,"2015/09/16 07:40:09"
D,METER_DATA,GEN_DUID,1,"2015/09/16 07:45:00",STARHLWF,2.799184,"2015/09/16 07:40:09"
D,METER_DATA,GEN_DUID,1,"2015/09/16 07:45:00",WAUBRAWF,0,"2015/09/16 07:40:09"
D,METER_DATA,GEN_DUID,1,"2015/09/16 07:45:00",WOOLNTH1,2.800015,"2015/09/16 07:40:09"
D,METER_DATA,GEN_DUID,1,"2015/09/16 07:45:00",WPWF,11,"2015/09/16 07:40:09"
D,METER_DATA,GEN_DUID,1,"2015/09/16 07:45:00",YAMBUKWF,0.30,"2015/09/16 07:40:09"
D,METER_DATA,GEN_DUID,1,"2015/09/16 07:50:00",ANGAS1,0,"2015/09/16 07:45:09"
D,METER_DATA,GEN_DUID,1,"2015/09/16 07:50:00",ANGAS2,0,"2015/09/16 07:45:09"
D,METER_DATA,GEN_DUID,1,"2015/09/16 07:50:00",BUTLERSG,-0.000002,"2015/09/16 07:45:09"
D,METER_DATA,GEN_DUID,1,"2015/09/16 07:50:00",CALL_A_4,0,"2015/09/16 07:45:09"
D,METER_DATA,GEN_DUID,1,"2015/09/16 07:50:00",CAPTL_WF,0,"2015/09/16 07:45:09"
D,METER_DATA,GEN_DUID,1,"2015/09/16 07:50:00",CATHROCK,4.11,"2015/09/16 07:45:09"
D,METER_DATA,GEN_DUID,1,"2015/09/16 07:50:00",CHALLHWF,0,"2015/09/16 07:45:09"
D,METER_DATA,GEN_DUID,1,"2015/09/16 07:50:00",CLOVER,11.95,"2015/09/16 07:45:09"
D,METER_DATA,GEN_DUID,1,"2015/09/16 07:50:00",CLUNY,9.745780,"2015/09/16 07:45:09"
D,METER_DATA,GEN_DUID,1,"2015/09/16 07:50:00",CNUNDAWF,0,"2015/09/16 07:45:09"
D,METER_DATA,GEN_DUID,1,"2015/09/16 07:50:00",CULLRGWF,10.27,"2015/09/16 07:45:09"
D,METER_DATA,GEN_DUID,1,"2015/09/16 07:50:00",ERGT01,0,"2015/09/16 07:45:09"
D,METER_DATA,GEN_DUID,1,"2015/09/16 07:50:00",GB01,0.208096,"2015/09/16 07:45:09"
D,METER_DATA,GEN_DUID,1,"2015/09/16 07:50:00",GERMCRK,32,"2015/09/16 07:45:09"
D,METER_DATA,GEN_DUID,1,"2015/09/16 07:50:00",INVICTA,20.2250,"2015/09/16 07:45:09"
D,METER_DATA,GEN_DUID,1,"2015/09/16 07:50:00",LKBONNY1,-0.449338,"2015/09/16 07:45:09"
D,METER_DATA,GEN_DUID,1,"2015/09/16 07:50:00",MBAHNTH,49.612503,"2015/09/16 07:45:09"
D,METER_DATA,GEN_DUID,1,"2015/09/16 07:50:00",MLWF1,0.03,"2015/09/16 07:45:09"
D,METER_DATA,GEN_DUID,1,"2015/09/16 07:50:00",MTMILLAR,40.525383,"2015/09/16 07:45:09"
D,METER_DATA,GEN_DUID,1,"2015/09/16 07:50:00",PALOONA,19.859999,"2015/09/16 07:45:09"
D,METER_DATA,GEN_DUID,1,"2015/09/16 07:50:00",PIONEER,30.800001,"2015/09/16 07:45:09"
D,METER_DATA,GEN_DUID,1,"2015/09/16 07:50:00",PORTWF,1.60,"2015/09/16 07:45:09"
D,METER_DATA,GEN_DUID,1,"2015/09/16 07:50:00",REPULSE,13.757710,"2015/09/16 07:45:09"
D,METER_DATA,GEN_DUID,1,"2015/09/16 07:50:00",ROWALLAN,7.4124,"2015/09/16 07:45:09"
D,METER_DATA,GEN_DUID,1,"2015/09/16 07:50:00",RPCG,5.640793,"2015/09/16 07:45:09"
D,METER_DATA,GEN_DUID,1,"2015/09/16 07:50:00",RUBICON,0,"2015/09/16 07:45:09"
D,METER_DATA,GEN_DUID,1,"2015/09/16 07:50:00",STARHLWF,1.999417,"2015/09/16 07:45:09"
D,METER_DATA,GEN_DUID,1,"2015/09/16 07:50:00",WAUBRAWF,0,"2015/09/16 07:45:09"
D,METER_DATA,GEN_DUID,1,"2015/09/16 07:50:00",WOOLNTH1,3.480015,"2015/09/16 07:45:09"
D,METER_DATA,GEN_DUID,1,"2015/09/16 07:50:00",WPWF,8,"2015/09/16 07:45:09"
D,METER_DATA,GEN_DUID,1,"2015/09/16 07:50:00",YAMBUKWF,0.30,"2015/09/16 07:45:09"
D,METER_DATA,GEN_DUID,1,"2015/09/16 07:55:00",ANGAS1,0,"2015/09/16 07:50:10"
D,METER_DATA,GEN_DUID,1,"2015/09/16 07:55:00",ANGAS2,0,"2015/09/16 07:50:10"
D,METER_DATA,GEN_DUID,1,"2015/09/16 07:55:00",BUTLERSG,-0.000002,"2015/09/16 07:50:10"
D,METER_DATA,GEN_DUID,1,"2015/09/16 07:55:00",CALL_A_4,0,"2015/09/16 07:50:10"
D,METER_DATA,GEN_DUID,1,"2015/09/16 07:55:00",CAPTL_WF,0,"2015/09/16 07:50:10"
D,METER_DATA,GEN_DUID,1,"2015/09/16 07:55:00",CATHROCK,3.79,"2015/09/16 07:50:10"
D,METER_DATA,GEN_DUID,1,"2015/09/16 07:55:00",CHALLHWF,0,"2015/09/16 07:50:10"
D,METER_DATA,GEN_DUID,1,"2015/09/16 07:55:00",CLOVER,11.95,"2015/09/16 07:50:10"
D,METER_DATA,GEN_DUID,1,"2015/09/16 07:55:00",CLUNY,9.8601,"2015/09/16 07:50:10"
D,METER_DATA,GEN_DUID,1,"2015/09/16 07:55:00",CNUNDAWF,0,"2015/09/16 07:50:10"
D,METER_DATA,GEN_DUID,1,"2015/09/16 07:55:00",CULLRGWF,10.27,"2015/09/16 07:50:10"
D,METER_DATA,GEN_DUID,1,"2015/09/16 07:55:00",ERGT01,0,"2015/09/16 07:50:10"
D,METER_DATA,GEN_DUID,1,"2015/09/16 07:55:00",GB01,0.208096,"2015/09/16 07:50:10"
D,METER_DATA,GEN_DUID,1,"2015/09/16 07:55:00",GERMCRK,31.799999,"2015/09/16 07:50:10"
D,METER_DATA,GEN_DUID,1,"2015/09/16 07:55:00",INVICTA,9.70,"2015/09/16 07:50:10"
D,METER_DATA,GEN_DUID,1,"2015/09/16 07:55:00",LKBONNY1,-0.449338,"2015/09/16 07:50:10"
D,METER_DATA,GEN_DUID,1,"2015/09/16 07:55:00",MBAHNTH,49.668751,"2015/09/16 07:50:10"
D,METER_DATA,GEN_DUID,1,"2015/09/16 07:55:00",MLWF1,0.03,"2015/09/16 07:50:10"
D,METER_DATA,GEN_DUID,1,"2015/09/16 07:55:00",MTMILLAR,40.339348,"2015/09/16 07:50:10"
D,METER_DATA,GEN_DUID,1,"2015/09/16 07:55:00",PALOONA,19.93,"2015/09/16 07:50:10"
D,METER_DATA,GEN_DUID,1,"2015/09/16 07:55:00",PIONEER,31.60,"2015/09/16 07:50:10"
D,METER_DATA,GEN_DUID,1,"2015/09/16 07:55:00",PORTWF,1.30,"2015/09/16 07:50:10"
D,METER_DATA,GEN_DUID,1,"2015/09/16 07:55:00",REPULSE,14.310305,"2015/09/16 07:50:10"
D,METER_DATA,GEN_DUID,1,"2015/09/16 07:55:00",ROWALLAN,7.4763,"2015/09/16 07:50:10"
D,METER_DATA,GEN_DUID,1,"2015/09/16 07:55:00",RPCG,10.121010,"2015/09/16 07:50:10"
D,METER_DATA,GEN_DUID,1,"2015/09/16 07:55:00",RUBICON,0,"2015/09/16 07:50:10"
D,METER_DATA,GEN_DUID,1,"2015/09/16 07:55:00",STARHLWF,0.399883,"2015/09/16 07:50:10"
D,METER_DATA,GEN_DUID,1,"2015/09/16 07:55:00",WAUBRAWF,0,"2015/09/16 07:50:10"
D,METER_DATA,GEN_DUID,1,"2015/09/16 07:55:00",WOOLNTH1,3.780015,"2015/09/16 07:50:10"
D,METER_DATA,GEN_DUID,1,"2015/09/16 07:55:00",WPWF,9,"2015/09/16 07:50:10"
D,METER_DATA,GEN_DUID,1,"2015/09/16 07:55:00",YAMBUKWF,0.70,"2015/09/16 07:50:10"
D,METER_DATA,GEN_DUID,1,"2015/09/16 08:00:00",ANGAS1,0,"2015/09/16 07:55:07"
D,METER_DATA,GEN_DUID,1,"2015/09/16 08:00:00",ANGAS2,0,"2015/09/16 07:55:07"
D,METER_DATA,GEN_DUID,1,"2015/09/16 08:00:00",BUTLERSG,-0.000002,"2015/09/16 07:55:07"
D,METER_DATA,GEN_DUID,1,"2015/09/16 08:00:00",CALL_A_4,0,"2015/09/16 07:55:07"
D,METER_DATA,GEN_DUID,1,"2015/09/16 08:00:00",CAPTL_WF,0,"2015/09/16 07:55:07"
D,METER_DATA,GEN_DUID,1,"2015/09/16 08:00:00",CATHROCK,3.13,"2015/09/16 07:55:07"
D,METER_DATA,GEN_DUID,1,"2015/09/16 08:00:00",CHALLHWF,0,"2015/09/16 07:55:07"
D,METER_DATA,GEN_DUID,1,"2015/09/16 08:00:00",CLOVER,11.80,"2015/09/16 07:55:07"
D,METER_DATA,GEN_DUID,1,"2015/09/16 08:00:00",CLUNY,9.788651,"2015/09/16 07:55:07"
D,METER_DATA,GEN_DUID,1,"2015/09/16 08:00:00",CNUNDAWF,0,"2015/09/16 07:55:07"
D,METER_DATA,GEN_DUID,1,"2015/09/16 08:00:00",CULLRGWF,11.07,"2015/09/16 07:55:07"
D,METER_DATA,GEN_DUID,1,"2015/09/16 08:00:00",ERGT01,0,"2015/09/16 07:55:07"
D,METER_DATA,GEN_DUID,1,"2015/09/16 08:00:00",GB01,0.208096,"2015/09/16 07:55:07"
D,METER_DATA,GEN_DUID,1,"2015/09/16 08:00:00",GERMCRK,32.099998,"2015/09/16 07:55:07"
D,METER_DATA,GEN_DUID,1,"2015/09/16 08:00:00",INVICTA,9.70,"2015/09/16 07:55:07"
D,METER_DATA,GEN_DUID,1,"2015/09/16 08:00:00",LKBONNY1,-0.449338,"2015/09/16 07:55:07"
D,METER_DATA,GEN_DUID,1,"2015/09/16 08:00:00",MBAHNTH,49.668751,"2015/09/16 07:55:07"
D,METER_DATA,GEN_DUID,1,"2015/09/16 08:00:00",MLWF1,0.03,"2015/09/16 07:55:07"
D,METER_DATA,GEN_DUID,1,"2015/09/16 08:00:00",MTMILLAR,36.767521,"2015/09/16 07:55:07"
D,METER_DATA,GEN_DUID,1,"2015/09/16 08:00:00",PALOONA,19.93,"2015/09/16 07:55:07"
D,METER_DATA,GEN_DUID,1,"2015/09/16 08:00:00",PIONEER,31,"2015/09/16 07:55:07"
D,METER_DATA,GEN_DUID,1,"2015/09/16 08:00:00",PORTWF,1.30,"2015/09/16 07:55:07"
D,METER_DATA,GEN_DUID,1,"2015/09/16 08:00:00",REPULSE,14.024480,"2015/09/16 07:55:07"
D,METER_DATA,GEN_DUID,1,"2015/09/16 08:00:00",ROWALLAN,7.2491,"2015/09/16 07:55:07"
D,METER_DATA,GEN_DUID,1,"2015/09/16 08:00:00",RPCG,10.083962,"2015/09/16 07:55:07"
D,METER_DATA,GEN_DUID,1,"2015/09/16 08:00:00",RUBICON,0,"2015/09/16 07:55:07"
D,METER_DATA,GEN_DUID,1,"2015/09/16 08:00:00",STARHLWF,0.099971,"2015/09/16 07:55:07"
D,METER_DATA,GEN_DUID,1,"2015/09/16 08:00:00",WAUBRAWF,0,"2015/09/16 07:55:07"
D,METER_DATA,GEN_DUID,1,"2015/09/16 08:00:00",WOOLNTH1,4.000015,"2015/09/16 07:55:07"
D,METER_DATA,GEN_DUID,1,"2015/09/16 08:00:00",WPWF,12,"2015/09/16 07:55:07"
D,METER_DATA,GEN_DUID,1,"2015/09/16 08:00:00",YAMBUKWF,1.20,"2015/09/16 07:55:07"
D,METER_DATA,GEN_DUID,1,"2015/09/16 08:05:00",ANGAS1,0,"2015/09/16 08:00:11"
D,METER_DATA,GEN_DUID,1,"2015/09/16 08:05:00",ANGAS2,0,"2015/09/16 08:00:11"
D,METER_DATA,GEN_DUID,1,"2015/09/16 08:05:00",BUTLERSG,-0.000002,"2015/09/16 08:00:11"
D,METER_DATA,GEN_DUID,1,"2015/09/16 08:05:00",CALL_A_4,0,"2015/09/16 08:00:11"
D,METER_DATA,GEN_DUID,1,"2015/09/16 08:05:00",CAPTL_WF,0,"2015/09/16 08:00:11"
D,METER_DATA,GEN_DUID,1,"2015/09/16 08:05:00",CATHROCK,3.07,"2015/09/16 08:00:11"
D,METER_DATA,GEN_DUID,1,"2015/09/16 08:05:00",CHALLHWF,0,"2015/09/16 08:00:11"
D,METER_DATA,GEN_DUID,1,"2015/09/16 08:05:00",CLOVER,11.95,"2015/09/16 08:00:11"
D,METER_DATA,GEN_DUID,1,"2015/09/16 08:05:00",CLUNY,10.017290,"2015/09/16 08:00:11"
D,METER_DATA,GEN_DUID,1,"2015/09/16 08:05:00",CNUNDAWF,0,"2015/09/16 08:00:11"
D,METER_DATA,GEN_DUID,1,"2015/09/16 08:05:00",CULLRGWF,10.97,"2015/09/16 08:00:11"
D,METER_DATA,GEN_DUID,1,"2015/09/16 08:05:00",ERGT01,0,"2015/09/16 08:00:11"
D,METER_DATA,GEN_DUID,1,"2015/09/16 08:05:00",GB01,0.208096,"2015/09/16 08:00:11"
D,METER_DATA,GEN_DUID,1,"2015/09/16 08:05:00",GERMCRK,31.799999,"2015/09/16 08:00:11"
D,METER_DATA,GEN_DUID,1,"2015/09/16 08:05:00",INVICTA,9.70,"2015/09/16 08:00:11"
D,METER_DATA,GEN_DUID,1,"2015/09/16 08:05:00",LKBONNY1,-0.449338,"2015/09/16 08:00:11"
D,METER_DATA,GEN_DUID,1,"2015/09/16 08:05:00",MBAHNTH,49.668751,"2015/09/16 08:00:11"
D,METER_DATA,GEN_DUID,1,"2015/09/16 08:05:00",MLWF1,0.09,"2015/09/16 08:00:11"
D,METER_DATA,GEN_DUID,1,"2015/09/16 08:05:00",MTMILLAR,36.120125,"2015/09/16 08:00:11"
D,METER_DATA,GEN_DUID,1,"2015/09/16 08:05:00",PALOONA,19.93,"2015/09/16 08:00:11"
D,METER_DATA,GEN_DUID,1,"2015/09/16 08:05:00",PIONEER,31.300001,"2015/09/16 08:00:11"
D,METER_DATA,GEN_DUID,1,"2015/09/16 08:05:00",PORTWF,1.60,"2015/09/16 08:00:11"
D,METER_DATA,GEN_DUID,1,"2015/09/16 08:05:00",REPULSE,14.558020,"2015/09/16 08:00:11"
D,METER_DATA,GEN_DUID,1,"2015/09/16 08:05:00",ROWALLAN,7.5118,"2015/09/16 08:00:11"
D,METER_DATA,GEN_DUID,1,"2015/09/16 08:05:00",RPCG,10.371999,"2015/09/16 08:00:11"
D,METER_DATA,GEN_DUID,1,"2015/09/16 08:05:00",RUBICON,0,"2015/09/16 08:00:11"
D,METER_DATA,GEN_DUID,1,"2015/09/16 08:05:00",STARHLWF,0.099971,"2015/09/16 08:00:11"
D,METER_DATA,GEN_DUID,1,"2015/09/16 08:05:00",WAUBRAWF,0,"2015/09/16 08:00:11"
D,METER_DATA,GEN_DUID,1,"2015/09/16 08:05:00",WOOLNTH1,5.520015,"2015/09/16 08:00:11"
D,METER_DATA,GEN_DUID,1,"2015/09/16 08:05:00",WPWF,13,"2015/09/16 08:00:11"
D,METER_DATA,GEN_DUID,1,"2015/09/16 08:05:00",YAMBUKWF,1.40,"2015/09/16 08:00:11"
D,METER_DATA,GEN_DUID,1,"2015/09/16 08:10:00",ANGAS1,0,"2015/09/16 08:05:10"
D,METER_DATA,GEN_DUID,1,"2015/09/16 08:10:00",ANGAS2,0,"2015/09/16 08:05:10"
D,METER_DATA,GEN_DUID,1,"2015/09/16 08:10:00",BUTLERSG,-0.000002,"2015/09/16 08:05:10"
D,METER_DATA,GEN_DUID,1,"2015/09/16 08:10:00",CALL_A_4,0,"2015/09/16 08:05:10"
D,METER_DATA,GEN_DUID,1,"2015/09/16 08:10:00",CAPTL_WF,0,"2015/09/16 08:05:10"
D,METER_DATA,GEN_DUID,1,"2015/09/16 08:10:00",CATHROCK,2.25,"2015/09/16 08:05:10"
D,METER_DATA,GEN_DUID,1,"2015/09/16 08:10:00",CHALLHWF,0,"2015/09/16 08:05:10"
D,METER_DATA,GEN_DUID,1,"2015/09/16 08:10:00",CLOVER,12.13,"2015/09/16 08:05:10"
D,METER_DATA,GEN_DUID,1,"2015/09/16 08:10:00",CLUNY,10.417410,"2015/09/16 08:05:10"
D,METER_DATA,GEN_DUID,1,"2015/09/16 08:10:00",CNUNDAWF,0,"2015/09/16 08:05:10"
D,METER_DATA,GEN_DUID,1,"2015/09/16 08:10:00",CULLRGWF,10.56,"2015/09/16 08:05:10"
D,METER_DATA,GEN_DUID,1,"2015/09/16 08:10:00",ERGT01,0,"2015/09/16 08:05:10"
D,METER_DATA,GEN_DUID,1,"2015/09/16 08:10:00",GB01,0.208096,"2015/09/16 08:05:10"
D,METER_DATA,GEN_DUID,1,"2015/09/16 08:10:00",GERMCRK,31.799999,"2015/09/16 08:05:10"
D,METER_DATA,GEN_DUID,1,"2015/09/16 08:10:00",INVICTA,9.70,"2015/09/16 08:05:10"
D,METER_DATA,GEN_DUID,1,"2015/09/16 08:10:00",LKBONNY1,-0.449338,"2015/09/16 08:05:10"
D,METER_DATA,GEN_DUID,1,"2015/09/16 08:10:00",MBAHNTH,49.668751,"2015/09/16 08:05:10"
D,METER_DATA,GEN_DUID,1,"2015/09/16 08:10:00",MLWF1,0.09,"2015/09/16 08:05:10"
D,METER_DATA,GEN_DUID,1,"2015/09/16 08:10:00",MTMILLAR,31.134447,"2015/09/16 08:05:10"
D,METER_DATA,GEN_DUID,1,"2015/09/16 08:10:00",PALOONA,19.83,"2015/09/16 08:05:10"
D,METER_DATA,GEN_DUID,1,"2015/09/16 08:10:00",PIONEER,27.60,"2015/09/16 08:05:10"
D,METER_DATA,GEN_DUID,1,"2015/09/16 08:10:00",PORTWF,1.20,"2015/09/16 08:05:10"
D,METER_DATA,GEN_DUID,1,"2015/09/16 08:10:00",REPULSE,15.053450,"2015/09/16 08:05:10"
D,METER_DATA,GEN_DUID,1,"2015/09/16 08:10:00",ROWALLAN,7.7248,"2015/09/16 08:05:10"
D,METER_DATA,GEN_DUID,1,"2015/09/16 08:10:00",RPCG,9.984453,"2015/09/16 08:05:10"
D,METER_DATA,GEN_DUID,1,"2015/09/16 08:10:00",RUBICON,0,"2015/09/16 08:05:10"
D,METER_DATA,GEN_DUID,1,"2015/09/16 08:10:00",STARHLWF,0.499854,"2015/09/16 08:05:10"
D,METER_DATA,GEN_DUID,1,"2015/09/16 08:10:00",WAUBRAWF,0,"2015/09/16 08:05:10"
D,METER_DATA,GEN_DUID,1,"2015/09/16 08:10:00",WOOLNTH1,9.200015,"2015/09/16 08:05:10"
D,METER_DATA,GEN_DUID,1,"2015/09/16 08:10:00",WPWF,12,"2015/09/16 08:05:10"
D,METER_DATA,GEN_DUID,1,"2015/09/16 08:10:00",YAMBUKWF,1.10,"2015/09/16 08:05:10"
D,METER_DATA,GEN_DUID,1,"2015/09/16 08:15:00",ANGAS1,0,"2015/09/16 08:10:10"
D,METER_DATA,GEN_DUID,1,"2015/09/16 08:15:00",ANGAS2,0,"2015/09/16 08:10:10"
D,METER_DATA,GEN_DUID,1,"2015/09/16 08:15:00",BUTLERSG,-0.000002,"2015/09/16 08:10:10"
D,METER_DATA,GEN_DUID,1,"2015/09/16 08:15:00",CALL_A_4,0,"2015/09/16 08:10:10"
D,METER_DATA,GEN_DUID,1,"2015/09/16 08:15:00",CAPTL_WF,0,"2015/09/16 08:10:10"
D,METER_DATA,GEN_DUID,1,"2015/09/16 08:15:00",CATHROCK,2.62,"2015/09/16 08:10:10"
D,METER_DATA,GEN_DUID,1,"2015/09/16 08:15:00",CHALLHWF,0,"2015/09/16 08:10:10"
D,METER_DATA,GEN_DUID,1,"2015/09/16 08:15:00",CLOVER,11.93,"2015/09/16 08:10:10"
D,METER_DATA,GEN_DUID,1,"2015/09/16 08:15:00",CLUNY,9.4314,"2015/09/16 08:10:10"
D,METER_DATA,GEN_DUID,1,"2015/09/16 08:15:00",CNUNDAWF,0,"2015/09/16 08:10:10"
D,METER_DATA,GEN_DUID,1,"2015/09/16 08:15:00",CULLRGWF,8.48,"2015/09/16 08:10:10"
D,METER_DATA,GEN_DUID,1,"2015/09/16 08:15:00",ERGT01,0,"2015/09/16 08:10:10"
D,METER_DATA,GEN_DUID,1,"2015/09/16 08:15:00",GB01,0.208096,"2015/09/16 08:10:10"
D,METER_DATA,GEN_DUID,1,"2015/09/16 08:15:00",GERMCRK,31.700001,"2015/09/16 08:10:10"
D,METER_DATA,GEN_DUID,1,"2015/09/16 08:15:00",INVICTA,9.70,"2015/09/16 08:10:10"
D,METER_DATA,GEN_DUID,1,"2015/09/16 08:15:00",LKBONNY1,-0.449338,"2015/09/16 08:10:10"
D,METER_DATA,GEN_DUID,1,"2015/09/16 08:15:00",MBAHNTH,49.668751,"2015/09/16 08:10:10"
D,METER_DATA,GEN_DUID,1,"2015/09/16 08:15:00",MLWF1,0.09,"2015/09/16 08:10:10"
D,METER_DATA,GEN_DUID,1,"2015/09/16 08:15:00",MTMILLAR,25.590670,"2015/09/16 08:10:10"
D,METER_DATA,GEN_DUID,1,"2015/09/16 08:15:00",PALOONA,19.90,"2015/09/16 08:10:10"
D,METER_DATA,GEN_DUID,1,"2015/09/16 08:15:00",PIONEER,25.10,"2015/09/16 08:10:10"
D,METER_DATA,GEN_DUID,1,"2015/09/16 08:15:00",PORTWF,1.20,"2015/09/16 08:10:10"
D,METER_DATA,GEN_DUID,1,"2015/09/16 08:15:00",REPULSE,13.357554,"2015/09/16 08:10:10"
D,METER_DATA,GEN_DUID,1,"2015/09/16 08:15:00",ROWALLAN,7.5899,"2015/09/16 08:10:10"
D,METER_DATA,GEN_DUID,1,"2015/09/16 08:15:00",RPCG,5.819332,"2015/09/16 08:10:10"
D,METER_DATA,GEN_DUID,1,"2015/09/16 08:15:00",RUBICON,0,"2015/09/16 08:10:10"
D,METER_DATA,GEN_DUID,1,"2015/09/16 08:15:00",STARHLWF,1.299621,"2015/09/16 08:10:10"
D,METER_DATA,GEN_DUID,1,"2015/09/16 08:15:00",WAUBRAWF,0,"2015/09/16 08:10:10"
D,METER_DATA,GEN_DUID,1,"2015/09/16 08:15:00",WOOLNTH1,9.420015,"2015/09/16 08:10:10"
D,METER_DATA,GEN_DUID,1,"2015/09/16 08:15:00",WPWF,10,"2015/09/16 08:10:10"
D,METER_DATA,GEN_DUID,1,"2015/09/16 08:15:00",YAMBUKWF,1,"2015/09/16 08:10:10"
D,METER_DATA,GEN_DUID,1,"2015/09/16 08:20:00",ANGAS1,0,"2015/09/16 08:15:10"
D,METER_DATA,GEN_DUID,1,"2015/09/16 08:20:00",ANGAS2,0,"2015/09/16 08:15:10"
D,METER_DATA,GEN_DUID,1,"2015/09/16 08:20:00",BUTLERSG,-0.000002,"2015/09/16 08:15:10"
D,METER_DATA,GEN_DUID,1,"2015/09/16 08:20:00",CALL_A_4,0,"2015/09/16 08:15:10"
D,METER_DATA,GEN_DUID,1,"2015/09/16 08:20:00",CAPTL_WF,0,"2015/09/16 08:15:10"
D,METER_DATA,GEN_DUID,1,"2015/09/16 08:20:00",CATHROCK,2.38,"2015/09/16 08:15:10"
D,METER_DATA,GEN_DUID,1,"2015/09/16 08:20:00",CHALLHWF,0,"2015/09/16 08:15:10"
D,METER_DATA,GEN_DUID,1,"2015/09/16 08:20:00",CLOVER,11.77,"2015/09/16 08:15:10"
D,METER_DATA,GEN_DUID,1,"2015/09/16 08:20:00",CLUNY,9.645750,"2015/09/16 08:15:10"
D,METER_DATA,GEN_DUID,1,"2015/09/16 08:20:00",CNUNDAWF,0,"2015/09/16 08:15:10"
D,METER_DATA,GEN_DUID,1,"2015/09/16 08:20:00",CULLRGWF,7.70,"2015/09/16 08:15:10"
D,METER_DATA,GEN_DUID,1,"2015/09/16 08:20:00",ERGT01,0,"2015/09/16 08:15:10"
D,METER_DATA,GEN_DUID,1,"2015/09/16 08:20:00",GB01,0.208096,"2015/09/16 08:15:10"
D,METER_DATA,GEN_DUID,1,"2015/09/16 08:20:00",GERMCRK,31.799999,"2015/09/16 08:15:10"
D,METER_DATA,GEN_DUID,1,"2015/09/16 08:20:00",INVICTA,9.70,"2015/09/16 08:15:10"
D,METER_DATA,GEN_DUID,1,"2015/09/16 08:20:00",LKBONNY1,-0.449338,"2015/09/16 08:15:10"
D,METER_DATA,GEN_DUID,1,"2015/09/16 08:20:00",MBAHNTH,50.681252,"2015/09/16 08:15:10"
D,METER_DATA,GEN_DUID,1,"2015/09/16 08:20:00",MLWF1,0.09,"2015/09/16 08:15:10"
D,METER_DATA,GEN_DUID,1,"2015/09/16 08:20:00",MTMILLAR,24.347971,"2015/09/16 08:15:10"
D,METER_DATA,GEN_DUID,1,"2015/09/16 08:20:00",PALOONA,19.90,"2015/09/16 08:15:10"
D,METER_DATA,GEN_DUID,1,"2015/09/16 08:20:00",PIONEER,23.200001,"2015/09/16 08:15:10"
D,METER_DATA,GEN_DUID,1,"2015/09/16 08:20:00",PORTWF,2,"2015/09/16 08:15:10"
D,METER_DATA,GEN_DUID,1,"2015/09/16 08:20:00",REPULSE,13.186060,"2015/09/16 08:15:10"
D,METER_DATA,GEN_DUID,1,"2015/09/16 08:20:00",ROWALLAN,7.2207,"2015/09/16 08:15:10"
D,METER_DATA,GEN_DUID,1,"2015/09/16 08:20:00",RPCG,10.510638,"2015/09/16 08:15:10"
D,METER_DATA,GEN_DUID,1,"2015/09/16 08:20:00",RUBICON,0,"2015/09/16 08:15:10"
D,METER_DATA,GEN_DUID,1,"2015/09/16 08:20:00",STARHLWF,2.099388,"2015/09/16 08:15:10"
D,METER_DATA,GEN_DUID,1,"2015/09/16 08:20:00",WAUBRAWF,0,"2015/09/16 08:15:10"
D,METER_DATA,GEN_DUID,1,"2015/09/16 08:20:00",WOOLNTH1,6.490015,"2015/09/16 08:15:10"
D,METER_DATA,GEN_DUID,1,"2015/09/16 08:20:00",WPWF,12,"2015/09/16 08:15:10"
D,METER_DATA,GEN_DUID,1,"2015/09/16 08:20:00",YAMBUKWF,1.30,"2015/09/16 08:15:10"
D,METER_DATA,GEN_DUID,1,"2015/09/16 08:25:00",ANGAS1,0,"2015/09/16 08:20:10"
D,METER_DATA,GEN_DUID,1,"2015/09/16 08:25:00",ANGAS2,0,"2015/09/16 08:20:10"
D,METER_DATA,GEN_DUID,1,"2015/09/16 08:25:00",BUTLERSG,-0.000002,"2015/09/16 08:20:10"
D,METER_DATA,GEN_DUID,1,"2015/09/16 08:25:00",CALL_A_4,0,"2015/09/16 08:20:10"
D,METER_DATA,GEN_DUID,1,"2015/09/16 08:25:00",CAPTL_WF,0,"2015/09/16 08:20:10"
D,METER_DATA,GEN_DUID,1,"2015/09/16 08:25:00",CATHROCK,0,"2015/09/16 08:20:10"
D,METER_DATA,GEN_DUID,1,"2015/09/16 08:25:00",CHALLHWF,0,"2015/09/16 08:20:10"
D,METER_DATA,GEN_DUID,1,"2015/09/16 08:25:00",CLOVER,11.599999,"2015/09/16 08:20:10"
D,METER_DATA,GEN_DUID,1,"2015/09/16 08:25:00",CLUNY,10.017290,"2015/09/16 08:20:10"
D,METER_DATA,GEN_DUID,1,"2015/09/16 08:25:00",CNUNDAWF,0,"2015/09/16 08:20:10"
D,METER_DATA,GEN_DUID,1,"2015/09/16 08:25:00",CULLRGWF,6.39,"2015/09/16 08:20:10"
D,METER_DATA,GEN_DUID,1,"2015/09/16 08:25:00",ERGT01,0,"2015/09/16 08:20:10"
D,METER_DATA,GEN_DUID,1,"2015/09/16 08:25:00",GB01,0.208096,"2015/09/16 08:20:10"
D,METER_DATA,GEN_DUID,1,"2015/09/16 08:25:00",GERMCRK,31.799999,"2015/09/16 08:20:10"
D,METER_DATA,GEN_DUID,1,"2015/09/16 08:25:00",INVICTA,9.70,"2015/09/16 08:20:10"
D,METER_DATA,GEN_DUID,1,"2015/09/16 08:25:00",LKBONNY1,-0.449338,"2015/09/16 08:20:10"
D,METER_DATA,GEN_DUID,1,"2015/09/16 08:25:00",MBAHNTH,49.556252,"2015/09/16 08:20:10"
D,METER_DATA,GEN_DUID,1,"2015/09/16 08:25:00",MLWF1,0.09,"2015/09/16 08:20:10"
D,METER_DATA,GEN_DUID,1,"2015/09/16 08:25:00",MTMILLAR,20.962173,"2015/09/16 08:20:10"
D,METER_DATA,GEN_DUID,1,"2015/09/16 08:25:00",PALOONA,19.90,"2015/09/16 08:20:10"
D,METER_DATA,GEN_DUID,1,"2015/09/16 08:25:00",PIONEER,22.60,"2015/09/16 08:20:10"
D,METER_DATA,GEN_DUID,1,"2015/09/16 08:25:00",PORTWF,3.50,"2015/09/16 08:20:10"
D,METER_DATA,GEN_DUID,1,"2015/09/16 08:25:00",REPULSE,13.986370,"2015/09/16 08:20:10"
D,METER_DATA,GEN_DUID,1,"2015/09/16 08:25:00",ROWALLAN,7.1781,"2015/09/16 08:20:10"
D,METER_DATA,GEN_DUID,1,"2015/09/16 08:25:00",RPCG,6.415999,"2015/09/16 08:20:10"
D,METER_DATA,GEN_DUID,1,"2015/09/16 08:25:00",RUBICON,0,"2015/09/16 08:20:10"
D,METER_DATA,GEN_DUID,1,"2015/09/16 08:25:00",STARHLWF,2.499271,"2015/09/16 08:20:10"
D,METER_DATA,GEN_DUID,1,"2015/09/16 08:25:00",WAUBRAWF,0,"2015/09/16 08:20:10"
D,METER_DATA,GEN_DUID,1,"2015/09/16 08:25:00",WOOLNTH1,5.600015,"2015/09/16 08:20:10"
D,METER_DATA,GEN_DUID,1,"2015/09/16 08:25:00",WPWF,12,"2015/09/16 08:20:10"
D,METER_DATA,GEN_DUID,1,"2015/09/16 08:25:00",YAMBUKWF,1.30,"2015/09/16 08:20:10"
D,METER_DATA,GEN_DUID,1,"2015/09/16 08:30:00",ANGAS1,0,"2015/09/16 08:25:09"
D,METER_DATA,GEN_DUID,1,"2015/09/16 08:30:00",ANGAS2,0,"2015/09/16 08:25:09"
D,METER_DATA,GEN_DUID,1,"2015/09/16 08:30:00",BUTLERSG,-0.000002,"2015/09/16 08:25:09"
D,METER_DATA,GEN_DUID,1,"2015/09/16 08:30:00",CALL_A_4,0,"2015/09/16 08:25:09"
D,METER_DATA,GEN_DUID,1,"2015/09/16 08:30:00",CAPTL_WF,0,"2015/09/16 08:25:09"
D,METER_DATA,GEN_DUID,1,"2015/09/16 08:30:00",CATHROCK,0,"2015/09/16 08:25:09"
D,METER_DATA,GEN_DUID,1,"2015/09/16 08:30:00",CHALLHWF,0,"2015/09/16 08:25:09"
D,METER_DATA,GEN_DUID,1,"2015/09/16 08:30:00",CLOVER,11.49,"2015/09/16 08:25:09"
D,METER_DATA,GEN_DUID,1,"2015/09/16 08:30:00",CLUNY,9.745780,"2015/09/16 08:25:09"
D,METER_DATA,GEN_DUID,1,"2015/09/16 08:30:00",CNUNDAWF,0,"2015/09/16 08:25:09"
D,METER_DATA,GEN_DUID,1,"2015/09/16 08:30:00",CULLRGWF,4.84,"2015/09/16 08:25:09"
D,METER_DATA,GEN_DUID,1,"2015/09/16 08:30:00",ERGT01,0,"2015/09/16 08:25:09"
D,METER_DATA,GEN_DUID,1,"2015/09/16 08:30:00",GB01,0.208096,"2015/09/16 08:25:09"
D,METER_DATA,GEN_DUID,1,"2015/09/16 08:30:00",GERMCRK,31.799999,"2015/09/16 08:25:09"
D,METER_DATA,GEN_DUID,1,"2015/09/16 08:30:00",INVICTA,9.70,"2015/09/16 08:25:09"
D,METER_DATA,GEN_DUID,1,"2015/09/16 08:30:00",LKBONNY1,-0.181410,"2015/09/16 08:25:09"
D,METER_DATA,GEN_DUID,1,"2015/09/16 08:30:00",MBAHNTH,45.956253,"2015/09/16 08:25:09"
D,METER_DATA,GEN_DUID,1,"2015/09/16 08:30:00",MLWF1,0.09,"2015/09/16 08:25:09"
D,METER_DATA,GEN_DUID,1,"2015/09/16 08:30:00",MTMILLAR,18.610720,"2015/09/16 08:25:09"
D,METER_DATA,GEN_DUID,1,"2015/09/16 08:30:00",PALOONA,19.90,"2015/09/16 08:25:09"
D,METER_DATA,GEN_DUID,1,"2015/09/16 08:30:00",PIONEER,21,"2015/09/16 08:25:09"
D,METER_DATA,GEN_DUID,1,"2015/09/16 08:30:00",PORTWF,3.60,"2015/09/16 08:25:09"
D,METER_DATA,GEN_DUID,1,"2015/09/16 08:30:00",REPULSE,13.205114,"2015/09/16 08:25:09"
D,METER_DATA,GEN_DUID,1,"2015/09/16 08:30:00",ROWALLAN,7.2207,"2015/09/16 08:25:09"
D,METER_DATA,GEN_DUID,1,"2015/09/16 08:30:00",RPCG,10.643035,"2015/09/16 08:25:09"
D,METER_DATA,GEN_DUID,1,"2015/09/16 08:30:00",RUBICON,0,"2015/09/16 08:25:09"
D,METER_DATA,GEN_DUID,1,"2015/09/16 08:30:00",STARHLWF,2.499271,"2015/09/16 08:25:09"
D,METER_DATA,GEN_DUID,1,"2015/09/16 08:30:00",WAUBRAWF,0,"2015/09/16 08:25:09"
D,METER_DATA,GEN_DUID,1,"2015/09/16 08:30:00",WOOLNTH1,7.680015,"2015/09/16 08:25:09"
D,METER_DATA,GEN_DUID,1,"2015/09/16 08:30:00",WPWF,11,"2015/09/16 08:25:09"
D,METER_DATA,GEN_DUID,1,"2015/09/16 08:30:00",YAMBUKWF,1.90,"2015/09/16 08:25:09"
D,METER_DATA,GEN_DUID,1,"2015/09/16 08:35:00",ANGAS1,0,"2015/09/16 08:30:13"
D,METER_DATA,GEN_DUID,1,"2015/09/16 08:35:00",ANGAS2,0,"2015/09/16 08:30:13"
D,METER_DATA,GEN_DUID,1,"2015/09/16 08:35:00",BUTLERSG,-0.000002,"2015/09/16 08:30:13"
D,METER_DATA,GEN_DUID,1,"2015/09/16 08:35:00",CALL_A_4,0,"2015/09/16 08:30:13"
D,METER_DATA,GEN_DUID,1,"2015/09/16 08:35:00",CAPTL_WF,0,"2015/09/16 08:30:13"
D,METER_DATA,GEN_DUID,1,"2015/09/16 08:35:00",CATHROCK,0,"2015/09/16 08:30:13"
D,METER_DATA,GEN_DUID,1,"2015/09/16 08:35:00",CHALLHWF,0,"2015/09/16 08:30:13"
D,METER_DATA,GEN_DUID,1,"2015/09/16 08:35:00",CLOVER,11.68,"2015/09/16 08:30:13"
D,METER_DATA,GEN_DUID,1,"2015/09/16 08:35:00",CLUNY,8.259620,"2015/09/16 08:30:13"
D,METER_DATA,GEN_DUID,1,"2015/09/16 08:35:00",CNUNDAWF,0,"2015/09/16 08:30:13"
D,METER_DATA,GEN_DUID,1,"2015/09/16 08:35:00",CULLRGWF,4.33,"2015/09/16 08:30:13"
D,METER_DATA,GEN_DUID,1,"2015/09/16 08:35:00",ERGT01,0,"2015/09/16 08:30:13"
D,METER_DATA,GEN_DUID,1,"2015/09/16 08:35:00",GB01,0.208096,"2015/09/16 08:30:13"
D,METER_DATA,GEN_DUID,1,"2015/09/16 08:35:00",GERMCRK,32.200001,"2015/09/16 08:30:13"
D,METER_DATA,GEN_DUID,1,"2015/09/16 08:35:00",INVICTA,9.70,"2015/09/16 08:30:13"
D,METER_DATA,GEN_DUID,1,"2015/09/16 08:35:00",LKBONNY1,0,"2015/09/16 08:30:13"
D,METER_DATA,GEN_DUID,1,"2015/09/16 08:35:00",MBAHNTH,44.906254,"2015/09/16 08:30:13"
D,METER_DATA,GEN_DUID,1,"2015/09/16 08:35:00",MLWF1,0.1950,"2015/09/16 08:30:13"
D,METER_DATA,GEN_DUID,1,"2015/09/16 08:35:00",MTMILLAR,17.152224,"2015/09/16 08:30:13"
D,METER_DATA,GEN_DUID,1,"2015/09/16 08:35:00",PALOONA,19.90,"2015/09/16 08:30:13"
D,METER_DATA,GEN_DUID,1,"2015/09/16 08:35:00",PIONEER,27,"2015/09/16 08:30:13"
D,METER_DATA,GEN_DUID,1,"2015/09/16 08:35:00",PORTWF,4.20,"2015/09/16 08:30:13"
D,METER_DATA,GEN_DUID,1,"2015/09/16 08:35:00",REPULSE,10.804185,"2015/09/16 08:30:13"
D,METER_DATA,GEN_DUID,1,"2015/09/16 08:35:00",ROWALLAN,7.6112,"2015/09/16 08:30:13"
D,METER_DATA,GEN_DUID,1,"2015/09/16 08:35:00",RPCG,10.862343,"2015/09/16 08:30:13"
D,METER_DATA,GEN_DUID,1,"2015/09/16 08:35:00",RUBICON,0,"2015/09/16 08:30:13"
D,METER_DATA,GEN_DUID,1,"2015/09/16 08:35:00",STARHLWF,1.799475,"2015/09/16 08:30:13"
D,METER_DATA,GEN_DUID,1,"2015/09/16 08:35:00",WAUBRAWF,0,"2015/09/16 08:30:13"
D,METER_DATA,GEN_DUID,1,"2015/09/16 08:35:00",WOOLNTH1,6.330015,"2015/09/16 08:30:13"
D,METER_DATA,GEN_DUID,1,"2015/09/16 08:35:00",WPWF,15,"2015/09/16 08:30:13"
D,METER_DATA,GEN_DUID,1,"2015/09/16 08:35:00",YAMBUKWF,2,"2015/09/16 08:30:13"
D,METER_DATA,GEN_DUID,1,"2015/09/16 08:40:00",ANGAS1,0,"2015/09/16 08:35:07"
D,METER_DATA,GEN_DUID,1,"2015/09/16 08:40:00",ANGAS2,0,"2015/09/16 08:35:07"
D,METER_DATA,GEN_DUID,1,"2015/09/16 08:40:00",BUTLERSG,-0.000002,"2015/09/16 08:35:07"
D,METER_DATA,GEN_DUID,1,"2015/09/16 08:40:00",CALL_A_4,0,"2015/09/16 08:35:07"
D,METER_DATA,GEN_DUID,1,"2015/09/16 08:40:00",CAPTL_WF,0,"2015/09/16 08:35:07"
D,METER_DATA,GEN_DUID,1,"2015/09/16 08:40:00",CATHROCK,0,"2015/09/16 08:35:07"
D,METER_DATA,GEN_DUID,1,"2015/09/16 08:40:00",CHALLHWF,0,"2015/09/16 08:35:07"
D,METER_DATA,GEN_DUID,1,"2015/09/16 08:40:00",CLOVER,11.77,"2015/09/16 08:35:07"
D,METER_DATA,GEN_DUID,1,"2015/09/16 08:40:00",CLUNY,5.387330,"2015/09/16 08:35:07"
D,METER_DATA,GEN_DUID,1,"2015/09/16 08:40:00",CNUNDAWF,0,"2015/09/16 08:35:07"
D,METER_DATA,GEN_DUID,1,"2015/09/16 08:40:00",CULLRGWF,4.58,"2015/09/16 08:35:07"
D,METER_DATA,GEN_DUID,1,"2015/09/16 08:40:00",ERGT01,0,"2015/09/16 08:35:07"
D,METER_DATA,GEN_DUID,1,"2015/09/16 08:40:00",GB01,0.208096,"2015/09/16 08:35:07"
D,METER_DATA,GEN_DUID,1,"2015/09/16 08:40:00",GERMCRK,31.90,"2015/09/16 08:35:07"
D,METER_DATA,GEN_DUID,1,"2015/09/16 08:40:00",INVICTA,9.70,"2015/09/16 08:35:07"
D,METER_DATA,GEN_DUID,1,"2015/09/16 08:40:00",LKBONNY1,0,"2015/09/16 08:35:07"
D,METER_DATA,GEN_DUID,1,"2015/09/16 08:40:00",MBAHNTH,46.012501,"2015/09/16 08:35:07"
D,METER_DATA,GEN_DUID,1,"2015/09/16 08:40:00",MLWF1,0.1950,"2015/09/16 08:35:07"
D,METER_DATA,GEN_DUID,1,"2015/09/16 08:40:00",MTMILLAR,19.645061,"2015/09/16 08:35:07"
D,METER_DATA,GEN_DUID,1,"2015/09/16 08:40:00",PALOONA,19.90,"2015/09/16 08:35:07"
D,METER_DATA,GEN_DUID,1,"2015/09/16 08:40:00",PIONEER,27,"2015/09/16 08:35:07"
D,METER_DATA,GEN_DUID,1,"2015/09/16 08:40:00",PORTWF,4.50,"2015/09/16 08:35:07"
D,METER_DATA,GEN_DUID,1,"2015/09/16 08:40:00",REPULSE,0,"2015/09/16 08:35:07"
D,METER_DATA,GEN_DUID,1,"2015/09/16 08:40:00",ROWALLAN,7.8526,"2015/09/16 08:35:07"
D,METER_DATA,GEN_DUID,1,"2015/09/16 08:40:00",RPCG,10.811443,"2015/09/16 08:35:07"
D,METER_DATA,GEN_DUID,1,"2015/09/16 08:40:00",RUBICON,0,"2015/09/16 08:35:07"
D,METER_DATA,GEN_DUID,1,"2015/09/16 08:40:00",STARHLWF,1.799475,"2015/09/16 08:35:07"
D,METER_DATA,GEN_DUID,1,"2015/09/16 08:40:00",WAUBRAWF,0,"2015/09/16 08:35:07"
D,METER_DATA,GEN_DUID,1,"2015/09/16 08:40:00",WOOLNTH1,6.550015,"2015/09/16 08:35:07"
D,METER_DATA,GEN_DUID,1,"2015/09/16 08:40:00",WPWF,12,"2015/09/16 08:35:07"
D,METER_DATA,GEN_DUID,1,"2015/09/16 08:40:00",YAMBUKWF,1.30,"2015/09/16 08:35:07"
D,METER_DATA,GEN_DUID,1,"2015/09/16 08:45:00",ANGAS1,0,"2015/09/16 08:40:10"
D,METER_DATA,GEN_DUID,1,"2015/09/16 08:45:00",ANGAS2,0,"2015/09/16 08:40:10"
D,METER_DATA,GEN_DUID,1,"2015/09/16 08:45:00",BUTLERSG,-0.000002,"2015/09/16 08:40:10"
D,METER_DATA,GEN_DUID,1,"2015/09/16 08:45:00",CALL_A_4,0,"2015/09/16 08:40:10"
D,METER_DATA,GEN_DUID,1,"2015/09/16 08:45:00",CAPTL_WF,0,"2015/09/16 08:40:10"
D,METER_DATA,GEN_DUID,1,"2015/09/16 08:45:00",CATHROCK,0,"2015/09/16 08:40:10"
D,METER_DATA,GEN_DUID,1,"2015/09/16 08:45:00",CHALLHWF,0,"2015/09/16 08:40:10"
D,METER_DATA,GEN_DUID,1,"2015/09/16 08:45:00",CLOVER,11.76,"2015/09/16 08:40:10"
D,METER_DATA,GEN_DUID,1,"2015/09/16 08:45:00",CLUNY,11.060460,"2015/09/16 08:40:10"
D,METER_DATA,GEN_DUID,1,"2015/09/16 08:45:00",CNUNDAWF,0,"2015/09/16 08:40:10"
D,METER_DATA,GEN_DUID,1,"2015/09/16 08:45:00",CULLRGWF,4.62,"2015/09/16 08:40:10"
D,METER_DATA,GEN_DUID,1,"2015/09/16 08:45:00",ERGT01,0,"2015/09/16 08:40:10"
D,METER_DATA,GEN_DUID,1,"2015/09/16 08:45:00",GB01,0.208096,"2015/09/16 08:40:10"
D,METER_DATA,GEN_DUID,1,"2015/09/16 08:45:00",GERMCRK,32.099998,"2015/09/16 08:40:10"
D,METER_DATA,GEN_DUID,1,"2015/09/16 08:45:00",INVICTA,9.70,"2015/09/16 08:40:10"
D,METER_DATA,GEN_DUID,1,"2015/09/16 08:45:00",LKBONNY1,0,"2015/09/16 08:40:10"
D,METER_DATA,GEN_DUID,1,"2015/09/16 08:45:00",MBAHNTH,46.012501,"2015/09/16 08:40:10"
D,METER_DATA,GEN_DUID,1,"2015/09/16 08:45:00",MLWF1,0.09,"2015/09/16 08:40:10"
D,METER_DATA,GEN_DUID,1,"2015/09/16 08:45:00",MTMILLAR,20.850555,"2015/09/16 08:40:10"
D,METER_DATA,GEN_DUID,1,"2015/09/16 08:45:00",PALOONA,19.90,"2015/09/16 08:40:10"
D,METER_DATA,GEN_DUID,1,"2015/09/16 08:45:00",PIONEER,25.300001,"2015/09/16 08:40:10"
D,METER_DATA,GEN_DUID,1,"2015/09/16 08:45:00",PORTWF,4.20,"2015/09/16 08:40:10"
D,METER_DATA,GEN_DUID,1,"2015/09/16 08:45:00",REPULSE,0,"2015/09/16 08:40:10"
D,METER_DATA,GEN_DUID,1,"2015/09/16 08:45:00",ROWALLAN,8.8537,"2015/09/16 08:40:10"
D,METER_DATA,GEN_DUID,1,"2015/09/16 08:45:00",RPCG,6.509748,"2015/09/16 08:40:10"
D,METER_DATA,GEN_DUID,1,"2015/09/16 08:45:00",RUBICON,0,"2015/09/16 08:40:10"
D,METER_DATA,GEN_DUID,1,"2015/09/16 08:45:00",STARHLWF,1.799475,"2015/09/16 08:40:10"
D,METER_DATA,GEN_DUID,1,"2015/09/16 08:45:00",WAUBRAWF,0,"2015/09/16 08:40:10"
D,METER_DATA,GEN_DUID,1,"2015/09/16 08:45:00",WOOLNTH1,8.700015,"2015/09/16 08:40:10"
D,METER_DATA,GEN_DUID,1,"2015/09/16 08:45:00",WPWF,11,"2015/09/16 08:40:10"
D,METER_DATA,GEN_DUID,1,"2015/09/16 08:45:00",YAMBUKWF,1.50,"2015/09/16 08:40:10"
D,METER_DATA,GEN_DUID,1,"2015/09/16 08:50:00",ANGAS1,0,"2015/09/16 08:45:11"
D,METER_DATA,GEN_DUID,1,"2015/09/16 08:50:00",ANGAS2,0,"2015/09/16 08:45:11"
D,METER_DATA,GEN_DUID,1,"2015/09/16 08:50:00",BUTLERSG,-0.000002,"2015/09/16 08:45:11"
D,METER_DATA,GEN_DUID,1,"2015/09/16 08:50:00",CALL_A_4,0,"2015/09/16 08:45:11"
D,METER_DATA,GEN_DUID,1,"2015/09/16 08:50:00",CAPTL_WF,0,"2015/09/16 08:45:11"
D,METER_DATA,GEN_DUID,1,"2015/09/16 08:50:00",CATHROCK,0,"2015/09/16 08:45:11"
D,METER_DATA,GEN_DUID,1,"2015/09/16 08:50:00",CHALLHWF,0,"2015/09/16 08:45:11"
D,METER_DATA,GEN_DUID,1,"2015/09/16 08:50:00",CLOVER,11.46,"2015/09/16 08:45:11"
D,METER_DATA,GEN_DUID,1,"2015/09/16 08:50:00",CLUNY,9.688621,"2015/09/16 08:45:11"
D,METER_DATA,GEN_DUID,1,"2015/09/16 08:50:00",CNUNDAWF,0,"2015/09/16 08:45:11"
D,METER_DATA,GEN_DUID,1,"2015/09/16 08:50:00",CULLRGWF,4.95,"2015/09/16 08:45:11"
D,METER_DATA,GEN_DUID,1,"2015/09/16 08:50:00",ERGT01,0,"2015/09/16 08:45:11"
D,METER_DATA,GEN_DUID,1,"2015/09/16 08:50:00",GB01,0.208096,"2015/09/16 08:45:11"
D,METER_DATA,GEN_DUID,1,"2015/09/16 08:50:00",GERMCRK,32.099998,"2015/09/16 08:45:11"
D,METER_DATA,GEN_DUID,1,"2015/09/16 08:50:00",INVICTA,9.70,"2015/09/16 08:45:11"
D,METER_DATA,GEN_DUID,1,"2015/09/16 08:50:00",LKBONNY1,0,"2015/09/16 08:45:11"
D,METER_DATA,GEN_DUID,1,"2015/09/16 08:50:00",MBAHNTH,46.012501,"2015/09/16 08:45:11"
D,METER_DATA,GEN_DUID,1,"2015/09/16 08:50:00",MLWF1,0.09,"2015/09/16 08:45:11"
D,METER_DATA,GEN_DUID,1,"2015/09/16 08:50:00",MTMILLAR,25.479050,"2015/09/16 08:45:11"
D,METER_DATA,GEN_DUID,1,"2015/09/16 08:50:00",PALOONA,19.90,"2015/09/16 08:45:11"
D,METER_DATA,GEN_DUID,1,"2015/09/16 08:50:00",PIONEER,28.90,"2015/09/16 08:45:11"
D,METER_DATA,GEN_DUID,1,"2015/09/16 08:50:00",PORTWF,3,"2015/09/16 08:45:11"
D,METER_DATA,GEN_DUID,1,"2015/09/16 08:50:00",REPULSE,0,"2015/09/16 08:45:11"
D,METER_DATA,GEN_DUID,1,"2015/09/16 08:50:00",ROWALLAN,9.1448,"2015/09/16 08:45:11"
D,METER_DATA,GEN_DUID,1,"2015/09/16 08:50:00",RPCG,5.944274,"2015/09/16 08:45:11"
D,METER_DATA,GEN_DUID,1,"2015/09/16 08:50:00",RUBICON,0,"2015/09/16 08:45:11"
D,METER_DATA,GEN_DUID,1,"2015/09/16 08:50:00",STARHLWF,2.599242,"2015/09/16 08:45:11"
D,METER_DATA,GEN_DUID,1,"2015/09/16 08:50:00",WAUBRAWF,0,"2015/09/16 08:45:11"
D,METER_DATA,GEN_DUID,1,"2015/09/16 08:50:00",WOOLNTH1,9.500015,"2015/09/16 08:45:11"
D,METER_DATA,GEN_DUID,1,"2015/09/16 08:50:00",WPWF,13,"2015/09/16 08:45:11"
D,METER_DATA,GEN_DUID,1,"2015/09/16 08:50:00",YAMBUKWF,1.40,"2015/09/16 08:45:11"
D,METER_DATA,GEN_DUID,1,"2015/09/16 08:55:00",ANGAS1,0,"2015/09/16 08:50:13"
D,METER_DATA,GEN_DUID,1,"2015/09/16 08:55:00",ANGAS2,0,"2015/09/16 08:50:13"
D,METER_DATA,GEN_DUID,1,"2015/09/16 08:55:00",BUTLERSG,-0.000002,"2015/09/16 08:50:13"
D,METER_DATA,GEN_DUID,1,"2015/09/16 08:55:00",CALL_A_4,0,"2015/09/16 08:50:13"
D,METER_DATA,GEN_DUID,1,"2015/09/16 08:55:00",CAPTL_WF,0,"2015/09/16 08:50:13"
D,METER_DATA,GEN_DUID,1,"2015/09/16 08:55:00",CATHROCK,0,"2015/09/16 08:50:13"
D,METER_DATA,GEN_DUID,1,"2015/09/16 08:55:00",CHALLHWF,0,"2015/09/16 08:50:13"
D,METER_DATA,GEN_DUID,1,"2015/09/16 08:55:00",CLOVER,11.57,"2015/09/16 08:50:13"
D,METER_DATA,GEN_DUID,1,"2015/09/16 08:55:00",CLUNY,10.460280,"2015/09/16 08:50:13"
D,METER_DATA,GEN_DUID,1,"2015/09/16 08:55:00",CNUNDAWF,0,"2015/09/16 08:50:13"
D,METER_DATA,GEN_DUID,1,"2015/09/16 08:55:00",CULLRGWF,4.22,"2015/09/16 08:50:13"
D,METER_DATA,GEN_DUID,1,"2015/09/16 08:55:00",ERGT01,0,"2015/09/16 08:50:13"
D,METER_DATA,GEN_DUID,1,"2015/09/16 08:55:00",GB01,0.208096,"2015/09/16 08:50:13"
D,METER_DATA,GEN_DUID,1,"2015/09/16 08:55:00",GERMCRK,31.40,"2015/09/16 08:50:13"
D,METER_DATA,GEN_DUID,1,"2015/09/16 08:55:00",INVICTA,9.70,"2015/09/16 08:50:13"
D,METER_DATA,GEN_DUID,1,"2015/09/16 08:55:00",LKBONNY1,0,"2015/09/16 08:50:13"
D,METER_DATA,GEN_DUID,1,"2015/09/16 08:55:00",MBAHNTH,46.012501,"2015/09/16 08:50:13"
D,METER_DATA,GEN_DUID,1,"2015/09/16 08:55:00",MLWF1,0.09,"2015/09/16 08:50:13"
D,METER_DATA,GEN_DUID,1,"2015/09/16 08:55:00",MTMILLAR,23.477337,"2015/09/16 08:50:13"
D,METER_DATA,GEN_DUID,1,"2015/09/16 08:55:00",PALOONA,19.90,"2015/09/16 08:50:13"
D,METER_DATA,GEN_DUID,1,"2015/09/16 08:55:00",PIONEER,27.700001,"2015/09/16 08:50:13"
D,METER_DATA,GEN_DUID,1,"2015/09/16 08:55:00",PORTWF,2.40,"2015/09/16 08:50:13"
D,METER_DATA,GEN_DUID,1,"2015/09/16 08:55:00",REPULSE,0,"2015/09/16 08:50:13"
D,METER_DATA,GEN_DUID,1,"2015/09/16 08:55:00",ROWALLAN,9.4217,"2015/09/16 08:50:13"
D,METER_DATA,GEN_DUID,1,"2015/09/16 08:55:00",RPCG,5.934633,"2015/09/16 08:50:13"
D,METER_DATA,GEN_DUID,1,"2015/09/16 08:55:00",RUBICON,0,"2015/09/16 08:50:13"
D,METER_DATA,GEN_DUID,1,"2015/09/16 08:55:00",STARHLWF,3.798892,"2015/09/16 08:50:13"
D,METER_DATA,GEN_DUID,1,"2015/09/16 08:55:00",WAUBRAWF,0,"2015/09/16 08:50:13"
D,METER_DATA,GEN_DUID,1,"2015/09/16 08:55:00",WOOLNTH1,8.290015,"2015/09/16 08:50:13"
D,METER_DATA,GEN_DUID,1,"2015/09/16 08:55:00",WPWF,10,"2015/09/16 08:50:13"
D,METER_DATA,GEN_DUID,1,"2015/09/16 08:55:00",YAMBUKWF,0.80,"2015/09/16 08:50:13"
D,METER_DATA,GEN_DUID,1,"2015/09/16 09:00:00",ANGAS1,0,"2015/09/16 08:55:11"
D,METER_DATA,GEN_DUID,1,"2015/09/16 09:00:00",ANGAS2,0,"2015/09/16 08:55:11"
D,METER_DATA,GEN_DUID,1,"2015/09/16 09:00:00",BUTLERSG,-0.000002,"2015/09/16 08:55:11"
D,METER_DATA,GEN_DUID,1,"2015/09/16 09:00:00",CALL_A_4,0,"2015/09/16 08:55:11"
D,METER_DATA,GEN_DUID,1,"2015/09/16 09:00:00",CAPTL_WF,0,"2015/09/16 08:55:11"
D,METER_DATA,GEN_DUID,1,"2015/09/16 09:00:00",CATHROCK,0,"2015/09/16 08:55:11"
D,METER_DATA,GEN_DUID,1,"2015/09/16 09:00:00",CHALLHWF,0,"2015/09/16 08:55:11"
D,METER_DATA,GEN_DUID,1,"2015/09/16 09:00:00",CLOVER,11.530001,"2015/09/16 08:55:11"
D,METER_DATA,GEN_DUID,1,"2015/09/16 09:00:00",CLUNY,10.2888,"2015/09/16 08:55:11"
D,METER_DATA,GEN_DUID,1,"2015/09/16 09:00:00",CNUNDAWF,0,"2015/09/16 08:55:11"
D,METER_DATA,GEN_DUID,1,"2015/09/16 09:00:00",CULLRGWF,4.38,"2015/09/16 08:55:11"
D,METER_DATA,GEN_DUID,1,"2015/09/16 09:00:00",ERGT01,0,"2015/09/16 08:55:11"
D,METER_DATA,GEN_DUID,1,"2015/09/16 09:00:00",GB01,0.208096,"2015/09/16 08:55:11"
D,METER_DATA,GEN_DUID,1,"2015/09/16 09:00:00",GERMCRK,31.50,"2015/09/16 08:55:11"
D,METER_DATA,GEN_DUID,1,"2015/09/16 09:00:00",INVICTA,9.70,"2015/09/16 08:55:11"
D,METER_DATA,GEN_DUID,1,"2015/09/16 09:00:00",LKBONNY1,0,"2015/09/16 08:55:11"
D,METER_DATA,GEN_DUID,1,"2015/09/16 09:00:00",MBAHNTH,46.012501,"2015/09/16 08:55:11"
D,METER_DATA,GEN_DUID,1,"2015/09/16 09:00:00",MLWF1,0.18,"2015/09/16 08:55:11"
D,METER_DATA,GEN_DUID,1,"2015/09/16 09:00:00",MTMILLAR,24.422384,"2015/09/16 08:55:11"
D,METER_DATA,GEN_DUID,1,"2015/09/16 09:00:00",PALOONA,19.90,"2015/09/16 08:55:11"
D,METER_DATA,GEN_DUID,1,"2015/09/16 09:00:00",PIONEER,25.700001,"2015/09/16 08:55:11"
D,METER_DATA,GEN_DUID,1,"2015/09/16 09:00:00",PORTWF,2.10,"2015/09/16 08:55:11"
D,METER_DATA,GEN_DUID,1,"2015/09/16 09:00:00",REPULSE,0,"2015/09/16 08:55:11"
D,METER_DATA,GEN_DUID,1,"2015/09/16 09:00:00",ROWALLAN,9.4359,"2015/09/16 08:55:11"
D,METER_DATA,GEN_DUID,1,"2015/09/16 09:00:00",RPCG,10.105116,"2015/09/16 08:55:11"
D,METER_DATA,GEN_DUID,1,"2015/09/16 09:00:00",RUBICON,0,"2015/09/16 08:55:11"
D,METER_DATA,GEN_DUID,1,"2015/09/16 09:00:00",STARHLWF,4.598659,"2015/09/16 08:55:11"
D,METER_DATA,GEN_DUID,1,"2015/09/16 09:00:00",WAUBRAWF,0,"2015/09/16 08:55:11"
D,METER_DATA,GEN_DUID,1,"2015/09/16 09:00:00",WOOLNTH1,6.830015,"2015/09/16 08:55:11"
D,METER_DATA,GEN_DUID,1,"2015/09/16 09:00:00",WPWF,13,"2015/09/16 08:55:11"
D,METER_DATA,GEN_DUID,1,"2015/09/16 09:00:00",YAMBUKWF,1,"2015/09/16 08:55:11"
D,METER_DATA,GEN_DUID,1,"2015/09/16 09:05:00",ANGAS1,0,"2015/09/16 09:00:10"
D,METER_DATA,GEN_DUID,1,"2015/09/16 09:05:00",ANGAS2,0,"2015/09/16 09:00:10"
D,METER_DATA,GEN_DUID,1,"2015/09/16 09:05:00",BUTLERSG,-0.000002,"2015/09/16 09:00:10"
D,METER_DATA,GEN_DUID,1,"2015/09/16 09:05:00",CALL_A_4,0,"2015/09/16 09:00:10"
D,METER_DATA,GEN_DUID,1,"2015/09/16 09:05:00",CAPTL_WF,0,"2015/09/16 09:00:10"
D,METER_DATA,GEN_DUID,1,"2015/09/16 09:05:00",CATHROCK,0,"2015/09/16 09:00:10"
D,METER_DATA,GEN_DUID,1,"2015/09/16 09:05:00",CHALLHWF,0,"2015/09/16 09:00:10"
D,METER_DATA,GEN_DUID,1,"2015/09/16 09:05:00",CLOVER,11.60,"2015/09/16 09:00:10"
D,METER_DATA,GEN_DUID,1,"2015/09/16 09:05:00",CLUNY,8.188170,"2015/09/16 09:00:10"
D,METER_DATA,GEN_DUID,1,"2015/09/16 09:05:00",CNUNDAWF,0,"2015/09/16 09:00:10"
D,METER_DATA,GEN_DUID,1,"2015/09/16 09:05:00",CULLRGWF,3.96,"2015/09/16 09:00:10"
D,METER_DATA,GEN_DUID,1,"2015/09/16 09:05:00",ERGT01,0,"2015/09/16 09:00:10"
D,METER_DATA,GEN_DUID,1,"2015/09/16 09:05:00",GB01,0.208096,"2015/09/16 09:00:10"
D,METER_DATA,GEN_DUID,1,"2015/09/16 09:05:00",GERMCRK,31.700001,"2015/09/16 09:00:10"
D,METER_DATA,GEN_DUID,1,"2015/09/16 09:05:00",INVICTA,9.70,"2015/09/16 09:00:10"
D,METER_DATA,GEN_DUID,1,"2015/09/16 09:05:00",LKBONNY1,0,"2015/09/16 09:00:10"
D,METER_DATA,GEN_DUID,1,"2015/09/16 09:05:00",MBAHNTH,45.000004,"2015/09/16 09:00:10"
D,METER_DATA,GEN_DUID,1,"2015/09/16 09:05:00",MLWF1,0.39,"2015/09/16 09:00:10"
D,METER_DATA,GEN_DUID,1,"2015/09/16 09:05:00",MTMILLAR,27.651913,"2015/09/16 09:00:10"
D,METER_DATA,GEN_DUID,1,"2015/09/16 09:05:00",PALOONA,19.90,"2015/09/16 09:00:10"
D,METER_DATA,GEN_DUID,1,"2015/09/16 09:05:00",PIONEER,28.800001,"2015/09/16 09:00:10"
D,METER_DATA,GEN_DUID,1,"2015/09/16 09:05:00",PORTWF,2.10,"2015/09/16 09:00:10"
D,METER_DATA,GEN_DUID,1,"2015/09/16 09:05:00",REPULSE,0,"2015/09/16 09:00:10"
D,METER_DATA,GEN_DUID,1,"2015/09/16 09:05:00",ROWALLAN,9.6276,"2015/09/16 09:00:10"
D,METER_DATA,GEN_DUID,1,"2015/09/16 09:05:00",RPCG,10.3688,"2015/09/16 09:00:10"
D,METER_DATA,GEN_DUID,1,"2015/09/16 09:05:00",RUBICON,0,"2015/09/16 09:00:10"
D,METER_DATA,GEN_DUID,1,"2015/09/16 09:05:00",STARHLWF,4.098805,"2015/09/16 09:00:10"
D,METER_DATA,GEN_DUID,1,"2015/09/16 09:05:00",WAUBRAWF,0,"2015/09/16 09:00:10"
D,METER_DATA,GEN_DUID,1,"2015/09/16 09:05:00",WOOLNTH1,6.560016,"2015/09/16 09:00:10"
D,METER_DATA,GEN_DUID,1,"2015/09/16 09:05:00",WPWF,11,"2015/09/16 09:00:10"
D,METER_DATA,GEN_DUID,1,"2015/09/16 09:05:00",YAMBUKWF,0.70,"2015/09/16 09:00:10"
D,METER_DATA,GEN_DUID,1,"2015/09/16 09:10:00",ANGAS1,0,"2015/09/16 09:05:08"
D,METER_DATA,GEN_DUID,1,"2015/09/16 09:10:00",ANGAS2,0,"2015/09/16 09:05:08"
D,METER_DATA,GEN_DUID,1,"2015/09/16 09:10:00",BUTLERSG,-0.000002,"2015/09/16 09:05:08"
D,METER_DATA,GEN_DUID,1,"2015/09/16 09:10:00",CALL_A_4,0,"2015/09/16 09:05:08"
D,METER_DATA,GEN_DUID,1,"2015/09/16 09:10:00",CAPTL_WF,0,"2015/09/16 09:05:08"
D,METER_DATA,GEN_DUID,1,"2015/09/16 09:10:00",CATHROCK,0,"2015/09/16 09:05:08"
D,METER_DATA,GEN_DUID,1,"2015/09/16 09:10:00",CHALLHWF,0,"2015/09/16 09:05:08"
D,METER_DATA,GEN_DUID,1,"2015/09/16 09:10:00",CLOVER,11.54,"2015/09/16 09:05:08"
D,METER_DATA,GEN_DUID,1,"2015/09/16 09:10:00",CLUNY,3.529630,"2015/09/16 09:05:08"
D,METER_DATA,GEN_DUID,1,"2015/09/16 09:10:00",CNUNDAWF,0,"2015/09/16 09:05:08"
D,METER_DATA,GEN_DUID,1,"2015/09/16 09:10:00",CULLRGWF,3.99,"2015/09/16 09:05:08"
D,METER_DATA,GEN_DUID,1,"2015/09/16 09:10:00",ERGT01,0,"2015/09/16 09:05:08"
D,METER_DATA,GEN_DUID,1,"2015/09/16 09:10:00",GB01,0.208096,"2015/09/16 09:05:08"
D,METER_DATA,GEN_DUID,1,"2015/09/16 09:10:00",GERMCRK,31.60,"2015/09/16 09:05:08"
D,METER_DATA,GEN_DUID,1,"2015/09/16 09:10:00",INVICTA,14.20,"2015/09/16 09:05:08"
D,METER_DATA,GEN_DUID,1,"2015/09/16 09:10:00",LKBONNY1,-0.360028,"2015/09/16 09:05:08"
D,METER_DATA,GEN_DUID,1,"2015/09/16 09:10:00",MBAHNTH,45.000004,"2015/09/16 09:05:08"
D,METER_DATA,GEN_DUID,1,"2015/09/16 09:10:00",MLWF1,0.18,"2015/09/16 09:05:08"
D,METER_DATA,GEN_DUID,1,"2015/09/16 09:10:00",MTMILLAR,27.458439,"2015/09/16 09:05:08"
D,METER_DATA,GEN_DUID,1,"2015/09/16 09:10:00",PALOONA,19.90,"2015/09/16 09:05:08"
D,METER_DATA,GEN_DUID,1,"2015/09/16 09:10:00",PIONEER,29.300001,"2015/09/16 09:05:08"
D,METER_DATA,GEN_DUID,1,"2015/09/16 09:10:00",PORTWF,1.80,"2015/09/16 09:05:08"
D,METER_DATA,GEN_DUID,1,"2015/09/16 09:10:00",REPULSE,0,"2015/09/16 09:05:08"
D,METER_DATA,GEN_DUID,1,"2015/09/16 09:10:00",ROWALLAN,9.5353,"2015/09/16 09:05:08"
D,METER_DATA,GEN_DUID,1,"2015/09/16 09:10:00",RPCG,10.306235,"2015/09/16 09:05:08"
D,METER_DATA,GEN_DUID,1,"2015/09/16 09:10:00",RUBICON,0,"2015/09/16 09:05:08"
D,METER_DATA,GEN_DUID,1,"2015/09/16 09:10:00",STARHLWF,4.898571,"2015/09/16 09:05:08"
D,METER_DATA,GEN_DUID,1,"2015/09/16 09:10:00",WAUBRAWF,0,"2015/09/16 09:05:08"
D,METER_DATA,GEN_DUID,1,"2015/09/16 09:10:00",WOOLNTH1,8.840015,"2015/09/16 09:05:08"
D,METER_DATA,GEN_DUID,1,"2015/09/16 09:10:00",WPWF,10,"2015/09/16 09:05:08"
D,METER_DATA,GEN_DUID,1,"2015/09/16 09:10:00",YAMBUKWF,0.30,"2015/09/16 09:05:08"
D,METER_DATA,GEN_DUID,1,"2015/09/16 09:15:00",ANGAS1,0,"2015/09/16 09:10:07"
D,METER_DATA,GEN_DUID,1,"2015/09/16 09:15:00",ANGAS2,0,"2015/09/16 09:10:07"
D,METER_DATA,GEN_DUID,1,"2015/09/16 09:15:00",BUTLERSG,-0.000002,"2015/09/16 09:10:07"
D,METER_DATA,GEN_DUID,1,"2015/09/16 09:15:00",CALL_A_4,0,"2015/09/16 09:10:07"
D,METER_DATA,GEN_DUID,1,"2015/09/16 09:15:00",CAPTL_WF,0,"2015/09/16 09:10:07"
D,METER_DATA,GEN_DUID,1,"2015/09/16 09:15:00",CATHROCK,0,"2015/09/16 09:10:07"
D,METER_DATA,GEN_DUID,1,"2015/09/16 09:15:00",CHALLHWF,0,"2015/09/16 09:10:07"
D,METER_DATA,GEN_DUID,1,"2015/09/16 09:15:00",CLOVER,7.56,"2015/09/16 09:10:07"
D,METER_DATA,GEN_DUID,1,"2015/09/16 09:15:00",CLUNY,3.515340,"2015/09/16 09:10:07"
D,METER_DATA,GEN_DUID,1,"2015/09/16 09:15:00",CNUNDAWF,0,"2015/09/16 09:10:07"
D,METER_DATA,GEN_DUID,1,"2015/09/16 09:15:00",CULLRGWF,4.07,"2015/09/16 09:10:07"
D,METER_DATA,GEN_DUID,1,"2015/09/16 09:15:00",ERGT01,0,"2015/09/16 09:10:07"
D,METER_DATA,GEN_DUID,1,"2015/09/16 09:15:00",GB01,0.208096,"2015/09/16 09:10:07"
D,METER_DATA,GEN_DUID,1,"2015/09/16 09:15:00",GERMCRK,32,"2015/09/16 09:10:07"
D,METER_DATA,GEN_DUID,1,"2015/09/16 09:15:00",INVICTA,19.950001,"2015/09/16 09:10:07"
D,METER_DATA,GEN_DUID,1,"2015/09/16 09:15:00",LKBONNY1,-0.360028,"2015/09/16 09:10:07"
D,METER_DATA,GEN_DUID,1,"2015/09/16 09:15:00",MBAHNTH,45.000004,"2015/09/16 09:10:07"
D,METER_DATA,GEN_DUID,1,"2015/09/16 09:15:00",MLWF1,0.2550,"2015/09/16 09:10:07"
D,METER_DATA,GEN_DUID,1,"2015/09/16 09:15:00",MTMILLAR,28.098392,"2015/09/16 09:10:07"
D,METER_DATA,GEN_DUID,1,"2015/09/16 09:15:00",PALOONA,19.90,"2015/09/16 09:10:07"
D,METER_DATA,GEN_DUID,1,"2015/09/16 09:15:00",PIONEER,28.10,"2015/09/16 09:10:07"
D,METER_DATA,GEN_DUID,1,"2015/09/16 09:15:00",PORTWF,2.20,"2015/09/16 09:10:07"
D,METER_DATA,GEN_DUID,1,"2015/09/16 09:15:00",REPULSE,0,"2015/09/16 09:10:07"
D,METER_DATA,GEN_DUID,1,"2015/09/16 09:15:00",ROWALLAN,9.4146,"2015/09/16 09:10:07"
D,METER_DATA,GEN_DUID,1,"2015/09/16 09:15:00",RPCG,6.123474,"2015/09/16 09:10:07"
D,METER_DATA,GEN_DUID,1,"2015/09/16 09:15:00",RUBICON,0,"2015/09/16 09:10:07"
D,METER_DATA,GEN_DUID,1,"2015/09/16 09:15:00",STARHLWF,4.898571,"2015/09/16 09:10:07"
D,METER_DATA,GEN_DUID,1,"2015/09/16 09:15:00",WAUBRAWF,0,"2015/09/16 09:10:07"
D,METER_DATA,GEN_DUID,1,"2015/09/16 09:15:00",WOOLNTH1,10.030015,"2015/09/16 09:10:07"
D,METER_DATA,GEN_DUID,1,"2015/09/16 09:15:00",WPWF,11,"2015/09/16 09:10:07"
D,METER_DATA,GEN_DUID,1,"2015/09/16 09:15:00",YAMBUKWF,0.40,"2015/09/16 09:10:07"
D,METER_DATA,GEN_DUID,1,"2015/09/16 09:20:00",ANGAS1,0,"2015/09/16 09:15:10"
D,METER_DATA,GEN_DUID,1,"2015/09/16 09:20:00",ANGAS2,0,"2015/09/16 09:15:10"
D,METER_DATA,GEN_DUID,1,"2015/09/16 09:20:00",BUTLERSG,-0.000002,"2015/09/16 09:15:10"
D,METER_DATA,GEN_DUID,1,"2015/09/16 09:20:00",CALL_A_4,0,"2015/09/16 09:15:10"
D,METER_DATA,GEN_DUID,1,"2015/09/16 09:20:00",CAPTL_WF,0,"2015/09/16 09:15:10"
D,METER_DATA,GEN_DUID,1,"2015/09/16 09:20:00",CATHROCK,0,"2015/09/16 09:15:10"
D,METER_DATA,GEN_DUID,1,"2015/09/16 09:20:00",CHALLHWF,0,"2015/09/16 09:15:10"
D,METER_DATA,GEN_DUID,1,"2015/09/16 09:20:00",CLOVER,-0.01,"2015/09/16 09:15:10"
D,METER_DATA,GEN_DUID,1,"2015/09/16 09:20:00",CLUNY,4.258420,"2015/09/16 09:15:10"
D,METER_DATA,GEN_DUID,1,"2015/09/16 09:20:00",CNUNDAWF,0,"2015/09/16 09:15:10"
D,METER_DATA,GEN_DUID,1,"2015/09/16 09:20:00",CULLRGWF,4.37,"2015/09/16 09:15:10"
D,METER_DATA,GEN_DUID,1,"2015/09/16 09:20:00",ERGT01,0,"2015/09/16 09:15:10"
D,METER_DATA,GEN_DUID,1,"2015/09/16 09:20:00",GB01,0.208096,"2015/09/16 09:15:10"
D,METER_DATA,GEN_DUID,1,"2015/09/16 09:20:00",GERMCRK,31.50,"2015/09/16 09:15:10"
D,METER_DATA,GEN_DUID,1,"2015/09/16 09:20:00",INVICTA,28.0250,"2015/09/16 09:15:10"
D,METER_DATA,GEN_DUID,1,"2015/09/16 09:20:00",LKBONNY1,-0.360028,"2015/09/16 09:15:10"
D,METER_DATA,GEN_DUID,1,"2015/09/16 09:20:00",MBAHNTH,45.000004,"2015/09/16 09:15:10"
D,METER_DATA,GEN_DUID,1,"2015/09/16 09:20:00",MLWF1,0.48,"2015/09/16 09:15:10"
D,METER_DATA,GEN_DUID,1,"2015/09/16 09:20:00",MTMILLAR,28.381163,"2015/09/16 09:15:10"
D,METER_DATA,GEN_DUID,1,"2015/09/16 09:20:00",PALOONA,19.90,"2015/09/16 09:15:10"
D,METER_DATA,GEN_DUID,1,"2015/09/16 09:20:00",PIONEER,29.50,"2015/09/16 09:15:10"
D,METER_DATA,GEN_DUID,1,"2015/09/16 09:20:00",PORTWF,3.60,"2015/09/16 09:15:10"
D,METER_DATA,GEN_DUID,1,"2015/09/16 09:20:00",REPULSE,0,"2015/09/16 09:15:10"
D,METER_DATA,GEN_DUID,1,"2015/09/16 09:20:00",ROWALLAN,9.3791,"2015/09/16 09:15:10"
D,METER_DATA,GEN_DUID,1,"2015/09/16 09:20:00",RPCG,10.711844,"2015/09/16 09:15:10"
D,METER_DATA,GEN_DUID,1,"2015/09/16 09:20:00",RUBICON,0,"2015/09/16 09:15:10"
D,METER_DATA,GEN_DUID,1,"2015/09/16 09:20:00",STARHLWF,5.398426,"2015/09/16 09:15:10"
D,METER_DATA,GEN_DUID,1,"2015/09/16 09:20:00",WAUBRAWF,0,"2015/09/16 09:15:10"
D,METER_DATA,GEN_DUID,1,"2015/09/16 09:20:00",WOOLNTH1,11.020015,"2015/09/16 09:15:10"
D,METER_DATA,GEN_DUID,1,"2015/09/16 09:20:00",WPWF,10,"2015/09/16 09:15:10"
D,METER_DATA,GEN_DUID,1,"2015/09/16 09:20:00",YAMBUKWF,0.70,"2015/09/16 09:15:10"
D,METER_DATA,GEN_DUID,1,"2015/09/16 09:25:00",ANGAS1,0,"2015/09/16 09:20:06"
D,METER_DATA,GEN_DUID,1,"2015/09/16 09:25:00",ANGAS2,0,"2015/09/16 09:20:06"
D,METER_DATA,GEN_DUID,1,"2015/09/16 09:25:00",BUTLERSG,-0.000002,"2015/09/16 09:20:06"
D,METER_DATA,GEN_DUID,1,"2015/09/16 09:25:00",CALL_A_4,0,"2015/09/16 09:20:06"
D,METER_DATA,GEN_DUID,1,"2015/09/16 09:25:00",CAPTL_WF,0,"2015/09/16 09:20:06"
D,METER_DATA,GEN_DUID,1,"2015/09/16 09:25:00",CATHROCK,0,"2015/09/16 09:20:06"
D,METER_DATA,GEN_DUID,1,"2015/09/16 09:25:00",CHALLHWF,0,"2015/09/16 09:20:06"
D,METER_DATA,GEN_DUID,1,"2015/09/16 09:25:00",CLOVER,-0.01,"2015/09/16 09:20:06"
D,METER_DATA,GEN_DUID,1,"2015/09/16 09:25:00",CLUNY,4.086940,"2015/09/16 09:20:06"
D,METER_DATA,GEN_DUID,1,"2015/09/16 09:25:00",CNUNDAWF,0,"2015/09/16 09:20:06"
D,METER_DATA,GEN_DUID,1,"2015/09/16 09:25:00",CULLRGWF,5.06,"2015/09/16 09:20:06"
D,METER_DATA,GEN_DUID,1,"2015/09/16 09:25:00",ERGT01,0,"2015/09/16 09:20:06"
D,METER_DATA,GEN_DUID,1,"2015/09/16 09:25:00",GB01,0.208096,"2015/09/16 09:20:06"
D,METER_DATA,GEN_DUID,1,"2015/09/16 09:25:00",GERMCRK,32.400002,"2015/09/16 09:20:06"
D,METER_DATA,GEN_DUID,1,"2015/09/16 09:25:00",INVICTA,36.25,"2015/09/16 09:20:06"
D,METER_DATA,GEN_DUID,1,"2015/09/16 09:25:00",LKBONNY1,-0.360028,"2015/09/16 09:20:06"
D,METER_DATA,GEN_DUID,1,"2015/09/16 09:25:00",MBAHNTH,49.500004,"2015/09/16 09:20:06"
D,METER_DATA,GEN_DUID,1,"2015/09/16 09:25:00",MLWF1,0.5850,"2015/09/16 09:20:06"
D,METER_DATA,GEN_DUID,1,"2015/09/16 09:25:00",MTMILLAR,29.928955,"2015/09/16 09:20:06"
D,METER_DATA,GEN_DUID,1,"2015/09/16 09:25:00",PALOONA,20.01,"2015/09/16 09:20:06"
D,METER_DATA,GEN_DUID,1,"2015/09/16 09:25:00",PIONEER,27.90,"2015/09/16 09:20:06"
D,METER_DATA,GEN_DUID,1,"2015/09/16 09:25:00",PORTWF,4.20,"2015/09/16 09:20:06"
D,METER_DATA,GEN_DUID,1,"2015/09/16 09:25:00",REPULSE,0,"2015/09/16 09:20:06"
D,METER_DATA,GEN_DUID,1,"2015/09/16 09:25:00",ROWALLAN,9.4714,"2015/09/16 09:20:06"
D,METER_DATA,GEN_DUID,1,"2015/09/16 09:25:00",RPCG,6.860672,"2015/09/16 09:20:06"
D,METER_DATA,GEN_DUID,1,"2015/09/16 09:25:00",RUBICON,0,"2015/09/16 09:20:06"
D,METER_DATA,GEN_DUID,1,"2015/09/16 09:25:00",STARHLWF,8.497522,"2015/09/16 09:20:06"
D,METER_DATA,GEN_DUID,1,"2015/09/16 09:25:00",WAUBRAWF,0,"2015/09/16 09:20:06"
D,METER_DATA,GEN_DUID,1,"2015/09/16 09:25:00",WOOLNTH1,5.020015,"2015/09/16 09:20:06"
D,METER_DATA,GEN_DUID,1,"2015/09/16 09:25:00",WPWF,9,"2015/09/16 09:20:06"
D,METER_DATA,GEN_DUID,1,"2015/09/16 09:25:00",YAMBUKWF,0.80,"2015/09/16 09:20:06"
D,METER_DATA,GEN_DUID,1,"2015/09/16 09:30:00",ANGAS1,0,"2015/09/16 09:25:08"
D,METER_DATA,GEN_DUID,1,"2015/09/16 09:30:00",ANGAS2,0,"2015/09/16 09:25:08"
D,METER_DATA,GEN_DUID,1,"2015/09/16 09:30:00",BUTLERSG,-0.000002,"2015/09/16 09:25:08"
D,METER_DATA,GEN_DUID,1,"2015/09/16 09:30:00",CALL_A_4,0,"2015/09/16 09:25:08"
D,METER_DATA,GEN_DUID,1,"2015/09/16 09:30:00",CAPTL_WF,0,"2015/09/16 09:25:08"
D,METER_DATA,GEN_DUID,1,"2015/09/16 09:30:00",CATHROCK,0,"2015/09/16 09:25:08"
D,METER_DATA,GEN_DUID,1,"2015/09/16 09:30:00",CHALLHWF,0,"2015/09/16 09:25:08"
D,METER_DATA,GEN_DUID,1,"2015/09/16 09:30:00",CLOVER,-0.03,"2015/09/16 09:25:08"
D,METER_DATA,GEN_DUID,1,"2015/09/16 09:30:00",CLUNY,4.258420,"2015/09/16 09:25:08"
D,METER_DATA,GEN_DUID,1,"2015/09/16 09:30:00",CNUNDAWF,0,"2015/09/16 09:25:08"
D,METER_DATA,GEN_DUID,1,"2015/09/16 09:30:00",CULLRGWF,5.72,"2015/09/16 09:25:08"
D,METER_DATA,GEN_DUID,1,"2015/09/16 09:30:00",ERGT01,0,"2015/09/16 09:25:08"
D,METER_DATA,GEN_DUID,1,"2015/09/16 09:30:00",GB01,0.208096,"2015/09/16 09:25:08"
D,METER_DATA,GEN_DUID,1,"2015/09/16 09:30:00",GERMCRK,33.099998,"2015/09/16 09:25:08"
D,METER_DATA,GEN_DUID,1,"2015/09/16 09:30:00",INVICTA,37.325001,"2015/09/16 09:25:08"
D,METER_DATA,GEN_DUID,1,"2015/09/16 09:30:00",LKBONNY1,-0.360028,"2015/09/16 09:25:08"
D,METER_DATA,GEN_DUID,1,"2015/09/16 09:30:00",MBAHNTH,45.018753,"2015/09/16 09:25:08"
D,METER_DATA,GEN_DUID,1,"2015/09/16 09:30:00",MLWF1,0.5850,"2015/09/16 09:25:08"
D,METER_DATA,GEN_DUID,1,"2015/09/16 09:30:00",MTMILLAR,32.786419,"2015/09/16 09:25:08"
D,METER_DATA,GEN_DUID,1,"2015/09/16 09:30:00",PALOONA,19.879999,"2015/09/16 09:25:08"
D,METER_DATA,GEN_DUID,1,"2015/09/16 09:30:00",PIONEER,29.800001,"2015/09/16 09:25:08"
D,METER_DATA,GEN_DUID,1,"2015/09/16 09:30:00",PORTWF,5.50,"2015/09/16 09:25:08"
D,METER_DATA,GEN_DUID,1,"2015/09/16 09:30:00",REPULSE,0,"2015/09/16 09:25:08"
D,METER_DATA,GEN_DUID,1,"2015/09/16 09:30:00",ROWALLAN,9.5424,"2015/09/16 09:25:08"
D,METER_DATA,GEN_DUID,1,"2015/09/16 09:30:00",RPCG,10.799630,"2015/09/16 09:25:08"
D,METER_DATA,GEN_DUID,1,"2015/09/16 09:30:00",RUBICON,0,"2015/09/16 09:25:08"
D,METER_DATA,GEN_DUID,1,"2015/09/16 09:30:00",STARHLWF,10.696880,"2015/09/16 09:25:08"
D,METER_DATA,GEN_DUID,1,"2015/09/16 09:30:00",WAUBRAWF,0,"2015/09/16 09:25:08"
D,METER_DATA,GEN_DUID,1,"2015/09/16 09:30:00",WOOLNTH1,2.870015,"2015/09/16 09:25:08"
D,METER_DATA,GEN_DUID,1,"2015/09/16 09:30:00",WPWF,10,"2015/09/16 09:25:08"
D,METER_DATA,GEN_DUID,1,"2015/09/16 09:30:00",YAMBUKWF,0.80,"2015/09/16 09:25:08"
D,METER_DATA,GEN_DUID,1,"2015/09/16 09:35:00",ANGAS1,0,"2015/09/16 09:30:11"
D,METER_DATA,GEN_DUID,1,"2015/09/16 09:35:00",ANGAS2,0,"2015/09/16 09:30:11"
D,METER_DATA,GEN_DUID,1,"2015/09/16 09:35:00",BUTLERSG,-0.000002,"2015/09/16 09:30:11"
D,METER_DATA,GEN_DUID,1,"2015/09/16 09:35:00",CALL_A_4,0,"2015/09/16 09:30:11"
D,METER_DATA,GEN_DUID,1,"2015/09/16 09:35:00",CAPTL_WF,0,"2015/09/16 09:30:11"
D,METER_DATA,GEN_DUID,1,"2015/09/16 09:35:00",CATHROCK,0,"2015/09/16 09:30:11"
D,METER_DATA,GEN_DUID,1,"2015/09/16 09:35:00",CHALLHWF,0,"2015/09/16 09:30:11"
D,METER_DATA,GEN_DUID,1,"2015/09/16 09:35:00",CLOVER,-0.02,"2015/09/16 09:30:11"
D,METER_DATA,GEN_DUID,1,"2015/09/16 09:35:00",CLUNY,4.4299,"2015/09/16 09:30:11"
D,METER_DATA,GEN_DUID,1,"2015/09/16 09:35:00",CNUNDAWF,0,"2015/09/16 09:30:11"
D,METER_DATA,GEN_DUID,1,"2015/09/16 09:35:00",CULLRGWF,6.72,"2015/09/16 09:30:11"
D,METER_DATA,GEN_DUID,1,"2015/09/16 09:35:00",ERGT01,0,"2015/09/16 09:30:11"
D,METER_DATA,GEN_DUID,1,"2015/09/16 09:35:00",GB01,0.208096,"2015/09/16 09:30:11"
D,METER_DATA,GEN_DUID,1,"2015/09/16 09:35:00",GERMCRK,33.299999,"2015/09/16 09:30:11"
D,METER_DATA,GEN_DUID,1,"2015/09/16 09:35:00",INVICTA,37.325001,"2015/09/16 09:30:11"
D,METER_DATA,GEN_DUID,1,"2015/09/16 09:35:00",LKBONNY1,-0.360028,"2015/09/16 09:30:11"
D,METER_DATA,GEN_DUID,1,"2015/09/16 09:35:00",MBAHNTH,43.968754,"2015/09/16 09:30:11"
D,METER_DATA,GEN_DUID,1,"2015/09/16 09:35:00",MLWF1,0.69,"2015/09/16 09:30:11"
D,METER_DATA,GEN_DUID,1,"2015/09/16 09:35:00",MTMILLAR,36.112686,"2015/09/16 09:30:11"
D,METER_DATA,GEN_DUID,1,"2015/09/16 09:35:00",PALOONA,19.879999,"2015/09/16 09:30:11"
D,METER_DATA,GEN_DUID,1,"2015/09/16 09:35:00",PIONEER,26.60,"2015/09/16 09:30:11"
D,METER_DATA,GEN_DUID,1,"2015/09/16 09:35:00",PORTWF,6.10,"2015/09/16 09:30:11"
D,METER_DATA,GEN_DUID,1,"2015/09/16 09:35:00",REPULSE,0,"2015/09/16 09:30:11"
D,METER_DATA,GEN_DUID,1,"2015/09/16 09:35:00",ROWALLAN,9.4501,"2015/09/16 09:30:11"
D,METER_DATA,GEN_DUID,1,"2015/09/16 09:35:00",RPCG,10.958702,"2015/09/16 09:30:11"
D,METER_DATA,GEN_DUID,1,"2015/09/16 09:35:00",RUBICON,0,"2015/09/16 09:30:11"
D,METER_DATA,GEN_DUID,1,"2015/09/16 09:35:00",STARHLWF,11.596619,"2015/09/16 09:30:11"
D,METER_DATA,GEN_DUID,1,"2015/09/16 09:35:00",WAUBRAWF,0,"2015/09/16 09:30:11"
D,METER_DATA,GEN_DUID,1,"2015/09/16 09:35:00",WOOLNTH1,3.580015,"2015/09/16 09:30:11"
D,METER_DATA,GEN_DUID,1,"2015/09/16 09:35:00",WPWF,9,"2015/09/16 09:30:11"
D,METER_DATA,GEN_DUID,1,"2015/09/16 09:35:00",YAMBUKWF,1.10,"2015/09/16 09:30:11"
D,METER_DATA,GEN_DUID,1,"2015/09/16 09:40:00",ANGAS1,0,"2015/09/16 09:35:09"
D,METER_DATA,GEN_DUID,1,"2015/09/16 09:40:00",ANGAS2,0,"2015/09/16 09:35:09"
D,METER_DATA,GEN_DUID,1,"2015/09/16 09:40:00",BUTLERSG,-0.000002,"2015/09/16 09:35:09"
D,METER_DATA,GEN_DUID,1,"2015/09/16 09:40:00",CALL_A_4,0,"2015/09/16 09:35:09"
D,METER_DATA,GEN_DUID,1,"2015/09/16 09:40:00",CAPTL_WF,0,"2015/09/16 09:35:09"
D,METER_DATA,GEN_DUID,1,"2015/09/16 09:40:00",CATHROCK,0,"2015/09/16 09:35:09"
D,METER_DATA,GEN_DUID,1,"2015/09/16 09:40:00",CHALLHWF,0,"2015/09/16 09:35:09"
D,METER_DATA,GEN_DUID,1,"2015/09/16 09:40:00",CLOVER,-0.01,"2015/09/16 09:35:09"
D,METER_DATA,GEN_DUID,1,"2015/09/16 09:40:00",CLUNY,3.958330,"2015/09/16 09:35:09"
D,METER_DATA,GEN_DUID,1,"2015/09/16 09:40:00",CNUNDAWF,0,"2015/09/16 09:35:09"
D,METER_DATA,GEN_DUID,1,"2015/09/16 09:40:00",CULLRGWF,7.28,"2015/09/16 09:35:09"
D,METER_DATA,GEN_DUID,1,"2015/09/16 09:40:00",ERGT01,0,"2015/09/16 09:35:09"
D,METER_DATA,GEN_DUID,1,"2015/09/16 09:40:00",GB01,0.208096,"2015/09/16 09:35:09"
D,METER_DATA,GEN_DUID,1,"2015/09/16 09:40:00",GERMCRK,32.099998,"2015/09/16 09:35:09"
D,METER_DATA,GEN_DUID,1,"2015/09/16 09:40:00",INVICTA,38.3750,"2015/09/16 09:35:09"
D,METER_DATA,GEN_DUID,1,"2015/09/16 09:40:00",LKBONNY1,-0.360028,"2015/09/16 09:35:09"
D,METER_DATA,GEN_DUID,1,"2015/09/16 09:40:00",MBAHNTH,45.056252,"2015/09/16 09:35:09"
D,METER_DATA,GEN_DUID,1,"2015/09/16 09:40:00",MLWF1,0.90,"2015/09/16 09:35:09"
D,METER_DATA,GEN_DUID,1,"2015/09/16 09:40:00",MTMILLAR,34.468155,"2015/09/16 09:35:09"
D,METER_DATA,GEN_DUID,1,"2015/09/16 09:40:00",PALOONA,19.879999,"2015/09/16 09:35:09"
D,METER_DATA,GEN_DUID,1,"2015/09/16 09:40:00",PIONEER,28.200001,"2015/09/16 09:35:09"
D,METER_DATA,GEN_DUID,1,"2015/09/16 09:40:00",PORTWF,7.90,"2015/09/16 09:35:09"
D,METER_DATA,GEN_DUID,1,"2015/09/16 09:40:00",REPULSE,0,"2015/09/16 09:35:09"
D,METER_DATA,GEN_DUID,1,"2015/09/16 09:40:00",ROWALLAN,9.4998,"2015/09/16 09:35:09"
D,METER_DATA,GEN_DUID,1,"2015/09/16 09:40:00",RPCG,10.845427,"2015/09/16 09:35:09"
D,METER_DATA,GEN_DUID,1,"2015/09/16 09:40:00",RUBICON,0,"2015/09/16 09:35:09"
D,METER_DATA,GEN_DUID,1,"2015/09/16 09:40:00",STARHLWF,12.096473,"2015/09/16 09:35:09"
D,METER_DATA,GEN_DUID,1,"2015/09/16 09:40:00",WAUBRAWF,0,"2015/09/16 09:35:09"
D,METER_DATA,GEN_DUID,1,"2015/09/16 09:40:00",WOOLNTH1,3.500015,"2015/09/16 09:35:09"
D,METER_DATA,GEN_DUID,1,"2015/09/16 09:40:00",WPWF,6,"2015/09/16 09:35:09"
D,METER_DATA,GEN_DUID,1,"2015/09/16 09:40:00",YAMBUKWF,1.20,"2015/09/16 09:35:09"
D,METER_DATA,GEN_DUID,1,"2015/09/16 09:45:00",ANGAS1,0,"2015/09/16 09:40:11"
D,METER_DATA,GEN_DUID,1,"2015/09/16 09:45:00",ANGAS2,0,"2015/09/16 09:40:11"
D,METER_DATA,GEN_DUID,1,"2015/09/16 09:45:00",BUTLERSG,-0.000002,"2015/09/16 09:40:11"
D,METER_DATA,GEN_DUID,1,"2015/09/16 09:45:00",CALL_A_4,0,"2015/09/16 09:40:11"
D,METER_DATA,GEN_DUID,1,"2015/09/16 09:45:00",CAPTL_WF,0,"2015/09/16 09:40:11"
D,METER_DATA,GEN_DUID,1,"2015/09/16 09:45:00",CATHROCK,0,"2015/09/16 09:40:11"
D,METER_DATA,GEN_DUID,1,"2015/09/16 09:45:00",CHALLHWF,0,"2015/09/16 09:40:11"
D,METER_DATA,GEN_DUID,1,"2015/09/16 09:45:00",CLOVER,-0.01,"2015/09/16 09:40:11"
D,METER_DATA,GEN_DUID,1,"2015/09/16 09:45:00",CLUNY,4.258420,"2015/09/16 09:40:11"
D,METER_DATA,GEN_DUID,1,"2015/09/16 09:45:00",CNUNDAWF,0,"2015/09/16 09:40:11"
D,METER_DATA,GEN_DUID,1,"2015/09/16 09:45:00",CULLRGWF,8.68,"2015/09/16 09:40:11"
D,METER_DATA,GEN_DUID,1,"2015/09/16 09:45:00",ERGT01,0,"2015/09/16 09:40:11"
D,METER_DATA,GEN_DUID,1,"2015/09/16 09:45:00",GB01,0.208096,"2015/09/16 09:40:11"
D,METER_DATA,GEN_DUID,1,"2015/09/16 09:45:00",GERMCRK,32,"2015/09/16 09:40:11"
D,METER_DATA,GEN_DUID,1,"2015/09/16 09:45:00",INVICTA,38.3750,"2015/09/16 09:40:11"
D,METER_DATA,GEN_DUID,1,"2015/09/16 09:45:00",LKBONNY1,-0.360028,"2015/09/16 09:40:11"
D,METER_DATA,GEN_DUID,1,"2015/09/16 09:45:00",MBAHNTH,45.056252,"2015/09/16 09:40:11"
D,METER_DATA,GEN_DUID,1,"2015/09/16 09:45:00",MLWF1,0.90,"2015/09/16 09:40:11"
D,METER_DATA,GEN_DUID,1,"2015/09/16 09:45:00",MTMILLAR,33.404049,"2015/09/16 09:40:11"
D,METER_DATA,GEN_DUID,1,"2015/09/16 09:45:00",PALOONA,20,"2015/09/16 09:40:11"
D,METER_DATA,GEN_DUID,1,"2015/09/16 09:45:00",PIONEER,32,"2015/09/16 09:40:11"
D,METER_DATA,GEN_DUID,1,"2015/09/16 09:45:00",PORTWF,7.10,"2015/09/16 09:40:11"
D,METER_DATA,GEN_DUID,1,"2015/09/16 09:45:00",REPULSE,0,"2015/09/16 09:40:11"
D,METER_DATA,GEN_DUID,1,"2015/09/16 09:45:00",ROWALLAN,9.4359,"2015/09/16 09:40:11"
D,METER_DATA,GEN_DUID,1,"2015/09/16 09:45:00",RPCG,10.811187,"2015/09/16 09:40:11"
D,METER_DATA,GEN_DUID,1,"2015/09/16 09:45:00",RUBICON,0,"2015/09/16 09:40:11"
D,METER_DATA,GEN_DUID,1,"2015/09/16 09:45:00",STARHLWF,10.896822,"2015/09/16 09:40:11"
D,METER_DATA,GEN_DUID,1,"2015/09/16 09:45:00",WAUBRAWF,0,"2015/09/16 09:40:11"
D,METER_DATA,GEN_DUID,1,"2015/09/16 09:45:00",WOOLNTH1,3.640015,"2015/09/16 09:40:11"
D,METER_DATA,GEN_DUID,1,"2015/09/16 09:45:00",WPWF,4,"2015/09/16 09:40:11"
D,METER_DATA,GEN_DUID,1,"2015/09/16 09:45:00",YAMBUKWF,1.10,"2015/09/16 09:40:11"
D,METER_DATA,GEN_DUID,1,"2015/09/16 09:50:00",ANGAS1,0,"2015/09/16 09:45:07"
D,METER_DATA,GEN_DUID,1,"2015/09/16 09:50:00",ANGAS2,0,"2015/09/16 09:45:07"
D,METER_DATA,GEN_DUID,1,"2015/09/16 09:50:00",BUTLERSG,-0.000002,"2015/09/16 09:45:07"
D,METER_DATA,GEN_DUID,1,"2015/09/16 09:50:00",CALL_A_4,0,"2015/09/16 09:45:07"
D,METER_DATA,GEN_DUID,1,"2015/09/16 09:50:00",CAPTL_WF,0,"2015/09/16 09:45:07"
D,METER_DATA,GEN_DUID,1,"2015/09/16 09:50:00",CATHROCK,0,"2015/09/16 09:45:07"
D,METER_DATA,GEN_DUID,1,"2015/09/16 09:50:00",CHALLHWF,0,"2015/09/16 09:45:07"
D,METER_DATA,GEN_DUID,1,"2015/09/16 09:50:00",CLOVER,-0.01,"2015/09/16 09:45:07"
D,METER_DATA,GEN_DUID,1,"2015/09/16 09:50:00",CLUNY,4.186970,"2015/09/16 09:45:07"
D,METER_DATA,GEN_DUID,1,"2015/09/16 09:50:00",CNUNDAWF,0,"2015/09/16 09:45:07"
D,METER_DATA,GEN_DUID,1,"2015/09/16 09:50:00",CULLRGWF,7.24,"2015/09/16 09:45:07"
D,METER_DATA,GEN_DUID,1,"2015/09/16 09:50:00",ERGT01,0,"2015/09/16 09:45:07"
D,METER_DATA,GEN_DUID,1,"2015/09/16 09:50:00",GB01,0.208096,"2015/09/16 09:45:07"
D,METER_DATA,GEN_DUID,1,"2015/09/16 09:50:00",GERMCRK,32,"2015/09/16 09:45:07"
D,METER_DATA,GEN_DUID,1,"2015/09/16 09:50:00",INVICTA,38.3750,"2015/09/16 09:45:07"
D,METER_DATA,GEN_DUID,1,"2015/09/16 09:50:00",LKBONNY1,-0.360028,"2015/09/16 09:45:07"
D,METER_DATA,GEN_DUID,1,"2015/09/16 09:50:00",MBAHNTH,45.056252,"2015/09/16 09:45:07"
D,METER_DATA,GEN_DUID,1,"2015/09/16 09:50:00",MLWF1,0.90,"2015/09/16 09:45:07"
D,METER_DATA,GEN_DUID,1,"2015/09/16 09:50:00",MTMILLAR,38.248341,"2015/09/16 09:45:07"
D,METER_DATA,GEN_DUID,1,"2015/09/16 09:50:00",PALOONA,20,"2015/09/16 09:45:07"
D,METER_DATA,GEN_DUID,1,"2015/09/16 09:50:00",PIONEER,32.299999,"2015/09/16 09:45:07"
D,METER_DATA,GEN_DUID,1,"2015/09/16 09:50:00",PORTWF,7.40,"2015/09/16 09:45:07"
D,METER_DATA,GEN_DUID,1,"2015/09/16 09:50:00",REPULSE,0,"2015/09/16 09:45:07"
D,METER_DATA,GEN_DUID,1,"2015/09/16 09:50:00",ROWALLAN,9.4146,"2015/09/16 09:45:07"
D,METER_DATA,GEN_DUID,1,"2015/09/16 09:50:00",RPCG,6.650069,"2015/09/16 09:45:07"
D,METER_DATA,GEN_DUID,1,"2015/09/16 09:50:00",RUBICON,0,"2015/09/16 09:45:07"
D,METER_DATA,GEN_DUID,1,"2015/09/16 09:50:00",STARHLWF,7.397843,"2015/09/16 09:45:07"
D,METER_DATA,GEN_DUID,1,"2015/09/16 09:50:00",WAUBRAWF,0,"2015/09/16 09:45:07"
D,METER_DATA,GEN_DUID,1,"2015/09/16 09:50:00",WOOLNTH1,3.370015,"2015/09/16 09:45:07"
D,METER_DATA,GEN_DUID,1,"2015/09/16 09:50:00",WPWF,5,"2015/09/16 09:45:07"
D,METER_DATA,GEN_DUID,1,"2015/09/16 09:50:00",YAMBUKWF,0.90,"2015/09/16 09:45:07"
D,METER_DATA,GEN_DUID,1,"2015/09/16 09:55:00",ANGAS1,0,"2015/09/16 09:50:09"
D,METER_DATA,GEN_DUID,1,"2015/09/16 09:55:00",ANGAS2,0,"2015/09/16 09:50:09"
D,METER_DATA,GEN_DUID,1,"2015/09/16 09:55:00",BUTLERSG,-0.000002,"2015/09/16 09:50:09"
D,METER_DATA,GEN_DUID,1,"2015/09/16 09:55:00",CALL_A_4,0,"2015/09/16 09:50:09"
D,METER_DATA,GEN_DUID,1,"2015/09/16 09:55:00",CAPTL_WF,0,"2015/09/16 09:50:09"
D,METER_DATA,GEN_DUID,1,"2015/09/16 09:55:00",CATHROCK,0,"2015/09/16 09:50:09"
D,METER_DATA,GEN_DUID,1,"2015/09/16 09:55:00",CHALLHWF,0,"2015/09/16 09:50:09"
D,METER_DATA,GEN_DUID,1,"2015/09/16 09:55:00",CLOVER,-0.02,"2015/09/16 09:50:09"
D,METER_DATA,GEN_DUID,1,"2015/09/16 09:55:00",CLUNY,4.044070,"2015/09/16 09:50:09"
D,METER_DATA,GEN_DUID,1,"2015/09/16 09:55:00",CNUNDAWF,0,"2015/09/16 09:50:09"
D,METER_DATA,GEN_DUID,1,"2015/09/16 09:55:00",CULLRGWF,7.14,"2015/09/16 09:50:09"
D,METER_DATA,GEN_DUID,1,"2015/09/16 09:55:00",ERGT01,0,"2015/09/16 09:50:09"
D,METER_DATA,GEN_DUID,1,"2015/09/16 09:55:00",GB01,0.208096,"2015/09/16 09:50:09"
D,METER_DATA,GEN_DUID,1,"2015/09/16 09:55:00",GERMCRK,31.700001,"2015/09/16 09:50:09"
D,METER_DATA,GEN_DUID,1,"2015/09/16 09:55:00",INVICTA,38.3750,"2015/09/16 09:50:09"
D,METER_DATA,GEN_DUID,1,"2015/09/16 09:55:00",LKBONNY1,-0.360028,"2015/09/16 09:50:09"
D,METER_DATA,GEN_DUID,1,"2015/09/16 09:55:00",MBAHNTH,44.043751,"2015/09/16 09:50:09"
D,METER_DATA,GEN_DUID,1,"2015/09/16 09:55:00",MLWF1,0.87,"2015/09/16 09:50:09"
D,METER_DATA,GEN_DUID,1,"2015/09/16 09:55:00",MTMILLAR,37.883717,"2015/09/16 09:50:09"
D,METER_DATA,GEN_DUID,1,"2015/09/16 09:55:00",PALOONA,19.91,"2015/09/16 09:50:09"
D,METER_DATA,GEN_DUID,1,"2015/09/16 09:55:00",PIONEER,32.299999,"2015/09/16 09:50:09"
D,METER_DATA,GEN_DUID,1,"2015/09/16 09:55:00",PORTWF,5.30,"2015/09/16 09:50:09"
D,METER_DATA,GEN_DUID,1,"2015/09/16 09:55:00",REPULSE,0,"2015/09/16 09:50:09"
D,METER_DATA,GEN_DUID,1,"2015/09/16 09:55:00",ROWALLAN,9.4075,"2015/09/16 09:50:09"
D,METER_DATA,GEN_DUID,1,"2015/09/16 09:55:00",RPCG,10.913116,"2015/09/16 09:50:09"
D,METER_DATA,GEN_DUID,1,"2015/09/16 09:55:00",RUBICON,0,"2015/09/16 09:50:09"
D,METER_DATA,GEN_DUID,1,"2015/09/16 09:55:00",STARHLWF,6.098222,"2015/09/16 09:50:09"
D,METER_DATA,GEN_DUID,1,"2015/09/16 09:55:00",WAUBRAWF,0,"2015/09/16 09:50:09"
D,METER_DATA,GEN_DUID,1,"2015/09/16 09:55:00",WOOLNTH1,4.150015,"2015/09/16 09:50:09"
D,METER_DATA,GEN_DUID,1,"2015/09/16 09:55:00",WPWF,5,"2015/09/16 09:50:09"
D,METER_DATA,GEN_DUID,1,"2015/09/16 09:55:00",YAMBUKWF,1.60,"2015/09/16 09:50:09"
D,METER_DATA,GEN_DUID,1,"2015/09/16 10:00:00",ANGAS1,0,"2015/09/16 09:55:08"
D,METER_DATA,GEN_DUID,1,"2015/09/16 10:00:00",ANGAS2,0,"2015/09/16 09:55:08"
D,METER_DATA,GEN_DUID,1,"2015/09/16 10:00:00",BUTLERSG,-0.000002,"2015/09/16 09:55:08"
D,METER_DATA,GEN_DUID,1,"2015/09/16 10:00:00",CALL_A_4,0,"2015/09/16 09:55:08"
D,METER_DATA,GEN_DUID,1,"2015/09/16 10:00:00",CAPTL_WF,0,"2015/09/16 09:55:08"
D,METER_DATA,GEN_DUID,1,"2015/09/16 10:00:00",CATHROCK,0,"2015/09/16 09:55:08"
D,METER_DATA,GEN_DUID,1,"2015/09/16 10:00:00",CHALLHWF,0,"2015/09/16 09:55:08"
D,METER_DATA,GEN_DUID,1,"2015/09/16 10:00:00",CLOVER,-0.01,"2015/09/16 09:55:08"
D,METER_DATA,GEN_DUID,1,"2015/09/16 10:00:00",CLUNY,3.872590,"2015/09/16 09:55:08"
D,METER_DATA,GEN_DUID,1,"2015/09/16 10:00:00",CNUNDAWF,0,"2015/09/16 09:55:08"
D,METER_DATA,GEN_DUID,1,"2015/09/16 10:00:00",CULLRGWF,7.71,"2015/09/16 09:55:08"
D,METER_DATA,GEN_DUID,1,"2015/09/16 10:00:00",ERGT01,0,"2015/09/16 09:55:08"
D,METER_DATA,GEN_DUID,1,"2015/09/16 10:00:00",GB01,0.208096,"2015/09/16 09:55:08"
D,METER_DATA,GEN_DUID,1,"2015/09/16 10:00:00",GERMCRK,31.90,"2015/09/16 09:55:08"
D,METER_DATA,GEN_DUID,1,"2015/09/16 10:00:00",INVICTA,38.3750,"2015/09/16 09:55:08"
D,METER_DATA,GEN_DUID,1,"2015/09/16 10:00:00",LKBONNY1,-0.360028,"2015/09/16 09:55:08"
D,METER_DATA,GEN_DUID,1,"2015/09/16 10:00:00",MBAHNTH,44.043751,"2015/09/16 09:55:08"
D,METER_DATA,GEN_DUID,1,"2015/09/16 10:00:00",MLWF1,0.8250,"2015/09/16 09:55:08"
D,METER_DATA,GEN_DUID,1,"2015/09/16 10:00:00",MTMILLAR,42.519653,"2015/09/16 09:55:08"
D,METER_DATA,GEN_DUID,1,"2015/09/16 10:00:00",PALOONA,19.91,"2015/09/16 09:55:08"
D,METER_DATA,GEN_DUID,1,"2015/09/16 10:00:00",PIONEER,34.50,"2015/09/16 09:55:08"
D,METER_DATA,GEN_DUID,1,"2015/09/16 10:00:00",PORTWF,4.70,"2015/09/16 09:55:08"
D,METER_DATA,GEN_DUID,1,"2015/09/16 10:00:00",REPULSE,0,"2015/09/16 09:55:08"
D,METER_DATA,GEN_DUID,1,"2015/09/16 10:00:00",ROWALLAN,9.4785,"2015/09/16 09:55:08"
D,METER_DATA,GEN_DUID,1,"2015/09/16 10:00:00",RPCG,10.646950,"2015/09/16 09:55:08"
D,METER_DATA,GEN_DUID,1,"2015/09/16 10:00:00",RUBICON,0,"2015/09/16 09:55:08"
D,METER_DATA,GEN_DUID,1,"2015/09/16 10:00:00",STARHLWF,9.097347,"2015/09/16 09:55:08"
D,METER_DATA,GEN_DUID,1,"2015/09/16 10:00:00",WAUBRAWF,0,"2015/09/16 09:55:08"
D,METER_DATA,GEN_DUID,1,"2015/09/16 10:00:00",WOOLNTH1,8.620016,"2015/09/16 09:55:08"
D,METER_DATA,GEN_DUID,1,"2015/09/16 10:00:00",WPWF,5,"2015/09/16 09:55:08"
D,METER_DATA,GEN_DUID,1,"2015/09/16 10:00:00",YAMBUKWF,1.50,"2015/09/16 09:55:08"
D,METER_DATA,GEN_DUID,1,"2015/09/16 10:05:00",ANGAS1,0,"2015/09/16 10:00:11"
D,METER_DATA,GEN_DUID,1,"2015/09/16 10:05:00",ANGAS2,0,"2015/09/16 10:00:11"
D,METER_DATA,GEN_DUID,1,"2015/09/16 10:05:00",BUTLERSG,-0.000002,"2015/09/16 10:00:11"
D,METER_DATA,GEN_DUID,1,"2015/09/16 10:05:00",CALL_A_4,0,"2015/09/16 10:00:11"
D,METER_DATA,GEN_DUID,1,"2015/09/16 10:05:00",CAPTL_WF,0,"2015/09/16 10:00:11"
D,METER_DATA,GEN_DUID,1,"2015/09/16 10:05:00",CATHROCK,0,"2015/09/16 10:00:11"
D,METER_DATA,GEN_DUID,1,"2015/09/16 10:05:00",CHALLHWF,0,"2015/09/16 10:00:11"
D,METER_DATA,GEN_DUID,1,"2015/09/16 10:05:00",CLOVER,-0.01,"2015/09/16 10:00:11"
D,METER_DATA,GEN_DUID,1,"2015/09/16 10:05:00",CLUNY,4.172680,"2015/09/16 10:00:11"
D,METER_DATA,GEN_DUID,1,"2015/09/16 10:05:00",CNUNDAWF,0,"2015/09/16 10:00:11"
D,METER_DATA,GEN_DUID,1,"2015/09/16 10:05:00",CULLRGWF,6.70,"2015/09/16 10:00:11"
D,METER_DATA,GEN_DUID,1,"2015/09/16 10:05:00",ERGT01,0,"2015/09/16 10:00:11"
D,METER_DATA,GEN_DUID,1,"2015/09/16 10:05:00",GB01,0.208096,"2015/09/16 10:00:11"
D,METER_DATA,GEN_DUID,1,"2015/09/16 10:05:00",GERMCRK,32.099998,"2015/09/16 10:00:11"
D,METER_DATA,GEN_DUID,1,"2015/09/16 10:05:00",INVICTA,38.3750,"2015/09/16 10:00:11"
D,METER_DATA,GEN_DUID,1,"2015/09/16 10:05:00",LKBONNY1,-0.360028,"2015/09/16 10:00:11"
D,METER_DATA,GEN_DUID,1,"2015/09/16 10:05:00",MBAHNTH,44.043751,"2015/09/16 10:00:11"
D,METER_DATA,GEN_DUID,1,"2015/09/16 10:05:00",MLWF1,0.72,"2015/09/16 10:00:11"
D,METER_DATA,GEN_DUID,1,"2015/09/16 10:05:00",MTMILLAR,41.782963,"2015/09/16 10:00:11"
D,METER_DATA,GEN_DUID,1,"2015/09/16 10:05:00",PALOONA,19.91,"2015/09/16 10:00:11"
D,METER_DATA,GEN_DUID,1,"2015/09/16 10:05:00",PIONEER,34.400002,"2015/09/16 10:00:11"
D,METER_DATA,GEN_DUID,1,"2015/09/16 10:05:00",PORTWF,6.20,"2015/09/16 10:00:11"
D,METER_DATA,GEN_DUID,1,"2015/09/16 10:05:00",REPULSE,0,"2015/09/16 10:00:11"
D,METER_DATA,GEN_DUID,1,"2015/09/16 10:05:00",ROWALLAN,9.4004,"2015/09/16 10:00:11"
D,METER_DATA,GEN_DUID,1,"2015/09/16 10:05:00",RPCG,10.675166,"2015/09/16 10:00:11"
D,METER_DATA,GEN_DUID,1,"2015/09/16 10:05:00",RUBICON,0,"2015/09/16 10:00:11"
D,METER_DATA,GEN_DUID,1,"2015/09/16 10:05:00",STARHLWF,9.197318,"2015/09/16 10:00:11"
D,METER_DATA,GEN_DUID,1,"2015/09/16 10:05:00",WAUBRAWF,0,"2015/09/16 10:00:11"
D,METER_DATA,GEN_DUID,1,"2015/09/16 10:05:00",WOOLNTH1,8.700016,"2015/09/16 10:00:11"
D,METER_DATA,GEN_DUID,1,"2015/09/16 10:05:00",WPWF,3,"2015/09/16 10:00:11"
D,METER_DATA,GEN_DUID,1,"2015/09/16 10:05:00",YAMBUKWF,1.60,"2015/09/16 10:00:11"
D,METER_DATA,GEN_DUID,1,"2015/09/16 10:10:00",ANGAS1,0,"2015/09/16 10:05:08"
D,METER_DATA,GEN_DUID,1,"2015/09/16 10:10:00",ANGAS2,0,"2015/09/16 10:05:08"
D,METER_DATA,GEN_DUID,1,"2015/09/16 10:10:00",BUTLERSG,-0.000002,"2015/09/16 10:05:08"
D,METER_DATA,GEN_DUID,1,"2015/09/16 10:10:00",CALL_A_4,0,"2015/09/16 10:05:08"
D,METER_DATA,GEN_DUID,1,"2015/09/16 10:10:00",CAPTL_WF,0,"2015/09/16 10:05:08"
D,METER_DATA,GEN_DUID,1,"2015/09/16 10:10:00",CATHROCK,0,"2015/09/16 10:05:08"
D,METER_DATA,GEN_DUID,1,"2015/09/16 10:10:00",CHALLHWF,0,"2015/09/16 10:05:08"
D,METER_DATA,GEN_DUID,1,"2015/09/16 10:10:00",CLOVER,-0.01,"2015/09/16 10:05:08"
D,METER_DATA,GEN_DUID,1,"2015/09/16 10:10:00",CLUNY,3.829720,"2015/09/16 10:05:08"
D,METER_DATA,GEN_DUID,1,"2015/09/16 10:10:00",CNUNDAWF,0,"2015/09/16 10:05:08"
D,METER_DATA,GEN_DUID,1,"2015/09/16 10:10:00",CULLRGWF,6.17,"2015/09/16 10:05:08"
D,METER_DATA,GEN_DUID,1,"2015/09/16 10:10:00",ERGT01,0,"2015/09/16 10:05:08"
D,METER_DATA,GEN_DUID,1,"2015/09/16 10:10:00",GB01,0.208096,"2015/09/16 10:05:08"
D,METER_DATA,GEN_DUID,1,"2015/09/16 10:10:00",GERMCRK,32.799999,"2015/09/16 10:05:08"
D,METER_DATA,GEN_DUID,1,"2015/09/16 10:10:00",INVICTA,38.3750,"2015/09/16 10:05:08"
D,METER_DATA,GEN_DUID,1,"2015/09/16 10:10:00",LKBONNY1,-0.360028,"2015/09/16 10:05:08"
D,METER_DATA,GEN_DUID,1,"2015/09/16 10:10:00",MBAHNTH,44.043751,"2015/09/16 10:05:08"
D,METER_DATA,GEN_DUID,1,"2015/09/16 10:10:00",MLWF1,0.93,"2015/09/16 10:05:08"
D,METER_DATA,GEN_DUID,1,"2015/09/16 10:10:00",MTMILLAR,32.012524,"2015/09/16 10:05:08"
D,METER_DATA,GEN_DUID,1,"2015/09/16 10:10:00",PALOONA,19.91,"2015/09/16 10:05:08"
D,METER_DATA,GEN_DUID,1,"2015/09/16 10:10:00",PIONEER,37.900002,"2015/09/16 10:05:08"
D,METER_DATA,GEN_DUID,1,"2015/09/16 10:10:00",PORTWF,8.30,"2015/09/16 10:05:08"
D,METER_DATA,GEN_DUID,1,"2015/09/16 10:10:00",REPULSE,0,"2015/09/16 10:05:08"
D,METER_DATA,GEN_DUID,1,"2015/09/16 10:10:00",ROWALLAN,9.4856,"2015/09/16 10:05:08"
D,METER_DATA,GEN_DUID,1,"2015/09/16 10:10:00",RPCG,10.792830,"2015/09/16 10:05:08"
D,METER_DATA,GEN_DUID,1,"2015/09/16 10:10:00",RUBICON,0,"2015/09/16 10:05:08"
D,METER_DATA,GEN_DUID,1,"2015/09/16 10:10:00",STARHLWF,10.097055,"2015/09/16 10:05:08"
D,METER_DATA,GEN_DUID,1,"2015/09/16 10:10:00",WAUBRAWF,0,"2015/09/16 10:05:08"
D,METER_DATA,GEN_DUID,1,"2015/09/16 10:10:00",WOOLNTH1,11.260015,"2015/09/16 10:05:08"
D,METER_DATA,GEN_DUID,1,"2015/09/16 10:10:00",WPWF,4,"2015/09/16 10:05:08"
D,METER_DATA,GEN_DUID,1,"2015/09/16 10:10:00",YAMBUKWF,1.10,"2015/09/16 10:05:08"
D,METER_DATA,GEN_DUID,1,"2015/09/16 10:15:00",ANGAS1,0,"2015/09/16 10:10:11"
D,METER_DATA,GEN_DUID,1,"2015/09/16 10:15:00",ANGAS2,0,"2015/09/16 10:10:11"
D,METER_DATA,GEN_DUID,1,"2015/09/16 10:15:00",BUTLERSG,-0.000002,"2015/09/16 10:10:11"
D,METER_DATA,GEN_DUID,1,"2015/09/16 10:15:00",CALL_A_4,0,"2015/09/16 10:10:11"
D,METER_DATA,GEN_DUID,1,"2015/09/16 10:15:00",CAPTL_WF,0,"2015/09/16 10:10:11"
D,METER_DATA,GEN_DUID,1,"2015/09/16 10:15:00",CATHROCK,0,"2015/09/16 10:10:11"
D,METER_DATA,GEN_DUID,1,"2015/09/16 10:15:00",CHALLHWF,0,"2015/09/16 10:10:11"
D,METER_DATA,GEN_DUID,1,"2015/09/16 10:15:00",CLOVER,-0.01,"2015/09/16 10:10:11"
D,METER_DATA,GEN_DUID,1,"2015/09/16 10:15:00",CLUNY,3.986910,"2015/09/16 10:10:11"
D,METER_DATA,GEN_DUID,1,"2015/09/16 10:15:00",CNUNDAWF,0,"2015/09/16 10:10:11"
D,METER_DATA,GEN_DUID,1,"2015/09/16 10:15:00",CULLRGWF,8.19,"2015/09/16 10:10:11"
D,METER_DATA,GEN_DUID,1,"2015/09/16 10:15:00",ERGT01,0,"2015/09/16 10:10:11"
D,METER_DATA,GEN_DUID,1,"2015/09/16 10:15:00",GB01,0.208096,"2015/09/16 10:10:11"
D,METER_DATA,GEN_DUID,1,"2015/09/16 10:15:00",GERMCRK,33.299999,"2015/09/16 10:10:11"
D,METER_DATA,GEN_DUID,1,"2015/09/16 10:15:00",INVICTA,37.174999,"2015/09/16 10:10:11"
D,METER_DATA,GEN_DUID,1,"2015/09/16 10:15:00",LKBONNY1,-0.360028,"2015/09/16 10:10:11"
D,METER_DATA,GEN_DUID,1,"2015/09/16 10:15:00",MBAHNTH,44.043751,"2015/09/16 10:10:11"
D,METER_DATA,GEN_DUID,1,"2015/09/16 10:15:00",MLWF1,0.78,"2015/09/16 10:10:11"
D,METER_DATA,GEN_DUID,1,"2015/09/16 10:15:00",MTMILLAR,34.564892,"2015/09/16 10:10:11"
D,METER_DATA,GEN_DUID,1,"2015/09/16 10:15:00",PALOONA,19.91,"2015/09/16 10:10:11"
D,METER_DATA,GEN_DUID,1,"2015/09/16 10:15:00",PIONEER,38.900002,"2015/09/16 10:10:11"
D,METER_DATA,GEN_DUID,1,"2015/09/16 10:15:00",PORTWF,8.30,"2015/09/16 10:10:11"
D,METER_DATA,GEN_DUID,1,"2015/09/16 10:15:00",REPULSE,0,"2015/09/16 10:10:11"
D,METER_DATA,GEN_DUID,1,"2015/09/16 10:15:00",ROWALLAN,9.5069,"2015/09/16 10:10:11"
D,METER_DATA,GEN_DUID,1,"2015/09/16 10:15:00",RPCG,6.583333,"2015/09/16 10:10:11"
D,METER_DATA,GEN_DUID,1,"2015/09/16 10:15:00",RUBICON,0,"2015/09/16 10:10:11"
D,METER_DATA,GEN_DUID,1,"2015/09/16 10:15:00",STARHLWF,8.597493,"2015/09/16 10:10:11"
D,METER_DATA,GEN_DUID,1,"2015/09/16 10:15:00",WAUBRAWF,0,"2015/09/16 10:10:11"
D,METER_DATA,GEN_DUID,1,"2015/09/16 10:15:00",WOOLNTH1,9.790016,"2015/09/16 10:10:11"
D,METER_DATA,GEN_DUID,1,"2015/09/16 10:15:00",WPWF,5,"2015/09/16 10:10:11"
D,METER_DATA,GEN_DUID,1,"2015/09/16 10:15:00",YAMBUKWF,1,"2015/09/16 10:10:11"
D,METER_DATA,GEN_DUID,1,"2015/09/16 10:20:00",ANGAS1,0,"2015/09/16 10:15:09"
D,METER_DATA,GEN_DUID,1,"2015/09/16 10:20:00",ANGAS2,0,"2015/09/16 10:15:09"
D,METER_DATA,GEN_DUID,1,"2015/09/16 10:20:00",BUTLERSG,-0.000002,"2015/09/16 10:15:09"
D,METER_DATA,GEN_DUID,1,"2015/09/16 10:20:00",CALL_A_4,0,"2015/09/16 10:15:09"
D,METER_DATA,GEN_DUID,1,"2015/09/16 10:20:00",CAPTL_WF,0,"2015/09/16 10:15:09"
D,METER_DATA,GEN_DUID,1,"2015/09/16 10:20:00",CATHROCK,0,"2015/09/16 10:15:09"
D,METER_DATA,GEN_DUID,1,"2015/09/16 10:20:00",CHALLHWF,0,"2015/09/16 10:15:09"
D,METER_DATA,GEN_DUID,1,"2015/09/16 10:20:00",CLOVER,-0.01,"2015/09/16 10:15:09"
D,METER_DATA,GEN_DUID,1,"2015/09/16 10:20:00",CLUNY,4.086940,"2015/09/16 10:15:09"
D,METER_DATA,GEN_DUID,1,"2015/09/16 10:20:00",CNUNDAWF,0,"2015/09/16 10:15:09"
D,METER_DATA,GEN_DUID,1,"2015/09/16 10:20:00",CULLRGWF,8.67,"2015/09/16 10:15:09"
D,METER_DATA,GEN_DUID,1,"2015/09/16 10:20:00",ERGT01,0,"2015/09/16 10:15:09"
D,METER_DATA,GEN_DUID,1,"2015/09/16 10:20:00",GB01,0.208096,"2015/09/16 10:15:09"
D,METER_DATA,GEN_DUID,1,"2015/09/16 10:20:00",GERMCRK,31.700001,"2015/09/16 10:15:09"
D,METER_DATA,GEN_DUID,1,"2015/09/16 10:20:00",INVICTA,37.174999,"2015/09/16 10:15:09"
D,METER_DATA,GEN_DUID,1,"2015/09/16 10:20:00",LKBONNY1,-0.360028,"2015/09/16 10:15:09"
D,METER_DATA,GEN_DUID,1,"2015/09/16 10:20:00",MBAHNTH,44.043751,"2015/09/16 10:15:09"
D,METER_DATA,GEN_DUID,1,"2015/09/16 10:20:00",MLWF1,0.8850,"2015/09/16 10:15:09"
D,METER_DATA,GEN_DUID,1,"2015/09/16 10:20:00",MTMILLAR,33.493343,"2015/09/16 10:15:09"
D,METER_DATA,GEN_DUID,1,"2015/09/16 10:20:00",PALOONA,19.91,"2015/09/16 10:15:09"
D,METER_DATA,GEN_DUID,1,"2015/09/16 10:20:00",PIONEER,38.100002,"2015/09/16 10:15:09"
D,METER_DATA,GEN_DUID,1,"2015/09/16 10:20:00",PORTWF,6.60,"2015/09/16 10:15:09"
D,METER_DATA,GEN_DUID,1,"2015/09/16 10:20:00",REPULSE,0,"2015/09/16 10:15:09"
D,METER_DATA,GEN_DUID,1,"2015/09/16 10:20:00",ROWALLAN,9.4146,"2015/09/16 10:15:09"
D,METER_DATA,GEN_DUID,1,"2015/09/16 10:20:00",RPCG,10.071959,"2015/09/16 10:15:09"
D,METER_DATA,GEN_DUID,1,"2015/09/16 10:20:00",RUBICON,0,"2015/09/16 10:15:09"
D,METER_DATA,GEN_DUID,1,"2015/09/16 10:20:00",STARHLWF,11.596619,"2015/09/16 10:15:09"
D,METER_DATA,GEN_DUID,1,"2015/09/16 10:20:00",WAUBRAWF,0,"2015/09/16 10:15:09"
D,METER_DATA,GEN_DUID,1,"2015/09/16 10:20:00",WOOLNTH1,10.560015,"2015/09/16 10:15:09"
D,METER_DATA,GEN_DUID,1,"2015/09/16 10:20:00",WPWF,4,"2015/09/16 10:15:09"
D,METER_DATA,GEN_DUID,1,"2015/09/16 10:20:00",YAMBUKWF,1.10,"2015/09/16 10:15:09"
D,METER_DATA,GEN_DUID,1,"2015/09/16 10:25:00",ANGAS1,0,"2015/09/16 10:20:10"
D,METER_DATA,GEN_DUID,1,"2015/09/16 10:25:00",ANGAS2,0,"2015/09/16 10:20:10"
D,METER_DATA,GEN_DUID,1,"2015/09/16 10:25:00",BUTLERSG,-0.000002,"2015/09/16 10:20:10"
D,METER_DATA,GEN_DUID,1,"2015/09/16 10:25:00",CALL_A_4,0,"2015/09/16 10:20:10"
D,METER_DATA,GEN_DUID,1,"2015/09/16 10:25:00",CAPTL_WF,0,"2015/09/16 10:20:10"
D,METER_DATA,GEN_DUID,1,"2015/09/16 10:25:00",CATHROCK,0,"2015/09/16 10:20:10"
D,METER_DATA,GEN_DUID,1,"2015/09/16 10:25:00",CHALLHWF,0,"2015/09/16 10:20:10"
D,METER_DATA,GEN_DUID,1,"2015/09/16 10:25:00",CLOVER,-0.01,"2015/09/16 10:20:10"
D,METER_DATA,GEN_DUID,1,"2015/09/16 10:25:00",CLUNY,4.186970,"2015/09/16 10:20:10"
D,METER_DATA,GEN_DUID,1,"2015/09/16 10:25:00",CNUNDAWF,0,"2015/09/16 10:20:10"
D,METER_DATA,GEN_DUID,1,"2015/09/16 10:25:00",CULLRGWF,6.60,"2015/09/16 10:20:10"
D,METER_DATA,GEN_DUID,1,"2015/09/16 10:25:00",ERGT01,0,"2015/09/16 10:20:10"
D,METER_DATA,GEN_DUID,1,"2015/09/16 10:25:00",GB01,0.208096,"2015/09/16 10:20:10"
D,METER_DATA,GEN_DUID,1,"2015/09/16 10:25:00",GERMCRK,31.799999,"2015/09/16 10:20:10"
D,METER_DATA,GEN_DUID,1,"2015/09/16 10:25:00",INVICTA,37.174999,"2015/09/16 10:20:10"
D,METER_DATA,GEN_DUID,1,"2015/09/16 10:25:00",LKBONNY1,-0.360028,"2015/09/16 10:20:10"
D,METER_DATA,GEN_DUID,1,"2015/09/16 10:25:00",MBAHNTH,45.075001,"2015/09/16 10:20:10"
D,METER_DATA,GEN_DUID,1,"2015/09/16 10:25:00",MLWF1,0.8850,"2015/09/16 10:20:10"
D,METER_DATA,GEN_DUID,1,"2015/09/16 10:25:00",MTMILLAR,27.294731,"2015/09/16 10:20:10"
D,METER_DATA,GEN_DUID,1,"2015/09/16 10:25:00",PALOONA,19.85,"2015/09/16 10:20:10"
D,METER_DATA,GEN_DUID,1,"2015/09/16 10:25:00",PIONEER,37.100002,"2015/09/16 10:20:10"
D,METER_DATA,GEN_DUID,1,"2015/09/16 10:25:00",PORTWF,7.60,"2015/09/16 10:20:10"
D,METER_DATA,GEN_DUID,1,"2015/09/16 10:25:00",REPULSE,0,"2015/09/16 10:20:10"
D,METER_DATA,GEN_DUID,1,"2015/09/16 10:25:00",ROWALLAN,9.4927,"2015/09/16 10:20:10"
D,METER_DATA,GEN_DUID,1,"2015/09/16 10:25:00",RPCG,5.932680,"2015/09/16 10:20:10"
D,METER_DATA,GEN_DUID,1,"2015/09/16 10:25:00",RUBICON,0,"2015/09/16 10:20:10"
D,METER_DATA,GEN_DUID,1,"2015/09/16 10:25:00",STARHLWF,10.796851,"2015/09/16 10:20:10"
D,METER_DATA,GEN_DUID,1,"2015/09/16 10:25:00",WAUBRAWF,0,"2015/09/16 10:20:10"
D,METER_DATA,GEN_DUID,1,"2015/09/16 10:25:00",WOOLNTH1,11.550015,"2015/09/16 10:20:10"
D,METER_DATA,GEN_DUID,1,"2015/09/16 10:25:00",WPWF,4,"2015/09/16 10:20:10"
D,METER_DATA,GEN_DUID,1,"2015/09/16 10:25:00",YAMBUKWF,1.30,"2015/09/16 10:20:10"
D,METER_DATA,GEN_DUID,1,"2015/09/16 10:30:00",ANGAS1,0,"2015/09/16 10:25:09"
D,METER_DATA,GEN_DUID,1,"2015/09/16 10:30:00",ANGAS2,0,"2015/09/16 10:25:09"
D,METER_DATA,GEN_DUID,1,"2015/09/16 10:30:00",BUTLERSG,-0.000002,"2015/09/16 10:25:09"
D,METER_DATA,GEN_DUID,1,"2015/09/16 10:30:00",CALL_A_4,0,"2015/09/16 10:25:09"
D,METER_DATA,GEN_DUID,1,"2015/09/16 10:30:00",CAPTL_WF,0,"2015/09/16 10:25:09"
D,METER_DATA,GEN_DUID,1,"2015/09/16 10:30:00",CATHROCK,0,"2015/09/16 10:25:09"
D,METER_DATA,GEN_DUID,1,"2015/09/16 10:30:00",CHALLHWF,0,"2015/09/16 10:25:09"
D,METER_DATA,GEN_DUID,1,"2015/09/16 10:30:00",CLOVER,-0.02,"2015/09/16 10:25:09"
D,METER_DATA,GEN_DUID,1,"2015/09/16 10:30:00",CLUNY,4.115520,"2015/09/16 10:25:09"
D,METER_DATA,GEN_DUID,1,"2015/09/16 10:30:00",CNUNDAWF,0,"2015/09/16 10:25:09"
D,METER_DATA,GEN_DUID,1,"2015/09/16 10:30:00",CULLRGWF,11.73,"2015/09/16 10:25:09"
D,METER_DATA,GEN_DUID,1,"2015/09/16 10:30:00",ERGT01,0,"2015/09/16 10:25:09"
D,METER_DATA,GEN_DUID,1,"2015/09/16 10:30:00",GB01,0.208096,"2015/09/16 10:25:09"
D,METER_DATA,GEN_DUID,1,"2015/09/16 10:30:00",GERMCRK,31.700001,"2015/09/16 10:25:09"
D,METER_DATA,GEN_DUID,1,"2015/09/16 10:30:00",INVICTA,38.299999,"2015/09/16 10:25:09"
D,METER_DATA,GEN_DUID,1,"2015/09/16 10:30:00",LKBONNY1,-0.360028,"2015/09/16 10:25:09"
D,METER_DATA,GEN_DUID,1,"2015/09/16 10:30:00",MBAHNTH,45.075001,"2015/09/16 10:25:09"
D,METER_DATA,GEN_DUID,1,"2015/09/16 10:30:00",MLWF1,0.7650,"2015/09/16 10:25:09"
D,METER_DATA,GEN_DUID,1,"2015/09/16 10:30:00",MTMILLAR,30.204283,"2015/09/16 10:25:09"
D,METER_DATA,GEN_DUID,1,"2015/09/16 10:30:00",PALOONA,22.83,"2015/09/16 10:25:09"
D,METER_DATA,GEN_DUID,1,"2015/09/16 10:30:00",PIONEER,38,"2015/09/16 10:25:09"
D,METER_DATA,GEN_DUID,1,"2015/09/16 10:30:00",PORTWF,7.90,"2015/09/16 10:25:09"
D,METER_DATA,GEN_DUID,1,"2015/09/16 10:30:00",REPULSE,0,"2015/09/16 10:25:09"
D,METER_DATA,GEN_DUID,1,"2015/09/16 10:30:00",ROWALLAN,9.4217,"2015/09/16 10:25:09"
D,METER_DATA,GEN_DUID,1,"2015/09/16 10:30:00",RPCG,5.836428,"2015/09/16 10:25:09"
D,METER_DATA,GEN_DUID,1,"2015/09/16 10:30:00",RUBICON,0,"2015/09/16 10:25:09"
D,METER_DATA,GEN_DUID,1,"2015/09/16 10:30:00",STARHLWF,10.896822,"2015/09/16 10:25:09"
D,METER_DATA,GEN_DUID,1,"2015/09/16 10:30:00",WAUBRAWF,0,"2015/09/16 10:25:09"
D,METER_DATA,GEN_DUID,1,"2015/09/16 10:30:00",WOOLNTH1,11.110016,"2015/09/16 10:25:09"
D,METER_DATA,GEN_DUID,1,"2015/09/16 10:30:00",WPWF,5,"2015/09/16 10:25:09"
D,METER_DATA,GEN_DUID,1,"2015/09/16 10:30:00",YAMBUKWF,1.40,"2015/09/16 10:25:09"
D,METER_DATA,GEN_DUID,1,"2015/09/16 10:35:00",ANGAS1,0,"2015/09/16 10:30:07"
D,METER_DATA,GEN_DUID,1,"2015/09/16 10:35:00",ANGAS2,0,"2015/09/16 10:30:07"
D,METER_DATA,GEN_DUID,1,"2015/09/16 10:35:00",BUTLERSG,-0.000002,"2015/09/16 10:30:07"
D,METER_DATA,GEN_DUID,1,"2015/09/16 10:35:00",CALL_A_4,0,"2015/09/16 10:30:07"
D,METER_DATA,GEN_DUID,1,"2015/09/16 10:35:00",CAPTL_WF,0,"2015/09/16 10:30:07"
D,METER_DATA,GEN_DUID,1,"2015/09/16 10:35:00",CATHROCK,0,"2015/09/16 10:30:07"
D,METER_DATA,GEN_DUID,1,"2015/09/16 10:35:00",CHALLHWF,0,"2015/09/16 10:30:07"
D,METER_DATA,GEN_DUID,1,"2015/09/16 10:35:00",CLOVER,-0.02,"2015/09/16 10:30:07"
D,METER_DATA,GEN_DUID,1,"2015/09/16 10:35:00",CLUNY,3.801140,"2015/09/16 10:30:07"
D,METER_DATA,GEN_DUID,1,"2015/09/16 10:35:00",CNUNDAWF,0,"2015/09/16 10:30:07"
D,METER_DATA,GEN_DUID,1,"2015/09/16 10:35:00",CULLRGWF,11.17,"2015/09/16 10:30:07"
D,METER_DATA,GEN_DUID,1,"2015/09/16 10:35:00",ERGT01,0,"2015/09/16 10:30:07"
D,METER_DATA,GEN_DUID,1,"2015/09/16 10:35:00",GB01,0.208096,"2015/09/16 10:30:07"
D,METER_DATA,GEN_DUID,1,"2015/09/16 10:35:00",GERMCRK,32.200001,"2015/09/16 10:30:07"
D,METER_DATA,GEN_DUID,1,"2015/09/16 10:35:00",INVICTA,38.299999,"2015/09/16 10:30:07"
D,METER_DATA,GEN_DUID,1,"2015/09/16 10:35:00",LKBONNY1,-0.360028,"2015/09/16 10:30:07"
D,METER_DATA,GEN_DUID,1,"2015/09/16 10:35:00",MBAHNTH,48.431252,"2015/09/16 10:30:07"
D,METER_DATA,GEN_DUID,1,"2015/09/16 10:35:00",MLWF1,0.78,"2015/09/16 10:30:07"
D,METER_DATA,GEN_DUID,1,"2015/09/16 10:35:00",MTMILLAR,29.266678,"2015/09/16 10:30:07"
D,METER_DATA,GEN_DUID,1,"2015/09/16 10:35:00",PALOONA,22.779999,"2015/09/16 10:30:07"
D,METER_DATA,GEN_DUID,1,"2015/09/16 10:35:00",PIONEER,39.900002,"2015/09/16 10:30:07"
D,METER_DATA,GEN_DUID,1,"2015/09/16 10:35:00",PORTWF,11.20,"2015/09/16 10:30:07"
D,METER_DATA,GEN_DUID,1,"2015/09/16 10:35:00",REPULSE,0,"2015/09/16 10:30:07"
D,METER_DATA,GEN_DUID,1,"2015/09/16 10:35:00",ROWALLAN,9.4075,"2015/09/16 10:30:07"
D,METER_DATA,GEN_DUID,1,"2015/09/16 10:35:00",RPCG,10.174638,"2015/09/16 10:30:07"
D,METER_DATA,GEN_DUID,1,"2015/09/16 10:35:00",RUBICON,0,"2015/09/16 10:30:07"
D,METER_DATA,GEN_DUID,1,"2015/09/16 10:35:00",STARHLWF,9.697172,"2015/09/16 10:30:07"
D,METER_DATA,GEN_DUID,1,"2015/09/16 10:35:00",WAUBRAWF,0,"2015/09/16 10:30:07"
D,METER_DATA,GEN_DUID,1,"2015/09/16 10:35:00",WOOLNTH1,13.440016,"2015/09/16 10:30:07"
D,METER_DATA,GEN_DUID,1,"2015/09/16 10:35:00",WPWF,4,"2015/09/16 10:30:07"
D,METER_DATA,GEN_DUID,1,"2015/09/16 10:35:00",YAMBUKWF,1,"2015/09/16 10:30:07"
D,METER_DATA,GEN_DUID,1,"2015/09/16 10:40:00",ANGAS1,0,"2015/09/16 10:35:09"
D,METER_DATA,GEN_DUID,1,"2015/09/16 10:40:00",ANGAS2,0,"2015/09/16 10:35:09"
D,METER_DATA,GEN_DUID,1,"2015/09/16 10:40:00",BUTLERSG,-0.000002,"2015/09/16 10:35:09"
D,METER_DATA,GEN_DUID,1,"2015/09/16 10:40:00",CALL_A_4,0,"2015/09/16 10:35:09"
D,METER_DATA,GEN_DUID,1,"2015/09/16 10:40:00",CAPTL_WF,0,"2015/09/16 10:35:09"
D,METER_DATA,GEN_DUID,1,"2015/09/16 10:40:00",CATHROCK,0,"2015/09/16 10:35:09"
D,METER_DATA,GEN_DUID,1,"2015/09/16 10:40:00",CHALLHWF,0,"2015/09/16 10:35:09"
D,METER_DATA,GEN_DUID,1,"2015/09/16 10:40:00",CLOVER,-0.01,"2015/09/16 10:35:09"
D,METER_DATA,GEN_DUID,1,"2015/09/16 10:40:00",CLUNY,3.701110,"2015/09/16 10:35:09"
D,METER_DATA,GEN_DUID,1,"2015/09/16 10:40:00",CNUNDAWF,0.400467,"2015/09/16 10:35:09"
D,METER_DATA,GEN_DUID,1,"2015/09/16 10:40:00",CULLRGWF,9.74,"2015/09/16 10:35:09"
D,METER_DATA,GEN_DUID,1,"2015/09/16 10:40:00",ERGT01,0,"2015/09/16 10:35:09"
D,METER_DATA,GEN_DUID,1,"2015/09/16 10:40:00",GB01,0.208096,"2015/09/16 10:35:09"
D,METER_DATA,GEN_DUID,1,"2015/09/16 10:40:00",GERMCRK,31.799999,"2015/09/16 10:35:09"
D,METER_DATA,GEN_DUID,1,"2015/09/16 10:40:00",INVICTA,38.299999,"2015/09/16 10:35:09"
D,METER_DATA,GEN_DUID,1,"2015/09/16 10:40:00",LKBONNY1,-0.181410,"2015/09/16 10:35:09"
D,METER_DATA,GEN_DUID,1,"2015/09/16 10:40:00",MBAHNTH,49.575001,"2015/09/16 10:35:09"
D,METER_DATA,GEN_DUID,1,"2015/09/16 10:40:00",MLWF1,0.8850,"2015/09/16 10:35:09"
D,METER_DATA,GEN_DUID,1,"2015/09/16 10:40:00",MTMILLAR,19.883184,"2015/09/16 10:35:09"
D,METER_DATA,GEN_DUID,1,"2015/09/16 10:40:00",PALOONA,22.779999,"2015/09/16 10:35:09"
D,METER_DATA,GEN_DUID,1,"2015/09/16 10:40:00",PIONEER,43.100002,"2015/09/16 10:35:09"
D,METER_DATA,GEN_DUID,1,"2015/09/16 10:40:00",PORTWF,16.700001,"2015/09/16 10:35:09"
D,METER_DATA,GEN_DUID,1,"2015/09/16 10:40:00",REPULSE,0,"2015/09/16 10:35:09"
D,METER_DATA,GEN_DUID,1,"2015/09/16 10:40:00",ROWALLAN,9.4004,"2015/09/16 10:35:09"
D,METER_DATA,GEN_DUID,1,"2015/09/16 10:40:00",RPCG,9.891737,"2015/09/16 10:35:09"
D,METER_DATA,GEN_DUID,1,"2015/09/16 10:40:00",RUBICON,0,"2015/09/16 10:35:09"
D,METER_DATA,GEN_DUID,1,"2015/09/16 10:40:00",STARHLWF,13.296123,"2015/09/16 10:35:09"
D,METER_DATA,GEN_DUID,1,"2015/09/16 10:40:00",WAUBRAWF,0,"2015/09/16 10:35:09"
D,METER_DATA,GEN_DUID,1,"2015/09/16 10:40:00",WOOLNTH1,16.940016,"2015/09/16 10:35:09"
D,METER_DATA,GEN_DUID,1,"2015/09/16 10:40:00",WPWF,5,"2015/09/16 10:35:09"
D,METER_DATA,GEN_DUID,1,"2015/09/16 10:40:00",YAMBUKWF,1,"2015/09/16 10:35:09"
D,METER_DATA,GEN_DUID,1,"2015/09/16 10:45:00",ANGAS1,0,"2015/09/16 10:40:08"
D,METER_DATA,GEN_DUID,1,"2015/09/16 10:45:00",ANGAS2,0,"2015/09/16 10:40:08"
D,METER_DATA,GEN_DUID,1,"2015/09/16 10:45:00",BUTLERSG,-0.000002,"2015/09/16 10:40:08"
D,METER_DATA,GEN_DUID,1,"2015/09/16 10:45:00",CALL_A_4,0,"2015/09/16 10:40:08"
D,METER_DATA,GEN_DUID,1,"2015/09/16 10:45:00",CAPTL_WF,0,"2015/09/16 10:40:08"
D,METER_DATA,GEN_DUID,1,"2015/09/16 10:45:00",CATHROCK,0,"2015/09/16 10:40:08"
D,METER_DATA,GEN_DUID,1,"2015/09/16 10:45:00",CHALLHWF,0,"2015/09/16 10:40:08"
D,METER_DATA,GEN_DUID,1,"2015/09/16 10:45:00",CLOVER,-0.02,"2015/09/16 10:40:08"
D,METER_DATA,GEN_DUID,1,"2015/09/16 10:45:00",CLUNY,4.029780,"2015/09/16 10:40:08"
D,METER_DATA,GEN_DUID,1,"2015/09/16 10:45:00",CNUNDAWF,0.100117,"2015/09/16 10:40:08"
D,METER_DATA,GEN_DUID,1,"2015/09/16 10:45:00",CULLRGWF,10.68,"2015/09/16 10:40:08"
D,METER_DATA,GEN_DUID,1,"2015/09/16 10:45:00",ERGT01,0,"2015/09/16 10:40:08"
D,METER_DATA,GEN_DUID,1,"2015/09/16 10:45:00",GB01,0.208096,"2015/09/16 10:40:08"
D,METER_DATA,GEN_DUID,1,"2015/09/16 10:45:00",GERMCRK,32.599998,"2015/09/16 10:40:08"
D,METER_DATA,GEN_DUID,1,"2015/09/16 10:45:00",INVICTA,38.299999,"2015/09/16 10:40:08"
D,METER_DATA,GEN_DUID,1,"2015/09/16 10:45:00",LKBONNY1,0.446547,"2015/09/16 10:40:08"
D,METER_DATA,GEN_DUID,1,"2015/09/16 10:45:00",MBAHNTH,49.575001,"2015/09/16 10:40:08"
D,METER_DATA,GEN_DUID,1,"2015/09/16 10:45:00",MLWF1,0.8850,"2015/09/16 10:40:08"
D,METER_DATA,GEN_DUID,1,"2015/09/16 10:45:00",MTMILLAR,24.102407,"2015/09/16 10:40:08"
D,METER_DATA,GEN_DUID,1,"2015/09/16 10:45:00",PALOONA,22.779999,"2015/09/16 10:40:08"
D,METER_DATA,GEN_DUID,1,"2015/09/16 10:45:00",PIONEER,45.50,"2015/09/16 10:40:08"
D,METER_DATA,GEN_DUID,1,"2015/09/16 10:45:00",PORTWF,19.200001,"2015/09/16 10:40:08"
D,METER_DATA,GEN_DUID,1,"2015/09/16 10:45:00",REPULSE,0,"2015/09/16 10:40:08"
D,METER_DATA,GEN_DUID,1,"2015/09/16 10:45:00",ROWALLAN,9.4288,"2015/09/16 10:40:08"
D,METER_DATA,GEN_DUID,1,"2015/09/16 10:45:00",RPCG,9.852416,"2015/09/16 10:40:08"
D,METER_DATA,GEN_DUID,1,"2015/09/16 10:45:00",RUBICON,0,"2015/09/16 10:40:08"
D,METER_DATA,GEN_DUID,1,"2015/09/16 10:45:00",STARHLWF,15.595452,"2015/09/16 10:40:08"
D,METER_DATA,GEN_DUID,1,"2015/09/16 10:45:00",WAUBRAWF,0,"2015/09/16 10:40:08"
D,METER_DATA,GEN_DUID,1,"2015/09/16 10:45:00",WOOLNTH1,20.420017,"2015/09/16 10:40:08"
D,METER_DATA,GEN_DUID,1,"2015/09/16 10:45:00",WPWF,3,"2015/09/16 10:40:08"
D,METER_DATA,GEN_DUID,1,"2015/09/16 10:45:00",YAMBUKWF,0.70,"2015/09/16 10:40:08"
D,METER_DATA,GEN_DUID,1,"2015/09/16 10:50:00",ANGAS1,0,"2015/09/16 10:45:10"
D,METER_DATA,GEN_DUID,1,"2015/09/16 10:50:00",ANGAS2,0,"2015/09/16 10:45:10"
D,METER_DATA,GEN_DUID,1,"2015/09/16 10:50:00",BUTLERSG,-0.000002,"2015/09/16 10:45:10"
D,METER_DATA,GEN_DUID,1,"2015/09/16 10:50:00",CALL_A_4,0,"2015/09/16 10:45:10"
D,METER_DATA,GEN_DUID,1,"2015/09/16 10:50:00",CAPTL_WF,0,"2015/09/16 10:45:10"
D,METER_DATA,GEN_DUID,1,"2015/09/16 10:50:00",CATHROCK,0,"2015/09/16 10:45:10"
D,METER_DATA,GEN_DUID,1,"2015/09/16 10:50:00",CHALLHWF,0,"2015/09/16 10:45:10"
D,METER_DATA,GEN_DUID,1,"2015/09/16 10:50:00",CLOVER,-0.01,"2015/09/16 10:45:10"
D,METER_DATA,GEN_DUID,1,"2015/09/16 10:50:00",CLUNY,4.101230,"2015/09/16 10:45:10"
D,METER_DATA,GEN_DUID,1,"2015/09/16 10:50:00",CNUNDAWF,0.500584,"2015/09/16 10:45:10"
D,METER_DATA,GEN_DUID,1,"2015/09/16 10:50:00",CULLRGWF,8.15,"2015/09/16 10:45:10"
D,METER_DATA,GEN_DUID,1,"2015/09/16 10:50:00",ERGT01,0,"2015/09/16 10:45:10"
D,METER_DATA,GEN_DUID,1,"2015/09/16 10:50:00",GB01,0.208096,"2015/09/16 10:45:10"
D,METER_DATA,GEN_DUID,1,"2015/09/16 10:50:00",GERMCRK,31.799999,"2015/09/16 10:45:10"
D,METER_DATA,GEN_DUID,1,"2015/09/16 10:50:00",INVICTA,38.299999,"2015/09/16 10:45:10"
D,METER_DATA,GEN_DUID,1,"2015/09/16 10:50:00",LKBONNY1,0.625166,"2015/09/16 10:45:10"
D,METER_DATA,GEN_DUID,1,"2015/09/16 10:50:00",MBAHNTH,49.575001,"2015/09/16 10:45:10"
D,METER_DATA,GEN_DUID,1,"2015/09/16 10:50:00",MLWF1,0.78,"2015/09/16 10:45:10"
D,METER_DATA,GEN_DUID,1,"2015/09/16 10:50:00",MTMILLAR,25.784143,"2015/09/16 10:45:10"
D,METER_DATA,GEN_DUID,1,"2015/09/16 10:50:00",PALOONA,22.68,"2015/09/16 10:45:10"
D,METER_DATA,GEN_DUID,1,"2015/09/16 10:50:00",PIONEER,46,"2015/09/16 10:45:10"
D,METER_DATA,GEN_DUID,1,"2015/09/16 10:50:00",PORTWF,19.50,"2015/09/16 10:45:10"
D,METER_DATA,GEN_DUID,1,"2015/09/16 10:50:00",REPULSE,0,"2015/09/16 10:45:10"
D,METER_DATA,GEN_DUID,1,"2015/09/16 10:50:00",ROWALLAN,9.3933,"2015/09/16 10:45:10"
D,METER_DATA,GEN_DUID,1,"2015/09/16 10:50:00",RPCG,10.0501,"2015/09/16 10:45:10"
D,METER_DATA,GEN_DUID,1,"2015/09/16 10:50:00",RUBICON,0,"2015/09/16 10:45:10"
D,METER_DATA,GEN_DUID,1,"2015/09/16 10:50:00",STARHLWF,14.995627,"2015/09/16 10:45:10"
D,METER_DATA,GEN_DUID,1,"2015/09/16 10:50:00",WAUBRAWF,0,"2015/09/16 10:45:10"
D,METER_DATA,GEN_DUID,1,"2015/09/16 10:50:00",WOOLNTH1,18.400017,"2015/09/16 10:45:10"
D,METER_DATA,GEN_DUID,1,"2015/09/16 10:50:00",WPWF,4,"2015/09/16 10:45:10"
D,METER_DATA,GEN_DUID,1,"2015/09/16 10:50:00",YAMBUKWF,0.80,"2015/09/16 10:45:10"
D,METER_DATA,GEN_DUID,1,"2015/09/16 10:55:00",ANGAS1,0,"2015/09/16 10:50:08"
D,METER_DATA,GEN_DUID,1,"2015/09/16 10:55:00",ANGAS2,0,"2015/09/16 10:50:08"
D,METER_DATA,GEN_DUID,1,"2015/09/16 10:55:00",BUTLERSG,-0.000002,"2015/09/16 10:50:08"
D,METER_DATA,GEN_DUID,1,"2015/09/16 10:55:00",CALL_A_4,0,"2015/09/16 10:50:08"
D,METER_DATA,GEN_DUID,1,"2015/09/16 10:55:00",CAPTL_WF,0,"2015/09/16 10:50:08"
D,METER_DATA,GEN_DUID,1,"2015/09/16 10:55:00",CATHROCK,1.95,"2015/09/16 10:50:08"
D,METER_DATA,GEN_DUID,1,"2015/09/16 10:55:00",CHALLHWF,0,"2015/09/16 10:50:08"
D,METER_DATA,GEN_DUID,1,"2015/09/16 10:55:00",CLOVER,0,"2015/09/16 10:50:08"
D,METER_DATA,GEN_DUID,1,"2015/09/16 10:55:00",CLUNY,3.986910,"2015/09/16 10:50:08"
D,METER_DATA,GEN_DUID,1,"2015/09/16 10:55:00",CNUNDAWF,0.100117,"2015/09/16 10:50:08"
D,METER_DATA,GEN_DUID,1,"2015/09/16 10:55:00",CULLRGWF,10.69,"2015/09/16 10:50:08"
D,METER_DATA,GEN_DUID,1,"2015/09/16 10:55:00",ERGT01,0,"2015/09/16 10:50:08"
D,METER_DATA,GEN_DUID,1,"2015/09/16 10:55:00",GB01,0.208096,"2015/09/16 10:50:08"
D,METER_DATA,GEN_DUID,1,"2015/09/16 10:55:00",GERMCRK,31.700001,"2015/09/16 10:50:08"
D,METER_DATA,GEN_DUID,1,"2015/09/16 10:55:00",INVICTA,38.299999,"2015/09/16 10:50:08"
D,METER_DATA,GEN_DUID,1,"2015/09/16 10:55:00",LKBONNY1,0.267928,"2015/09/16 10:50:08"
D,METER_DATA,GEN_DUID,1,"2015/09/16 10:55:00",MBAHNTH,49.575001,"2015/09/16 10:50:08"
D,METER_DATA,GEN_DUID,1,"2015/09/16 10:55:00",MLWF1,0.81,"2015/09/16 10:50:08"
D,METER_DATA,GEN_DUID,1,"2015/09/16 10:55:00",MTMILLAR,29.631302,"2015/09/16 10:50:08"
D,METER_DATA,GEN_DUID,1,"2015/09/16 10:55:00",PALOONA,22.699999,"2015/09/16 10:50:08"
D,METER_DATA,GEN_DUID,1,"2015/09/16 10:55:00",PIONEER,45.799999,"2015/09/16 10:50:08"
D,METER_DATA,GEN_DUID,1,"2015/09/16 10:55:00",PORTWF,22.200001,"2015/09/16 10:50:08"
D,METER_DATA,GEN_DUID,1,"2015/09/16 10:55:00",REPULSE,0,"2015/09/16 10:50:08"
D,METER_DATA,GEN_DUID,1,"2015/09/16 10:55:00",ROWALLAN,9.5353,"2015/09/16 10:50:08"
D,METER_DATA,GEN_DUID,1,"2015/09/16 10:55:00",RPCG,10.121678,"2015/09/16 10:50:08"
D,METER_DATA,GEN_DUID,1,"2015/09/16 10:55:00",RUBICON,0,"2015/09/16 10:50:08"
D,METER_DATA,GEN_DUID,1,"2015/09/16 10:55:00",STARHLWF,15.595452,"2015/09/16 10:50:08"
D,METER_DATA,GEN_DUID,1,"2015/09/16 10:55:00",WAUBRAWF,0,"2015/09/16 10:50:08"
D,METER_DATA,GEN_DUID,1,"2015/09/16 10:55:00",WOOLNTH1,17.460016,"2015/09/16 10:50:08"
D,METER_DATA,GEN_DUID,1,"2015/09/16 10:55:00",WPWF,2,"2015/09/16 10:50:08"
D,METER_DATA,GEN_DUID,1,"2015/09/16 10:55:00",YAMBUKWF,0.80,"2015/09/16 10:50:08"
D,METER_DATA,GEN_DUID,1,"2015/09/16 11:00:00",ANGAS1,0,"2015/09/16 10:55:09"
D,METER_DATA,GEN_DUID,1,"2015/09/16 11:00:00",ANGAS2,0,"2015/09/16 10:55:09"
D,METER_DATA,GEN_DUID,1,"2015/09/16 11:00:00",BUTLERSG,-0.000002,"2015/09/16 10:55:09"
D,METER_DATA,GEN_DUID,1,"2015/09/16 11:00:00",CALL_A_4,0,"2015/09/16 10:55:09"
D,METER_DATA,GEN_DUID,1,"2015/09/16 11:00:00",CAPTL_WF,0,"2015/09/16 10:55:09"
D,METER_DATA,GEN_DUID,1,"2015/09/16 11:00:00",CATHROCK,2.52,"2015/09/16 10:55:09"
D,METER_DATA,GEN_DUID,1,"2015/09/16 11:00:00",CHALLHWF,0,"2015/09/16 10:55:09"
D,METER_DATA,GEN_DUID,1,"2015/09/16 11:00:00",CLOVER,0,"2015/09/16 10:55:09"
D,METER_DATA,GEN_DUID,1,"2015/09/16 11:00:00",CLUNY,4.058360,"2015/09/16 10:55:09"
D,METER_DATA,GEN_DUID,1,"2015/09/16 11:00:00",CNUNDAWF,0.100117,"2015/09/16 10:55:09"
D,METER_DATA,GEN_DUID,1,"2015/09/16 11:00:00",CULLRGWF,12.25,"2015/09/16 10:55:09"
D,METER_DATA,GEN_DUID,1,"2015/09/16 11:00:00",ERGT01,0,"2015/09/16 10:55:09"
D,METER_DATA,GEN_DUID,1,"2015/09/16 11:00:00",GB01,0.208096,"2015/09/16 10:55:09"
D,METER_DATA,GEN_DUID,1,"2015/09/16 11:00:00",GERMCRK,32,"2015/09/16 10:55:09"
D,METER_DATA,GEN_DUID,1,"2015/09/16 11:00:00",INVICTA,38.299999,"2015/09/16 10:55:09"
D,METER_DATA,GEN_DUID,1,"2015/09/16 11:00:00",LKBONNY1,0,"2015/09/16 10:55:09"
D,METER_DATA,GEN_DUID,1,"2015/09/16 11:00:00",MBAHNTH,49.575001,"2015/09/16 10:55:09"
D,METER_DATA,GEN_DUID,1,"2015/09/16 11:00:00",MLWF1,0.2850,"2015/09/16 10:55:09"
D,METER_DATA,GEN_DUID,1,"2015/09/16 11:00:00",MTMILLAR,25.040012,"2015/09/16 10:55:09"
D,METER_DATA,GEN_DUID,1,"2015/09/16 11:00:00",PALOONA,22.699999,"2015/09/16 10:55:09"
D,METER_DATA,GEN_DUID,1,"2015/09/16 11:00:00",PIONEER,46,"2015/09/16 10:55:09"
D,METER_DATA,GEN_DUID,1,"2015/09/16 11:00:00",PORTWF,21.60,"2015/09/16 10:55:09"
D,METER_DATA,GEN_DUID,1,"2015/09/16 11:00:00",REPULSE,0,"2015/09/16 10:55:09"
D,METER_DATA,GEN_DUID,1,"2015/09/16 11:00:00",ROWALLAN,9.3862,"2015/09/16 10:55:09"
D,METER_DATA,GEN_DUID,1,"2015/09/16 11:00:00",RPCG,5.826873,"2015/09/16 10:55:09"
D,METER_DATA,GEN_DUID,1,"2015/09/16 11:00:00",RUBICON,0,"2015/09/16 10:55:09"
D,METER_DATA,GEN_DUID,1,"2015/09/16 11:00:00",STARHLWF,12.496356,"2015/09/16 10:55:09"
D,METER_DATA,GEN_DUID,1,"2015/09/16 11:00:00",WAUBRAWF,0,"2015/09/16 10:55:09"
D,METER_DATA,GEN_DUID,1,"2015/09/16 11:00:00",WOOLNTH1,15.680016,"2015/09/16 10:55:09"
D,METER_DATA,GEN_DUID,1,"2015/09/16 11:00:00",WPWF,0,"2015/09/16 10:55:09"
D,METER_DATA,GEN_DUID,1,"2015/09/16 11:00:00",YAMBUKWF,1.10,"2015/09/16 10:55:09"
D,METER_DATA,GEN_DUID,1,"2015/09/16 11:05:00",ANGAS1,0,"2015/09/16 11:00:11"
D,METER_DATA,GEN_DUID,1,"2015/09/16 11:05:00",ANGAS2,0,"2015/09/16 11:00:11"
D,METER_DATA,GEN_DUID,1,"2015/09/16 11:05:00",BUTLERSG,-0.000002,"2015/09/16 11:00:11"
D,METER_DATA,GEN_DUID,1,"2015/09/16 11:05:00",CALL_A_4,0,"2015/09/16 11:00:11"
D,METER_DATA,GEN_DUID,1,"2015/09/16 11:05:00",CAPTL_WF,0,"2015/09/16 11:00:11"
D,METER_DATA,GEN_DUID,1,"2015/09/16 11:05:00",CATHROCK,2.24,"2015/09/16 11:00:11"
D,METER_DATA,GEN_DUID,1,"2015/09/16 11:05:00",CHALLHWF,0,"2015/09/16 11:00:11"
D,METER_DATA,GEN_DUID,1,"2015/09/16 11:05:00",CLOVER,-0.01,"2015/09/16 11:00:11"
D,METER_DATA,GEN_DUID,1,"2015/09/16 11:05:00",CLUNY,4.115520,"2015/09/16 11:00:11"
D,METER_DATA,GEN_DUID,1,"2015/09/16 11:05:00",CNUNDAWF,0.100117,"2015/09/16 11:00:11"
D,METER_DATA,GEN_DUID,1,"2015/09/16 11:05:00",CULLRGWF,13.33,"2015/09/16 11:00:11"
D,METER_DATA,GEN_DUID,1,"2015/09/16 11:05:00",ERGT01,0,"2015/09/16 11:00:11"
D,METER_DATA,GEN_DUID,1,"2015/09/16 11:05:00",GB01,0.208096,"2015/09/16 11:00:11"
D,METER_DATA,GEN_DUID,1,"2015/09/16 11:05:00",GERMCRK,31.299999,"2015/09/16 11:00:11"
D,METER_DATA,GEN_DUID,1,"2015/09/16 11:05:00",INVICTA,38.299999,"2015/09/16 11:00:11"
D,METER_DATA,GEN_DUID,1,"2015/09/16 11:05:00",LKBONNY1,-0.181410,"2015/09/16 11:00:11"
D,METER_DATA,GEN_DUID,1,"2015/09/16 11:05:00",MBAHNTH,49.575001,"2015/09/16 11:00:11"
D,METER_DATA,GEN_DUID,1,"2015/09/16 11:05:00",MLWF1,0.39,"2015/09/16 11:00:11"
D,METER_DATA,GEN_DUID,1,"2015/09/16 11:05:00",MTMILLAR,21.974194,"2015/09/16 11:00:11"
D,METER_DATA,GEN_DUID,1,"2015/09/16 11:05:00",PALOONA,29.959999,"2015/09/16 11:00:11"
D,METER_DATA,GEN_DUID,1,"2015/09/16 11:05:00",PIONEER,46.299999,"2015/09/16 11:00:11"
D,METER_DATA,GEN_DUID,1,"2015/09/16 11:05:00",PORTWF,17.40,"2015/09/16 11:00:11"
D,METER_DATA,GEN_DUID,1,"2015/09/16 11:05:00",REPULSE,0,"2015/09/16 11:00:11"
D,METER_DATA,GEN_DUID,1,"2015/09/16 11:05:00",ROWALLAN,9.4430,"2015/09/16 11:00:11"
D,METER_DATA,GEN_DUID,1,"2015/09/16 11:05:00",RPCG,5.899292,"2015/09/16 11:00:11"
D,METER_DATA,GEN_DUID,1,"2015/09/16 11:05:00",RUBICON,0,"2015/09/16 11:00:11"
D,METER_DATA,GEN_DUID,1,"2015/09/16 11:05:00",STARHLWF,7.297872,"2015/09/16 11:00:11"
D,METER_DATA,GEN_DUID,1,"2015/09/16 11:05:00",WAUBRAWF,0,"2015/09/16 11:00:11"
D,METER_DATA,GEN_DUID,1,"2015/09/16 11:05:00",WOOLNTH1,14.040016,"2015/09/16 11:00:11"
D,METER_DATA,GEN_DUID,1,"2015/09/16 11:05:00",WPWF,0,"2015/09/16 11:00:11"
D,METER_DATA,GEN_DUID,1,"2015/09/16 11:05:00",YAMBUKWF,1.40,"2015/09/16 11:00:11"
D,METER_DATA,GEN_DUID,1,"2015/09/16 11:10:00",ANGAS1,0,"2015/09/16 11:05:11"
D,METER_DATA,GEN_DUID,1,"2015/09/16 11:10:00",ANGAS2,0,"2015/09/16 11:05:11"
D,METER_DATA,GEN_DUID,1,"2015/09/16 11:10:00",BUTLERSG,-0.000002,"2015/09/16 11:05:11"
D,METER_DATA,GEN_DUID,1,"2015/09/16 11:10:00",CALL_A_4,0,"2015/09/16 11:05:11"
D,METER_DATA,GEN_DUID,1,"2015/09/16 11:10:00",CAPTL_WF,0,"2015/09/16 11:05:11"
D,METER_DATA,GEN_DUID,1,"2015/09/16 11:10:00",CATHROCK,4.56,"2015/09/16 11:05:11"
D,METER_DATA,GEN_DUID,1,"2015/09/16 11:10:00",CHALLHWF,0,"2015/09/16 11:05:11"
D,METER_DATA,GEN_DUID,1,"2015/09/16 11:10:00",CLOVER,-0.01,"2015/09/16 11:05:11"
D,METER_DATA,GEN_DUID,1,"2015/09/16 11:10:00",CLUNY,4.158390,"2015/09/16 11:05:11"
D,METER_DATA,GEN_DUID,1,"2015/09/16 11:10:00",CNUNDAWF,0.500584,"2015/09/16 11:05:11"
D,METER_DATA,GEN_DUID,1,"2015/09/16 11:10:00",CULLRGWF,9.32,"2015/09/16 11:05:11"
D,METER_DATA,GEN_DUID,1,"2015/09/16 11:10:00",ERGT01,0,"2015/09/16 11:05:11"
D,METER_DATA,GEN_DUID,1,"2015/09/16 11:10:00",GB01,0.208096,"2015/09/16 11:05:11"
D,METER_DATA,GEN_DUID,1,"2015/09/16 11:10:00",GERMCRK,31.90,"2015/09/16 11:05:11"
D,METER_DATA,GEN_DUID,1,"2015/09/16 11:10:00",INVICTA,38.299999,"2015/09/16 11:05:11"
D,METER_DATA,GEN_DUID,1,"2015/09/16 11:10:00",LKBONNY1,-0.181410,"2015/09/16 11:05:11"
D,METER_DATA,GEN_DUID,1,"2015/09/16 11:10:00",MBAHNTH,50.625004,"2015/09/16 11:05:11"
D,METER_DATA,GEN_DUID,1,"2015/09/16 11:10:00",MLWF1,0.4950,"2015/09/16 11:05:11"
D,METER_DATA,GEN_DUID,1,"2015/09/16 11:10:00",MTMILLAR,20.924969,"2015/09/16 11:05:11"
D,METER_DATA,GEN_DUID,1,"2015/09/16 11:10:00",PALOONA,29.539999,"2015/09/16 11:05:11"
D,METER_DATA,GEN_DUID,1,"2015/09/16 11:10:00",PIONEER,48.900002,"2015/09/16 11:05:11"
D,METER_DATA,GEN_DUID,1,"2015/09/16 11:10:00",PORTWF,12.90,"2015/09/16 11:05:11"
D,METER_DATA,GEN_DUID,1,"2015/09/16 11:10:00",REPULSE,0,"2015/09/16 11:05:11"
D,METER_DATA,GEN_DUID,1,"2015/09/16 11:10:00",ROWALLAN,9.4146,"2015/09/16 11:05:11"
D,METER_DATA,GEN_DUID,1,"2015/09/16 11:10:00",RPCG,10.203617,"2015/09/16 11:05:11"
D,METER_DATA,GEN_DUID,1,"2015/09/16 11:10:00",RUBICON,0,"2015/09/16 11:05:11"
D,METER_DATA,GEN_DUID,1,"2015/09/16 11:10:00",STARHLWF,3.598951,"2015/09/16 11:05:11"
D,METER_DATA,GEN_DUID,1,"2015/09/16 11:10:00",WAUBRAWF,0,"2015/09/16 11:05:11"
D,METER_DATA,GEN_DUID,1,"2015/09/16 11:10:00",WOOLNTH1,10.810015,"2015/09/16 11:05:11"
D,METER_DATA,GEN_DUID,1,"2015/09/16 11:10:00",WPWF,0,"2015/09/16 11:05:11"
D,METER_DATA,GEN_DUID,1,"2015/09/16 11:10:00",YAMBUKWF,1.90,"2015/09/16 11:05:11"
D,METER_DATA,GEN_DUID,1,"2015/09/16 11:15:00",ANGAS1,0,"2015/09/16 11:10:10"
D,METER_DATA,GEN_DUID,1,"2015/09/16 11:15:00",ANGAS2,0,"2015/09/16 11:10:10"
D,METER_DATA,GEN_DUID,1,"2015/09/16 11:15:00",BUTLERSG,-0.000002,"2015/09/16 11:10:10"
D,METER_DATA,GEN_DUID,1,"2015/09/16 11:15:00",CALL_A_4,0,"2015/09/16 11:10:10"
D,METER_DATA,GEN_DUID,1,"2015/09/16 11:15:00",CAPTL_WF,0,"2015/09/16 11:10:10"
D,METER_DATA,GEN_DUID,1,"2015/09/16 11:15:00",CATHROCK,5.49,"2015/09/16 11:10:10"
D,METER_DATA,GEN_DUID,1,"2015/09/16 11:15:00",CHALLHWF,0,"2015/09/16 11:10:10"
D,METER_DATA,GEN_DUID,1,"2015/09/16 11:15:00",CLOVER,-0.02,"2015/09/16 11:10:10"
D,METER_DATA,GEN_DUID,1,"2015/09/16 11:15:00",CLUNY,4.086940,"2015/09/16 11:10:10"
D,METER_DATA,GEN_DUID,1,"2015/09/16 11:15:00",CNUNDAWF,1.101285,"2015/09/16 11:10:10"
D,METER_DATA,GEN_DUID,1,"2015/09/16 11:15:00",CULLRGWF,11.89,"2015/09/16 11:10:10"
D,METER_DATA,GEN_DUID,1,"2015/09/16 11:15:00",ERGT01,0,"2015/09/16 11:10:10"
D,METER_DATA,GEN_DUID,1,"2015/09/16 11:15:00",GB01,0.208096,"2015/09/16 11:10:10"
D,METER_DATA,GEN_DUID,1,"2015/09/16 11:15:00",GERMCRK,32.900002,"2015/09/16 11:10:10"
D,METER_DATA,GEN_DUID,1,"2015/09/16 11:15:00",INVICTA,38.299999,"2015/09/16 11:10:10"
D,METER_DATA,GEN_DUID,1,"2015/09/16 11:15:00",LKBONNY1,0.446547,"2015/09/16 11:10:10"
D,METER_DATA,GEN_DUID,1,"2015/09/16 11:15:00",MBAHNTH,50.625004,"2015/09/16 11:10:10"
D,METER_DATA,GEN_DUID,1,"2015/09/16 11:15:00",MLWF1,0.90,"2015/09/16 11:10:10"
D,METER_DATA,GEN_DUID,1,"2015/09/16 11:15:00",MTMILLAR,25.419519,"2015/09/16 11:10:10"
D,METER_DATA,GEN_DUID,1,"2015/09/16 11:15:00",PALOONA,29.34,"2015/09/16 11:10:10"
D,METER_DATA,GEN_DUID,1,"2015/09/16 11:15:00",PIONEER,46,"2015/09/16 11:10:10"
D,METER_DATA,GEN_DUID,1,"2015/09/16 11:15:00",PORTWF,12,"2015/09/16 11:10:10"
D,METER_DATA,GEN_DUID,1,"2015/09/16 11:15:00",REPULSE,0,"2015/09/16 11:10:10"
D,METER_DATA,GEN_DUID,1,"2015/09/16 11:15:00",ROWALLAN,9.5069,"2015/09/16 11:10:10"
D,METER_DATA,GEN_DUID,1,"2015/09/16 11:15:00",RPCG,6.083682,"2015/09/16 11:10:10"
D,METER_DATA,GEN_DUID,1,"2015/09/16 11:15:00",RUBICON,0,"2015/09/16 11:10:10"
D,METER_DATA,GEN_DUID,1,"2015/09/16 11:15:00",STARHLWF,0.299913,"2015/09/16 11:10:10"
D,METER_DATA,GEN_DUID,1,"2015/09/16 11:15:00",WAUBRAWF,0,"2015/09/16 11:10:10"
D,METER_DATA,GEN_DUID,1,"2015/09/16 11:15:00",WOOLNTH1,12.330015,"2015/09/16 11:10:10"
D,METER_DATA,GEN_DUID,1,"2015/09/16 11:15:00",WPWF,0,"2015/09/16 11:10:10"
D,METER_DATA,GEN_DUID,1,"2015/09/16 11:15:00",YAMBUKWF,2.20,"2015/09/16 11:10:10"
D,METER_DATA,GEN_DUID,1,"2015/09/16 11:20:00",ANGAS1,0,"2015/09/16 11:15:11"
D,METER_DATA,GEN_DUID,1,"2015/09/16 11:20:00",ANGAS2,0,"2015/09/16 11:15:11"
D,METER_DATA,GEN_DUID,1,"2015/09/16 11:20:00",BUTLERSG,-0.000002,"2015/09/16 11:15:11"
D,METER_DATA,GEN_DUID,1,"2015/09/16 11:20:00",CALL_A_4,0,"2015/09/16 11:15:11"
D,METER_DATA,GEN_DUID,1,"2015/09/16 11:20:00",CAPTL_WF,0,"2015/09/16 11:15:11"
D,METER_DATA,GEN_DUID,1,"2015/09/16 11:20:00",CATHROCK,5.72,"2015/09/16 11:15:11"
D,METER_DATA,GEN_DUID,1,"2015/09/16 11:20:00",CHALLHWF,0,"2015/09/16 11:15:11"
D,METER_DATA,GEN_DUID,1,"2015/09/16 11:20:00",CLOVER,-0.01,"2015/09/16 11:15:11"
D,METER_DATA,GEN_DUID,1,"2015/09/16 11:20:00",CLUNY,4.258420,"2015/09/16 11:15:11"
D,METER_DATA,GEN_DUID,1,"2015/09/16 11:20:00",CNUNDAWF,2.302686,"2015/09/16 11:15:11"
D,METER_DATA,GEN_DUID,1,"2015/09/16 11:20:00",CULLRGWF,11.44,"2015/09/16 11:15:11"
D,METER_DATA,GEN_DUID,1,"2015/09/16 11:20:00",ERGT01,0,"2015/09/16 11:15:11"
D,METER_DATA,GEN_DUID,1,"2015/09/16 11:20:00",GB01,0.208096,"2015/09/16 11:15:11"
D,METER_DATA,GEN_DUID,1,"2015/09/16 11:20:00",GERMCRK,31.50,"2015/09/16 11:15:11"
D,METER_DATA,GEN_DUID,1,"2015/09/16 11:20:00",INVICTA,38.299999,"2015/09/16 11:15:11"
D,METER_DATA,GEN_DUID,1,"2015/09/16 11:20:00",LKBONNY1,1.161022,"2015/09/16 11:15:11"
D,METER_DATA,GEN_DUID,1,"2015/09/16 11:20:00",MBAHNTH,50.625004,"2015/09/16 11:15:11"
D,METER_DATA,GEN_DUID,1,"2015/09/16 11:20:00",MLWF1,1.23,"2015/09/16 11:15:11"
D,METER_DATA,GEN_DUID,1,"2015/09/16 11:20:00",MTMILLAR,39.937519,"2015/09/16 11:15:11"
D,METER_DATA,GEN_DUID,1,"2015/09/16 11:20:00",PALOONA,29.299999,"2015/09/16 11:15:11"
D,METER_DATA,GEN_DUID,1,"2015/09/16 11:20:00",PIONEER,46.900002,"2015/09/16 11:15:11"
D,METER_DATA,GEN_DUID,1,"2015/09/16 11:20:00",PORTWF,11.70,"2015/09/16 11:15:11"
D,METER_DATA,GEN_DUID,1,"2015/09/16 11:20:00",REPULSE,0,"2015/09/16 11:15:11"
D,METER_DATA,GEN_DUID,1,"2015/09/16 11:20:00",ROWALLAN,9.3862,"2015/09/16 11:15:11"
D,METER_DATA,GEN_DUID,1,"2015/09/16 11:20:00",RPCG,10.967683,"2015/09/16 11:15:11"
D,METER_DATA,GEN_DUID,1,"2015/09/16 11:20:00",RUBICON,0,"2015/09/16 11:15:11"
D,METER_DATA,GEN_DUID,1,"2015/09/16 11:20:00",STARHLWF,-0.099971,"2015/09/16 11:15:11"
D,METER_DATA,GEN_DUID,1,"2015/09/16 11:20:00",WAUBRAWF,0,"2015/09/16 11:15:11"
D,METER_DATA,GEN_DUID,1,"2015/09/16 11:20:00",WOOLNTH1,14.400015,"2015/09/16 11:15:11"
D,METER_DATA,GEN_DUID,1,"2015/09/16 11:20:00",WPWF,0,"2015/09/16 11:15:11"
D,METER_DATA,GEN_DUID,1,"2015/09/16 11:20:00",YAMBUKWF,2.40,"2015/09/16 11:15:11"
D,METER_DATA,GEN_DUID,1,"2015/09/16 11:25:00",ANGAS1,0,"2015/09/16 11:20:07"
D,METER_DATA,GEN_DUID,1,"2015/09/16 11:25:00",ANGAS2,0,"2015/09/16 11:20:07"
D,METER_DATA,GEN_DUID,1,"2015/09/16 11:25:00",BUTLERSG,-0.000002,"2015/09/16 11:20:07"
D,METER_DATA,GEN_DUID,1,"2015/09/16 11:25:00",CALL_A_4,0,"2015/09/16 11:20:07"
D,METER_DATA,GEN_DUID,1,"2015/09/16 11:25:00",CAPTL_WF,0,"2015/09/16 11:20:07"
D,METER_DATA,GEN_DUID,1,"2015/09/16 11:25:00",CATHROCK,5.68,"2015/09/16 11:20:07"
D,METER_DATA,GEN_DUID,1,"2015/09/16 11:25:00",CHALLHWF,0,"2015/09/16 11:20:07"
D,METER_DATA,GEN_DUID,1,"2015/09/16 11:25:00",CLOVER,-0.01,"2015/09/16 11:20:07"
D,METER_DATA,GEN_DUID,1,"2015/09/16 11:25:00",CLUNY,3.815430,"2015/09/16 11:20:07"
D,METER_DATA,GEN_DUID,1,"2015/09/16 11:25:00",CNUNDAWF,1.802102,"2015/09/16 11:20:07"
D,METER_DATA,GEN_DUID,1,"2015/09/16 11:25:00",CULLRGWF,10.05,"2015/09/16 11:20:07"
D,METER_DATA,GEN_DUID,1,"2015/09/16 11:25:00",ERGT01,0,"2015/09/16 11:20:07"
D,METER_DATA,GEN_DUID,1,"2015/09/16 11:25:00",GB01,0.208096,"2015/09/16 11:20:07"
D,METER_DATA,GEN_DUID,1,"2015/09/16 11:25:00",GERMCRK,31.700001,"2015/09/16 11:20:07"
D,METER_DATA,GEN_DUID,1,"2015/09/16 11:25:00",INVICTA,38.299999,"2015/09/16 11:20:07"
D,METER_DATA,GEN_DUID,1,"2015/09/16 11:25:00",LKBONNY1,1.518259,"2015/09/16 11:20:07"
D,METER_DATA,GEN_DUID,1,"2015/09/16 11:25:00",MBAHNTH,50.625004,"2015/09/16 11:20:07"
D,METER_DATA,GEN_DUID,1,"2015/09/16 11:25:00",MLWF1,0.81,"2015/09/16 11:20:07"
D,METER_DATA,GEN_DUID,1,"2015/09/16 11:25:00",MTMILLAR,26.156210,"2015/09/16 11:20:07"
D,METER_DATA,GEN_DUID,1,"2015/09/16 11:25:00",PALOONA,29.299999,"2015/09/16 11:20:07"
D,METER_DATA,GEN_DUID,1,"2015/09/16 11:25:00",PIONEER,46.400002,"2015/09/16 11:20:07"
D,METER_DATA,GEN_DUID,1,"2015/09/16 11:25:00",PORTWF,14.50,"2015/09/16 11:20:07"
D,METER_DATA,GEN_DUID,1,"2015/09/16 11:25:00",REPULSE,0,"2015/09/16 11:20:07"
D,METER_DATA,GEN_DUID,1,"2015/09/16 11:25:00",ROWALLAN,9.4288,"2015/09/16 11:20:07"
D,METER_DATA,GEN_DUID,1,"2015/09/16 11:25:00",RPCG,11.080670,"2015/09/16 11:20:07"
D,METER_DATA,GEN_DUID,1,"2015/09/16 11:25:00",RUBICON,0,"2015/09/16 11:20:07"
D,METER_DATA,GEN_DUID,1,"2015/09/16 11:25:00",STARHLWF,-0.099971,"2015/09/16 11:20:07"
D,METER_DATA,GEN_DUID,1,"2015/09/16 11:25:00",WAUBRAWF,0,"2015/09/16 11:20:07"
D,METER_DATA,GEN_DUID,1,"2015/09/16 11:25:00",WOOLNTH1,20.640015,"2015/09/16 11:20:07"
D,METER_DATA,GEN_DUID,1,"2015/09/16 11:25:00",WPWF,7,"2015/09/16 11:20:07"
D,METER_DATA,GEN_DUID,1,"2015/09/16 11:25:00",YAMBUKWF,3.90,"2015/09/16 11:20:07"
D,METER_DATA,GEN_DUID,1,"2015/09/16 11:30:00",ANGAS1,0,"2015/09/16 11:25:10"
D,METER_DATA,GEN_DUID,1,"2015/09/16 11:30:00",ANGAS2,0,"2015/09/16 11:25:10"
D,METER_DATA,GEN_DUID,1,"2015/09/16 11:30:00",BUTLERSG,-0.000002,"2015/09/16 11:25:10"
D,METER_DATA,GEN_DUID,1,"2015/09/16 11:30:00",CALL_A_4,0,"2015/09/16 11:25:10"
D,METER_DATA,GEN_DUID,1,"2015/09/16 11:30:00",CAPTL_WF,0,"2015/09/16 11:25:10"
D,METER_DATA,GEN_DUID,1,"2015/09/16 11:30:00",CATHROCK,7.179999,"2015/09/16 11:25:10"
D,METER_DATA,GEN_DUID,1,"2015/09/16 11:30:00",CHALLHWF,0,"2015/09/16 11:25:10"
D,METER_DATA,GEN_DUID,1,"2015/09/16 11:30:00",CLOVER,-0.01,"2015/09/16 11:25:10"
D,METER_DATA,GEN_DUID,1,"2015/09/16 11:30:00",CLUNY,4.301290,"2015/09/16 11:25:10"
D,METER_DATA,GEN_DUID,1,"2015/09/16 11:30:00",CNUNDAWF,1.802102,"2015/09/16 11:25:10"
D,METER_DATA,GEN_DUID,1,"2015/09/16 11:30:00",CULLRGWF,6.73,"2015/09/16 11:25:10"
D,METER_DATA,GEN_DUID,1,"2015/09/16 11:30:00",ERGT01,0,"2015/09/16 11:25:10"
D,METER_DATA,GEN_DUID,1,"2015/09/16 11:30:00",GB01,0.208096,"2015/09/16 11:25:10"
D,METER_DATA,GEN_DUID,1,"2015/09/16 11:30:00",GERMCRK,31.90,"2015/09/16 11:25:10"
D,METER_DATA,GEN_DUID,1,"2015/09/16 11:30:00",INVICTA,38.299999,"2015/09/16 11:25:10"
D,METER_DATA,GEN_DUID,1,"2015/09/16 11:30:00",LKBONNY1,1.786187,"2015/09/16 11:25:10"
D,METER_DATA,GEN_DUID,1,"2015/09/16 11:30:00",MBAHNTH,50.625004,"2015/09/16 11:25:10"
D,METER_DATA,GEN_DUID,1,"2015/09/16 11:30:00",MLWF1,0.4950,"2015/09/16 11:25:10"
D,METER_DATA,GEN_DUID,1,"2015/09/16 11:30:00",MTMILLAR,28.247219,"2015/09/16 11:25:10"
D,METER_DATA,GEN_DUID,1,"2015/09/16 11:30:00",PALOONA,29.219999,"2015/09/16 11:25:10"
D,METER_DATA,GEN_DUID,1,"2015/09/16 11:30:00",PIONEER,45.600002,"2015/09/16 11:25:10"
D,METER_DATA,GEN_DUID,1,"2015/09/16 11:30:00",PORTWF,18.200001,"2015/09/16 11:25:10"
D,METER_DATA,GEN_DUID,1,"2015/09/16 11:30:00",REPULSE,0,"2015/09/16 11:25:10"
D,METER_DATA,GEN_DUID,1,"2015/09/16 11:30:00",ROWALLAN,9.3578,"2015/09/16 11:25:10"
D,METER_DATA,GEN_DUID,1,"2015/09/16 11:30:00",RPCG,6.645266,"2015/09/16 11:25:10"
D,METER_DATA,GEN_DUID,1,"2015/09/16 11:30:00",RUBICON,0,"2015/09/16 11:25:10"
D,METER_DATA,GEN_DUID,1,"2015/09/16 11:30:00",STARHLWF,0.299913,"2015/09/16 11:25:10"
D,METER_DATA,GEN_DUID,1,"2015/09/16 11:30:00",WAUBRAWF,0,"2015/09/16 11:25:10"
D,METER_DATA,GEN_DUID,1,"2015/09/16 11:30:00",WOOLNTH1,19.330015,"2015/09/16 11:25:10"
D,METER_DATA,GEN_DUID,1,"2015/09/16 11:30:00",WPWF,5,"2015/09/16 11:25:10"
D,METER_DATA,GEN_DUID,1,"2015/09/16 11:30:00",YAMBUKWF,3,"2015/09/16 11:25:10"
D,METER_DATA,GEN_DUID,1,"2015/09/16 11:35:00",ANGAS1,0,"2015/09/16 11:30:11"
D,METER_DATA,GEN_DUID,1,"2015/09/16 11:35:00",ANGAS2,0,"2015/09/16 11:30:11"
D,METER_DATA,GEN_DUID,1,"2015/09/16 11:35:00",BUTLERSG,-0.000002,"2015/09/16 11:30:11"
D,METER_DATA,GEN_DUID,1,"2015/09/16 11:35:00",CALL_A_4,0,"2015/09/16 11:30:11"
D,METER_DATA,GEN_DUID,1,"2015/09/16 11:35:00",CAPTL_WF,0,"2015/09/16 11:30:11"
D,METER_DATA,GEN_DUID,1,"2015/09/16 11:35:00",CATHROCK,7.55,"2015/09/16 11:30:11"
D,METER_DATA,GEN_DUID,1,"2015/09/16 11:35:00",CHALLHWF,0,"2015/09/16 11:30:11"
D,METER_DATA,GEN_DUID,1,"2015/09/16 11:35:00",CLOVER,-0.01,"2015/09/16 11:30:11"
D,METER_DATA,GEN_DUID,1,"2015/09/16 11:35:00",CLUNY,3.958330,"2015/09/16 11:30:11"
D,METER_DATA,GEN_DUID,1,"2015/09/16 11:35:00",CNUNDAWF,2.302686,"2015/09/16 11:30:11"
D,METER_DATA,GEN_DUID,1,"2015/09/16 11:35:00",CULLRGWF,9.27,"2015/09/16 11:30:11"
D,METER_DATA,GEN_DUID,1,"2015/09/16 11:35:00",ERGT01,0,"2015/09/16 11:30:11"
D,METER_DATA,GEN_DUID,1,"2015/09/16 11:35:00",GB01,0.208096,"2015/09/16 11:30:11"
D,METER_DATA,GEN_DUID,1,"2015/09/16 11:35:00",GERMCRK,31.700001,"2015/09/16 11:30:11"
D,METER_DATA,GEN_DUID,1,"2015/09/16 11:35:00",INVICTA,38.299999,"2015/09/16 11:30:11"
D,METER_DATA,GEN_DUID,1,"2015/09/16 11:35:00",LKBONNY1,2.679281,"2015/09/16 11:30:11"
D,METER_DATA,GEN_DUID,1,"2015/09/16 11:35:00",MBAHNTH,50.625004,"2015/09/16 11:30:11"
D,METER_DATA,GEN_DUID,1,"2015/09/16 11:35:00",MLWF1,0.4650,"2015/09/16 11:30:11"
D,METER_DATA,GEN_DUID,1,"2015/09/16 11:35:00",MTMILLAR,34.192825,"2015/09/16 11:30:11"
D,METER_DATA,GEN_DUID,1,"2015/09/16 11:35:00",PALOONA,29.219999,"2015/09/16 11:30:11"
D,METER_DATA,GEN_DUID,1,"2015/09/16 11:35:00",PIONEER,42.900002,"2015/09/16 11:30:11"
D,METER_DATA,GEN_DUID,1,"2015/09/16 11:35:00",PORTWF,19.299999,"2015/09/16 11:30:11"
D,METER_DATA,GEN_DUID,1,"2015/09/16 11:35:00",REPULSE,0,"2015/09/16 11:30:11"
D,METER_DATA,GEN_DUID,1,"2015/09/16 11:35:00",ROWALLAN,9.4004,"2015/09/16 11:30:11"
D,METER_DATA,GEN_DUID,1,"2015/09/16 11:35:00",RPCG,10.932549,"2015/09/16 11:30:11"
D,METER_DATA,GEN_DUID,1,"2015/09/16 11:35:00",RUBICON,0,"2015/09/16 11:30:11"
D,METER_DATA,GEN_DUID,1,"2015/09/16 11:35:00",STARHLWF,1.899446,"2015/09/16 11:30:11"
D,METER_DATA,GEN_DUID,1,"2015/09/16 11:35:00",WAUBRAWF,0,"2015/09/16 11:30:11"
D,METER_DATA,GEN_DUID,1,"2015/09/16 11:35:00",WOOLNTH1,18.310017,"2015/09/16 11:30:11"
D,METER_DATA,GEN_DUID,1,"2015/09/16 11:35:00",WPWF,2,"2015/09/16 11:30:11"
D,METER_DATA,GEN_DUID,1,"2015/09/16 11:35:00",YAMBUKWF,2.10,"2015/09/16 11:30:11"
D,METER_DATA,GEN_DUID,1,"2015/09/16 11:40:00",ANGAS1,0,"2015/09/16 11:35:09"
D,METER_DATA,GEN_DUID,1,"2015/09/16 11:40:00",ANGAS2,0,"2015/09/16 11:35:09"
D,METER_DATA,GEN_DUID,1,"2015/09/16 11:40:00",BUTLERSG,-0.000002,"2015/09/16 11:35:09"
D,METER_DATA,GEN_DUID,1,"2015/09/16 11:40:00",CALL_A_4,0,"2015/09/16 11:35:09"
D,METER_DATA,GEN_DUID,1,"2015/09/16 11:40:00",CAPTL_WF,0,"2015/09/16 11:35:09"
D,METER_DATA,GEN_DUID,1,"2015/09/16 11:40:00",CATHROCK,8.419999,"2015/09/16 11:35:09"
D,METER_DATA,GEN_DUID,1,"2015/09/16 11:40:00",CHALLHWF,0,"2015/09/16 11:35:09"
D,METER_DATA,GEN_DUID,1,"2015/09/16 11:40:00",CLOVER,-0.01,"2015/09/16 11:35:09"
D,METER_DATA,GEN_DUID,1,"2015/09/16 11:40:00",CLUNY,3.972620,"2015/09/16 11:35:09"
D,METER_DATA,GEN_DUID,1,"2015/09/16 11:40:00",CNUNDAWF,2.603037,"2015/09/16 11:35:09"
D,METER_DATA,GEN_DUID,1,"2015/09/16 11:40:00",CULLRGWF,7.46,"2015/09/16 11:35:09"
D,METER_DATA,GEN_DUID,1,"2015/09/16 11:40:00",ERGT01,0,"2015/09/16 11:35:09"
D,METER_DATA,GEN_DUID,1,"2015/09/16 11:40:00",GB01,0.208096,"2015/09/16 11:35:09"
D,METER_DATA,GEN_DUID,1,"2015/09/16 11:40:00",GERMCRK,31.299999,"2015/09/16 11:35:09"
D,METER_DATA,GEN_DUID,1,"2015/09/16 11:40:00",INVICTA,38.299999,"2015/09/16 11:35:09"
D,METER_DATA,GEN_DUID,1,"2015/09/16 11:40:00",LKBONNY1,2.322043,"2015/09/16 11:35:09"
D,METER_DATA,GEN_DUID,1,"2015/09/16 11:40:00",MBAHNTH,50.625004,"2015/09/16 11:35:09"
D,METER_DATA,GEN_DUID,1,"2015/09/16 11:40:00",MLWF1,0.57,"2015/09/16 11:35:09"
D,METER_DATA,GEN_DUID,1,"2015/09/16 11:40:00",MTMILLAR,28.537430,"2015/09/16 11:35:09"
D,METER_DATA,GEN_DUID,1,"2015/09/16 11:40:00",PALOONA,29.219999,"2015/09/16 11:35:09"
D,METER_DATA,GEN_DUID,1,"2015/09/16 11:40:00",PIONEER,42.100002,"2015/09/16 11:35:09"
D,METER_DATA,GEN_DUID,1,"2015/09/16 11:40:00",PORTWF,16.10,"2015/09/16 11:35:09"
D,METER_DATA,GEN_DUID,1,"2015/09/16 11:40:00",REPULSE,0,"2015/09/16 11:35:09"
D,METER_DATA,GEN_DUID,1,"2015/09/16 11:40:00",ROWALLAN,9.4643,"2015/09/16 11:35:09"
D,METER_DATA,GEN_DUID,1,"2015/09/16 11:40:00",RPCG,7.288568,"2015/09/16 11:35:09"
D,METER_DATA,GEN_DUID,1,"2015/09/16 11:40:00",RUBICON,0,"2015/09/16 11:35:09"
D,METER_DATA,GEN_DUID,1,"2015/09/16 11:40:00",STARHLWF,3.099096,"2015/09/16 11:35:09"
D,METER_DATA,GEN_DUID,1,"2015/09/16 11:40:00",WAUBRAWF,0,"2015/09/16 11:35:09"
D,METER_DATA,GEN_DUID,1,"2015/09/16 11:40:00",WOOLNTH1,16.050016,"2015/09/16 11:35:09"
D,METER_DATA,GEN_DUID,1,"2015/09/16 11:40:00",WPWF,1,"2015/09/16 11:35:09"
D,METER_DATA,GEN_DUID,1,"2015/09/16 11:40:00",YAMBUKWF,2.20,"2015/09/16 11:35:09"
D,METER_DATA,GEN_DUID,1,"2015/09/16 11:45:00",ANGAS1,0,"2015/09/16 11:40:17"
D,METER_DATA,GEN_DUID,1,"2015/09/16 11:45:00",ANGAS2,0,"2015/09/16 11:40:17"
D,METER_DATA,GEN_DUID,1,"2015/09/16 11:45:00",BUTLERSG,-0.000002,"2015/09/16 11:40:17"
D,METER_DATA,GEN_DUID,1,"2015/09/16 11:45:00",CALL_A_4,0,"2015/09/16 11:40:17"
D,METER_DATA,GEN_DUID,1,"2015/09/16 11:45:00",CAPTL_WF,0,"2015/09/16 11:40:17"
D,METER_DATA,GEN_DUID,1,"2015/09/16 11:45:00",CATHROCK,8.499999,"2015/09/16 11:40:17"
D,METER_DATA,GEN_DUID,1,"2015/09/16 11:45:00",CHALLHWF,0,"2015/09/16 11:40:17"
D,METER_DATA,GEN_DUID,1,"2015/09/16 11:45:00",CLOVER,-0.01,"2015/09/16 11:40:17"
D,METER_DATA,GEN_DUID,1,"2015/09/16 11:45:00",CLUNY,4.344160,"2015/09/16 11:40:17"
D,METER_DATA,GEN_DUID,1,"2015/09/16 11:45:00",CNUNDAWF,3.904555,"2015/09/16 11:40:17"
D,METER_DATA,GEN_DUID,1,"2015/09/16 11:45:00",CULLRGWF,7.43,"2015/09/16 11:40:17"
D,METER_DATA,GEN_DUID,1,"2015/09/16 11:45:00",ERGT01,0,"2015/09/16 11:40:17"
D,METER_DATA,GEN_DUID,1,"2015/09/16 11:45:00",GB01,0.208096,"2015/09/16 11:40:17"
D,METER_DATA,GEN_DUID,1,"2015/09/16 11:45:00",GERMCRK,31.40,"2015/09/16 11:40:17"
D,METER_DATA,GEN_DUID,1,"2015/09/16 11:45:00",INVICTA,38.299999,"2015/09/16 11:40:17"
D,METER_DATA,GEN_DUID,1,"2015/09/16 11:45:00",LKBONNY1,2.679281,"2015/09/16 11:40:17"
D,METER_DATA,GEN_DUID,1,"2015/09/16 11:45:00",MBAHNTH,50.625004,"2015/09/16 11:40:17"
D,METER_DATA,GEN_DUID,1,"2015/09/16 11:45:00",MLWF1,0.66,"2015/09/16 11:40:17"
D,METER_DATA,GEN_DUID,1,"2015/09/16 11:45:00",MTMILLAR,26.453861,"2015/09/16 11:40:17"
D,METER_DATA,GEN_DUID,1,"2015/09/16 11:45:00",PALOONA,29.219999,"2015/09/16 11:40:17"
D,METER_DATA,GEN_DUID,1,"2015/09/16 11:45:00",PIONEER,39.600002,"2015/09/16 11:40:17"
D,METER_DATA,GEN_DUID,1,"2015/09/16 11:45:00",PORTWF,15,"2015/09/16 11:40:17"
D,METER_DATA,GEN_DUID,1,"2015/09/16 11:45:00",REPULSE,0,"2015/09/16 11:40:17"
D,METER_DATA,GEN_DUID,1,"2015/09/16 11:45:00",ROWALLAN,9.4217,"2015/09/16 11:40:17"
D,METER_DATA,GEN_DUID,1,"2015/09/16 11:45:00",RPCG,3.183486,"2015/09/16 11:40:17"
D,METER_DATA,GEN_DUID,1,"2015/09/16 11:45:00",RUBICON,0,"2015/09/16 11:40:17"
D,METER_DATA,GEN_DUID,1,"2015/09/16 11:45:00",STARHLWF,3.798892,"2015/09/16 11:40:17"
D,METER_DATA,GEN_DUID,1,"2015/09/16 11:45:00",WAUBRAWF,0,"2015/09/16 11:40:17"
D,METER_DATA,GEN_DUID,1,"2015/09/16 11:45:00",WOOLNTH1,14.050014,"2015/09/16 11:40:17"
D,METER_DATA,GEN_DUID,1,"2015/09/16 11:45:00",WPWF,3,"2015/09/16 11:40:17"
D,METER_DATA,GEN_DUID,1,"2015/09/16 11:45:00",YAMBUKWF,2.20,"2015/09/16 11:40:17"
D,METER_DATA,GEN_DUID,1,"2015/09/16 11:50:00",ANGAS1,0,"2015/09/16 11:45:16"
D,METER_DATA,GEN_DUID,1,"2015/09/16 11:50:00",ANGAS2,0,"2015/09/16 11:45:16"
D,METER_DATA,GEN_DUID,1,"2015/09/16 11:50:00",BUTLERSG,-0.000002,"2015/09/16 11:45:16"
D,METER_DATA,GEN_DUID,1,"2015/09/16 11:50:00",CALL_A_4,0,"2015/09/16 11:45:16"
D,METER_DATA,GEN_DUID,1,"2015/09/16 11:50:00",CAPTL_WF,0,"2015/09/16 11:45:16"
D,METER_DATA,GEN_DUID,1,"2015/09/16 11:50:00",CATHROCK,10.209999,"2015/09/16 11:45:16"
D,METER_DATA,GEN_DUID,1,"2015/09/16 11:50:00",CHALLHWF,0,"2015/09/16 11:45:16"
D,METER_DATA,GEN_DUID,1,"2015/09/16 11:50:00",CLOVER,-0.02,"2015/09/16 11:45:16"
D,METER_DATA,GEN_DUID,1,"2015/09/16 11:50:00",CLUNY,3.643950,"2015/09/16 11:45:16"
D,METER_DATA,GEN_DUID,1,"2015/09/16 11:50:00",CNUNDAWF,4.705489,"2015/09/16 11:45:16"
D,METER_DATA,GEN_DUID,1,"2015/09/16 11:50:00",CULLRGWF,8.46,"2015/09/16 11:45:16"
D,METER_DATA,GEN_DUID,1,"2015/09/16 11:50:00",ERGT01,0,"2015/09/16 11:45:16"
D,METER_DATA,GEN_DUID,1,"2015/09/16 11:50:00",GB01,0.208096,"2015/09/16 11:45:16"
D,METER_DATA,GEN_DUID,1,"2015/09/16 11:50:00",GERMCRK,31.10,"2015/09/16 11:45:16"
D,METER_DATA,GEN_DUID,1,"2015/09/16 11:50:00",INVICTA,38.299999,"2015/09/16 11:45:16"
D,METER_DATA,GEN_DUID,1,"2015/09/16 11:50:00",LKBONNY1,3.125828,"2015/09/16 11:45:16"
D,METER_DATA,GEN_DUID,1,"2015/09/16 11:50:00",MBAHNTH,50.625004,"2015/09/16 11:45:16"
D,METER_DATA,GEN_DUID,1,"2015/09/16 11:50:00",MLWF1,2.2650,"2015/09/16 11:45:16"
D,METER_DATA,GEN_DUID,1,"2015/09/16 11:50:00",MTMILLAR,31.424658,"2015/09/16 11:45:16"
D,METER_DATA,GEN_DUID,1,"2015/09/16 11:50:00",PALOONA,29.07,"2015/09/16 11:45:16"
D,METER_DATA,GEN_DUID,1,"2015/09/16 11:50:00",PIONEER,37.700001,"2015/09/16 11:45:16"
D,METER_DATA,GEN_DUID,1,"2015/09/16 11:50:00",PORTWF,11.50,"2015/09/16 11:45:16"
D,METER_DATA,GEN_DUID,1,"2015/09/16 11:50:00",REPULSE,0,"2015/09/16 11:45:16"
D,METER_DATA,GEN_DUID,1,"2015/09/16 11:50:00",ROWALLAN,9.3649,"2015/09/16 11:45:16"
D,METER_DATA,GEN_DUID,1,"2015/09/16 11:50:00",RPCG,5.463042,"2015/09/16 11:45:16"
D,METER_DATA,GEN_DUID,1,"2015/09/16 11:50:00",RUBICON,0,"2015/09/16 11:45:16"
D,METER_DATA,GEN_DUID,1,"2015/09/16 11:50:00",STARHLWF,3.798892,"2015/09/16 11:45:16"
D,METER_DATA,GEN_DUID,1,"2015/09/16 11:50:00",WAUBRAWF,0,"2015/09/16 11:45:16"
D,METER_DATA,GEN_DUID,1,"2015/09/16 11:50:00",WOOLNTH1,12.930016,"2015/09/16 11:45:16"
D,METER_DATA,GEN_DUID,1,"2015/09/16 11:50:00",WPWF,3,"2015/09/16 11:45:16"
D,METER_DATA,GEN_DUID,1,"2015/09/16 11:50:00",YAMBUKWF,2.50,"2015/09/16 11:45:16"
D,METER_DATA,GEN_DUID,1,"2015/09/16 11:55:00",ANGAS1,0,"2015/09/16 11:50:10"
D,METER_DATA,GEN_DUID,1,"2015/09/16 11:55:00",ANGAS2,0,"2015/09/16 11:50:10"
D,METER_DATA,GEN_DUID,1,"2015/09/16 11:55:00",BUTLERSG,-0.000002,"2015/09/16 11:50:10"
D,METER_DATA,GEN_DUID,1,"2015/09/16 11:55:00",CALL_A_4,0,"2015/09/16 11:50:10"
D,METER_DATA,GEN_DUID,1,"2015/09/16 11:55:00",CAPTL_WF,6.160004,"2015/09/16 11:50:10"
D,METER_DATA,GEN_DUID,1,"2015/09/16 11:55:00",CATHROCK,9.919999,"2015/09/16 11:50:10"
D,METER_DATA,GEN_DUID,1,"2015/09/16 11:55:00",CHALLHWF,0,"2015/09/16 11:50:10"
D,METER_DATA,GEN_DUID,1,"2015/09/16 11:55:00",CLOVER,-0.02,"2015/09/16 11:50:10"
D,METER_DATA,GEN_DUID,1,"2015/09/16 11:55:00",CLUNY,3.686820,"2015/09/16 11:50:10"
D,METER_DATA,GEN_DUID,1,"2015/09/16 11:55:00",CNUNDAWF,4.405139,"2015/09/16 11:50:10"
D,METER_DATA,GEN_DUID,1,"2015/09/16 11:55:00",CULLRGWF,6.43,"2015/09/16 11:50:10"
D,METER_DATA,GEN_DUID,1,"2015/09/16 11:55:00",ERGT01,0,"2015/09/16 11:50:10"
D,METER_DATA,GEN_DUID,1,"2015/09/16 11:55:00",GB01,0.208096,"2015/09/16 11:50:10"
D,METER_DATA,GEN_DUID,1,"2015/09/16 11:55:00",GERMCRK,31.60,"2015/09/16 11:50:10"
D,METER_DATA,GEN_DUID,1,"2015/09/16 11:55:00",INVICTA,38.299999,"2015/09/16 11:50:10"
D,METER_DATA,GEN_DUID,1,"2015/09/16 11:55:00",LKBONNY1,3.483065,"2015/09/16 11:50:10"
D,METER_DATA,GEN_DUID,1,"2015/09/16 11:55:00",MBAHNTH,50.625004,"2015/09/16 11:50:10"
D,METER_DATA,GEN_DUID,1,"2015/09/16 11:55:00",MLWF1,4.05,"2015/09/16 11:50:10"
D,METER_DATA,GEN_DUID,1,"2015/09/16 11:55:00",MTMILLAR,43.844208,"2015/09/16 11:50:10"
D,METER_DATA,GEN_DUID,1,"2015/09/16 11:55:00",PALOONA,29.109999,"2015/09/16 11:50:10"
D,METER_DATA,GEN_DUID,1,"2015/09/16 11:55:00",PIONEER,41.200001,"2015/09/16 11:50:10"
D,METER_DATA,GEN_DUID,1,"2015/09/16 11:55:00",PORTWF,11.20,"2015/09/16 11:50:10"
D,METER_DATA,GEN_DUID,1,"2015/09/16 11:55:00",REPULSE,0,"2015/09/16 11:50:10"
D,METER_DATA,GEN_DUID,1,"2015/09/16 11:55:00",ROWALLAN,9.3507,"2015/09/16 11:50:10"
D,METER_DATA,GEN_DUID,1,"2015/09/16 11:55:00",RPCG,5.762104,"2015/09/16 11:50:10"
D,METER_DATA,GEN_DUID,1,"2015/09/16 11:55:00",RUBICON,0,"2015/09/16 11:50:10"
D,METER_DATA,GEN_DUID,1,"2015/09/16 11:55:00",STARHLWF,4.198776,"2015/09/16 11:50:10"
D,METER_DATA,GEN_DUID,1,"2015/09/16 11:55:00",WAUBRAWF,0,"2015/09/16 11:50:10"
D,METER_DATA,GEN_DUID,1,"2015/09/16 11:55:00",WOOLNTH1,10.040015,"2015/09/16 11:50:10"
D,METER_DATA,GEN_DUID,1,"2015/09/16 11:55:00",WPWF,4,"2015/09/16 11:50:10"
D,METER_DATA,GEN_DUID,1,"2015/09/16 11:55:00",YAMBUKWF,3.10,"2015/09/16 11:50:10"
D,METER_DATA,GEN_DUID,1,"2015/09/16 12:00:00",ANGAS1,0,"2015/09/16 11:55:14"
D,METER_DATA,GEN_DUID,1,"2015/09/16 12:00:00",ANGAS2,0,"2015/09/16 11:55:14"
D,METER_DATA,GEN_DUID,1,"2015/09/16 12:00:00",BUTLERSG,-0.000002,"2015/09/16 11:55:14"
D,METER_DATA,GEN_DUID,1,"2015/09/16 12:00:00",CALL_A_4,0,"2015/09/16 11:55:14"
D,METER_DATA,GEN_DUID,1,"2015/09/16 12:00:00",CAPTL_WF,0,"2015/09/16 11:55:14"
D,METER_DATA,GEN_DUID,1,"2015/09/16 12:00:00",CATHROCK,10.24,"2015/09/16 11:55:14"
D,METER_DATA,GEN_DUID,1,"2015/09/16 12:00:00",CHALLHWF,0,"2015/09/16 11:55:14"
D,METER_DATA,GEN_DUID,1,"2015/09/16 12:00:00",CLOVER,-0.02,"2015/09/16 11:55:14"
D,METER_DATA,GEN_DUID,1,"2015/09/16 12:00:00",CLUNY,3.8583,"2015/09/16 11:55:14"
D,METER_DATA,GEN_DUID,1,"2015/09/16 12:00:00",CNUNDAWF,4.004672,"2015/09/16 11:55:14"
D,METER_DATA,GEN_DUID,1,"2015/09/16 12:00:00",CULLRGWF,6.34,"2015/09/16 11:55:14"
D,METER_DATA,GEN_DUID,1,"2015/09/16 12:00:00",ERGT01,0,"2015/09/16 11:55:14"
D,METER_DATA,GEN_DUID,1,"2015/09/16 12:00:00",GB01,0.208096,"2015/09/16 11:55:14"
D,METER_DATA,GEN_DUID,1,"2015/09/16 12:00:00",GERMCRK,31,"2015/09/16 11:55:14"
D,METER_DATA,GEN_DUID,1,"2015/09/16 12:00:00",INVICTA,38.299999,"2015/09/16 11:55:14"
D,METER_DATA,GEN_DUID,1,"2015/09/16 12:00:00",LKBONNY1,4.465468,"2015/09/16 11:55:14"
D,METER_DATA,GEN_DUID,1,"2015/09/16 12:00:00",MBAHNTH,50.625004,"2015/09/16 11:55:14"
D,METER_DATA,GEN_DUID,1,"2015/09/16 12:00:00",MLWF1,2.88,"2015/09/16 11:55:14"
D,METER_DATA,GEN_DUID,1,"2015/09/16 12:00:00",MTMILLAR,54.909435,"2015/09/16 11:55:14"
D,METER_DATA,GEN_DUID,1,"2015/09/16 12:00:00",PALOONA,29.109999,"2015/09/16 11:55:14"
D,METER_DATA,GEN_DUID,1,"2015/09/16 12:00:00",PIONEER,44.100002,"2015/09/16 11:55:14"
D,METER_DATA,GEN_DUID,1,"2015/09/16 12:00:00",PORTWF,8.60,"2015/09/16 11:55:14"
D,METER_DATA,GEN_DUID,1,"2015/09/16 12:00:00",REPULSE,0,"2015/09/16 11:55:14"
D,METER_DATA,GEN_DUID,1,"2015/09/16 12:00:00",ROWALLAN,9.4501,"2015/09/16 11:55:14"
D,METER_DATA,GEN_DUID,1,"2015/09/16 12:00:00",RPCG,5.655724,"2015/09/16 11:55:14"
D,METER_DATA,GEN_DUID,1,"2015/09/16 12:00:00",RUBICON,0,"2015/09/16 11:55:14"
D,METER_DATA,GEN_DUID,1,"2015/09/16 12:00:00",STARHLWF,3.898863,"2015/09/16 11:55:14"
D,METER_DATA,GEN_DUID,1,"2015/09/16 12:00:00",WAUBRAWF,0,"2015/09/16 11:55:14"
D,METER_DATA,GEN_DUID,1,"2015/09/16 12:00:00",WOOLNTH1,10.110015,"2015/09/16 11:55:14"
D,METER_DATA,GEN_DUID,1,"2015/09/16 12:00:00",WPWF,4,"2015/09/16 11:55:14"
D,METER_DATA,GEN_DUID,1,"2015/09/16 12:00:00",YAMBUKWF,2.70,"2015/09/16 11:55:14"
D,METER_DATA,GEN_DUID,1,"2015/09/16 12:05:00",BUTLERSG,-0.000002,"2015/09/16 12:00:13"
D,METER_DATA,GEN_DUID,1,"2015/09/16 12:05:00",CALL_A_4,0,"2015/09/16 12:00:13"
D,METER_DATA,GEN_DUID,1,"2015/09/16 12:05:00",CAPTL_WF,3.867996,"2015/09/16 12:00:13"
D,METER_DATA,GEN_DUID,1,"2015/09/16 12:05:00",CATHROCK,10.82,"2015/09/16 12:00:13"
D,METER_DATA,GEN_DUID,1,"2015/09/16 12:05:00",CHALLHWF,0.10,"2015/09/16 12:00:13"
D,METER_DATA,GEN_DUID,1,"2015/09/16 12:05:00",CLOVER,-0.01,"2015/09/16 12:00:13"
D,METER_DATA,GEN_DUID,1,"2015/09/16 12:05:00",CLUNY,3.915460,"2015/09/16 12:00:13"
D,METER_DATA,GEN_DUID,1,"2015/09/16 12:05:00",CNUNDAWF,4.204905,"2015/09/16 12:00:13"
D,METER_DATA,GEN_DUID,1,"2015/09/16 12:05:00",CULLRGWF,10.04,"2015/09/16 12:00:13"
D,METER_DATA,GEN_DUID,1,"2015/09/16 12:05:00",ERGT01,0,"2015/09/16 12:00:13"
D,METER_DATA,GEN_DUID,1,"2015/09/16 12:05:00",GB01,0.208096,"2015/09/16 12:00:13"
D,METER_DATA,GEN_DUID,1,"2015/09/16 12:05:00",GERMCRK,31.50,"2015/09/16 12:00:13"
D,METER_DATA,GEN_DUID,1,"2015/09/16 12:05:00",INVICTA,38.299999,"2015/09/16 12:00:13"
D,METER_DATA,GEN_DUID,1,"2015/09/16 12:05:00",LKBONNY1,5.179943,"2015/09/16 12:00:13"
D,METER_DATA,GEN_DUID,1,"2015/09/16 12:05:00",MBAHNTH,50.625004,"2015/09/16 12:00:13"
D,METER_DATA,GEN_DUID,1,"2015/09/16 12:05:00",MLWF1,1.41,"2015/09/16 12:00:13"
D,METER_DATA,GEN_DUID,1,"2015/09/16 12:05:00",MTMILLAR,44.640427,"2015/09/16 12:00:13"
D,METER_DATA,GEN_DUID,1,"2015/09/16 12:05:00",PALOONA,29.32,"2015/09/16 12:00:13"
D,METER_DATA,GEN_DUID,1,"2015/09/16 12:05:00",PIONEER,46.799999,"2015/09/16 12:00:13"
D,METER_DATA,GEN_DUID,1,"2015/09/16 12:05:00",PORTWF,7.60,"2015/09/16 12:00:13"
D,METER_DATA,GEN_DUID,1,"2015/09/16 12:05:00",REPULSE,0,"2015/09/16 12:00:13"
D,METER_DATA,GEN_DUID,1,"2015/09/16 12:05:00",ROWALLAN,9.4856,"2015/09/16 12:00:13"
D,METER_DATA,GEN_DUID,1,"2015/09/16 12:05:00",RPCG,5.102066,"2015/09/16 12:00:13"
D,METER_DATA,GEN_DUID,1,"2015/09/16 12:05:00",RUBICON,0,"2015/09/16 12:00:13"
D,METER_DATA,GEN_DUID,1,"2015/09/16 12:05:00",STARHLWF,3.099096,"2015/09/16 12:00:13"
D,METER_DATA,GEN_DUID,1,"2015/09/16 12:05:00",WAUBRAWF,0.2090,"2015/09/16 12:00:13"
D,METER_DATA,GEN_DUID,1,"2015/09/16 12:05:00",WOOLNTH1,9.130014,"2015/09/16 12:00:13"
D,METER_DATA,GEN_DUID,1,"2015/09/16 12:05:00",WPWF,4,"2015/09/16 12:00:13"
D,METER_DATA,GEN_DUID,1,"2015/09/16 12:05:00",YAMBUKWF,3.20,"2015/09/16 12:00:13"
D,METER_DATA,GEN_DUID,1,"2015/09/16 12:10:00",BUTLERSG,-0.000002,"2015/09/16 12:05:06"
D,METER_DATA,GEN_DUID,1,"2015/09/16 12:10:00",CALL_A_4,0,"2015/09/16 12:05:06"
D,METER_DATA,GEN_DUID,1,"2015/09/16 12:10:00",CAPTL_WF,0,"2015/09/16 12:05:06"
D,METER_DATA,GEN_DUID,1,"2015/09/16 12:10:00",CATHROCK,12.389999,"2015/09/16 12:05:06"
D,METER_DATA,GEN_DUID,1,"2015/09/16 12:10:00",CHALLHWF,0,"2015/09/16 12:05:06"
D,METER_DATA,GEN_DUID,1,"2015/09/16 12:10:00",CLOVER,-0.01,"2015/09/16 12:05:06"
D,METER_DATA,GEN_DUID,1,"2015/09/16 12:10:00",CLUNY,3.915460,"2015/09/16 12:05:06"
D,METER_DATA,GEN_DUID,1,"2015/09/16 12:10:00",CNUNDAWF,4.405139,"2015/09/16 12:05:06"
D,METER_DATA,GEN_DUID,1,"2015/09/16 12:10:00",CULLRGWF,7.64,"2015/09/16 12:05:06"
D,METER_DATA,GEN_DUID,1,"2015/09/16 12:10:00",ERGT01,0,"2015/09/16 12:05:06"
D,METER_DATA,GEN_DUID,1,"2015/09/16 12:10:00",GB01,0.208096,"2015/09/16 12:05:06"
D,METER_DATA,GEN_DUID,1,"2015/09/16 12:10:00",GERMCRK,31.50,"2015/09/16 12:05:06"
D,METER_DATA,GEN_DUID,1,"2015/09/16 12:10:00",INVICTA,38.299999,"2015/09/16 12:05:06"
D,METER_DATA,GEN_DUID,1,"2015/09/16 12:10:00",LKBONNY1,5.358562,"2015/09/16 12:05:06"
D,METER_DATA,GEN_DUID,1,"2015/09/16 12:10:00",MBAHNTH,50.625004,"2015/09/16 12:05:06"
D,METER_DATA,GEN_DUID,1,"2015/09/16 12:10:00",MLWF1,0.87,"2015/09/16 12:05:06"
D,METER_DATA,GEN_DUID,1,"2015/09/16 12:10:00",MTMILLAR,33.843086,"2015/09/16 12:05:06"
D,METER_DATA,GEN_DUID,1,"2015/09/16 12:10:00",PALOONA,29.029999,"2015/09/16 12:05:06"
D,METER_DATA,GEN_DUID,1,"2015/09/16 12:10:00",PIONEER,41.799999,"2015/09/16 12:05:06"
D,METER_DATA,GEN_DUID,1,"2015/09/16 12:10:00",PORTWF,8.80,"2015/09/16 12:05:06"
D,METER_DATA,GEN_DUID,1,"2015/09/16 12:10:00",REPULSE,0,"2015/09/16 12:05:06"
D,METER_DATA,GEN_DUID,1,"2015/09/16 12:10:00",ROWALLAN,9.4643,"2015/09/16 12:05:06"
D,METER_DATA,GEN_DUID,1,"2015/09/16 12:10:00",RPCG,5.122428,"2015/09/16 12:05:06"
D,METER_DATA,GEN_DUID,1,"2015/09/16 12:10:00",RUBICON,0,"2015/09/16 12:05:06"
D,METER_DATA,GEN_DUID,1,"2015/09/16 12:10:00",STARHLWF,3.099096,"2015/09/16 12:05:06"
D,METER_DATA,GEN_DUID,1,"2015/09/16 12:10:00",WAUBRAWF,0,"2015/09/16 12:05:06"
D,METER_DATA,GEN_DUID,1,"2015/09/16 12:10:00",WOOLNTH1,11.070015,"2015/09/16 12:05:06"
D,METER_DATA,GEN_DUID,1,"2015/09/16 12:10:00",WPWF,4,"2015/09/16 12:05:06"
D,METER_DATA,GEN_DUID,1,"2015/09/16 12:10:00",YAMBUKWF,2.70,"2015/09/16 12:05:06"
D,METER_DATA,GEN_DUID,1,"2015/09/16 12:15:00",BUTLERSG,-0.000002,"2015/09/16 12:10:14"
D,METER_DATA,GEN_DUID,1,"2015/09/16 12:15:00",CALL_A_4,0,"2015/09/16 12:10:14"
D,METER_DATA,GEN_DUID,1,"2015/09/16 12:15:00",CAPTL_WF,0,"2015/09/16 12:10:14"
D,METER_DATA,GEN_DUID,1,"2015/09/16 12:15:00",CATHROCK,12.69,"2015/09/16 12:10:14"
D,METER_DATA,GEN_DUID,1,"2015/09/16 12:15:00",CHALLHWF,0,"2015/09/16 12:10:14"
D,METER_DATA,GEN_DUID,1,"2015/09/16 12:15:00",CLOVER,-0.01,"2015/09/16 12:10:14"
D,METER_DATA,GEN_DUID,1,"2015/09/16 12:15:00",CLUNY,3.929750,"2015/09/16 12:10:14"
D,METER_DATA,GEN_DUID,1,"2015/09/16 12:15:00",CNUNDAWF,4.505256,"2015/09/16 12:10:14"
D,METER_DATA,GEN_DUID,1,"2015/09/16 12:15:00",CULLRGWF,7.12,"2015/09/16 12:10:14"
D,METER_DATA,GEN_DUID,1,"2015/09/16 12:15:00",ERGT01,0,"2015/09/16 12:10:14"
D,METER_DATA,GEN_DUID,1,"2015/09/16 12:15:00",GB01,0.208096,"2015/09/16 12:10:14"
D,METER_DATA,GEN_DUID,1,"2015/09/16 12:15:00",GERMCRK,31,"2015/09/16 12:10:14"
D,METER_DATA,GEN_DUID,1,"2015/09/16 12:15:00",INVICTA,38.299999,"2015/09/16 12:10:14"
D,METER_DATA,GEN_DUID,1,"2015/09/16 12:15:00",LKBONNY1,4.822706,"2015/09/16 12:10:14"
D,METER_DATA,GEN_DUID,1,"2015/09/16 12:15:00",MBAHNTH,50.625004,"2015/09/16 12:10:14"
D,METER_DATA,GEN_DUID,1,"2015/09/16 12:15:00",MLWF1,0.5550,"2015/09/16 12:10:14"
D,METER_DATA,GEN_DUID,1,"2015/09/16 12:15:00",MTMILLAR,33.813320,"2015/09/16 12:10:14"
D,METER_DATA,GEN_DUID,1,"2015/09/16 12:15:00",PALOONA,29.139999,"2015/09/16 12:10:14"
D,METER_DATA,GEN_DUID,1,"2015/09/16 12:15:00",PIONEER,46.799999,"2015/09/16 12:10:14"
D,METER_DATA,GEN_DUID,1,"2015/09/16 12:15:00",PORTWF,8.50,"2015/09/16 12:10:14"
D,METER_DATA,GEN_DUID,1,"2015/09/16 12:15:00",REPULSE,0,"2015/09/16 12:10:14"
D,METER_DATA,GEN_DUID,1,"2015/09/16 12:15:00",ROWALLAN,9.5069,"2015/09/16 12:10:14"
D,METER_DATA,GEN_DUID,1,"2015/09/16 12:15:00",RPCG,7.565046,"2015/09/16 12:10:14"
D,METER_DATA,GEN_DUID,1,"2015/09/16 12:15:00",RUBICON,0,"2015/09/16 12:10:14"
D,METER_DATA,GEN_DUID,1,"2015/09/16 12:15:00",STARHLWF,3.099096,"2015/09/16 12:10:14"
D,METER_DATA,GEN_DUID,1,"2015/09/16 12:15:00",WAUBRAWF,0,"2015/09/16 12:10:14"
D,METER_DATA,GEN_DUID,1,"2015/09/16 12:15:00",WOOLNTH1,11.050015,"2015/09/16 12:10:14"
D,METER_DATA,GEN_DUID,1,"2015/09/16 12:15:00",WPWF,5,"2015/09/16 12:10:14"
D,METER_DATA,GEN_DUID,1,"2015/09/16 12:15:00",YAMBUKWF,1.70,"2015/09/16 12:10:14"
D,METER_DATA,GEN_DUID,1,"2015/09/16 12:20:00",BUTLERSG,-0.000002,"2015/09/16 12:15:14"
D,METER_DATA,GEN_DUID,1,"2015/09/16 12:20:00",CALL_A_4,0,"2015/09/16 12:15:14"
D,METER_DATA,GEN_DUID,1,"2015/09/16 12:20:00",CAPTL_WF,8.059998,"2015/09/16 12:15:14"
D,METER_DATA,GEN_DUID,1,"2015/09/16 12:20:00",CATHROCK,13.139999,"2015/09/16 12:15:14"
D,METER_DATA,GEN_DUID,1,"2015/09/16 12:20:00",CHALLHWF,0,"2015/09/16 12:15:14"
D,METER_DATA,GEN_DUID,1,"2015/09/16 12:20:00",CLOVER,-0.03,"2015/09/16 12:15:14"
D,METER_DATA,GEN_DUID,1,"2015/09/16 12:20:00",CLUNY,3.815430,"2015/09/16 12:15:14"
D,METER_DATA,GEN_DUID,1,"2015/09/16 12:20:00",CNUNDAWF,4.905723,"2015/09/16 12:15:14"
D,METER_DATA,GEN_DUID,1,"2015/09/16 12:20:00",CULLRGWF,8.55,"2015/09/16 12:15:14"
D,METER_DATA,GEN_DUID,1,"2015/09/16 12:20:00",ERGT01,0,"2015/09/16 12:15:14"
D,METER_DATA,GEN_DUID,1,"2015/09/16 12:20:00",GB01,0.208096,"2015/09/16 12:15:14"
D,METER_DATA,GEN_DUID,1,"2015/09/16 12:20:00",GERMCRK,31.700001,"2015/09/16 12:15:14"
D,METER_DATA,GEN_DUID,1,"2015/09/16 12:20:00",INVICTA,38.299999,"2015/09/16 12:15:14"
D,METER_DATA,GEN_DUID,1,"2015/09/16 12:20:00",LKBONNY1,5.090634,"2015/09/16 12:15:14"
D,METER_DATA,GEN_DUID,1,"2015/09/16 12:20:00",MBAHNTH,50.625004,"2015/09/16 12:15:14"
D,METER_DATA,GEN_DUID,1,"2015/09/16 12:20:00",MLWF1,0.18,"2015/09/16 12:15:14"
D,METER_DATA,GEN_DUID,1,"2015/09/16 12:20:00",MTMILLAR,26.863134,"2015/09/16 12:15:14"
D,METER_DATA,GEN_DUID,1,"2015/09/16 12:20:00",PALOONA,29.139999,"2015/09/16 12:15:14"
D,METER_DATA,GEN_DUID,1,"2015/09/16 12:20:00",PIONEER,46.400002,"2015/09/16 12:15:14"
D,METER_DATA,GEN_DUID,1,"2015/09/16 12:20:00",PORTWF,7.60,"2015/09/16 12:15:14"
D,METER_DATA,GEN_DUID,1,"2015/09/16 12:20:00",REPULSE,0,"2015/09/16 12:15:14"
D,METER_DATA,GEN_DUID,1,"2015/09/16 12:20:00",ROWALLAN,9.4643,"2015/09/16 12:15:14"
D,METER_DATA,GEN_DUID,1,"2015/09/16 12:20:00",RPCG,12.124873,"2015/09/16 12:15:14"
D,METER_DATA,GEN_DUID,1,"2015/09/16 12:20:00",RUBICON,0,"2015/09/16 12:15:14"
D,METER_DATA,GEN_DUID,1,"2015/09/16 12:20:00",STARHLWF,3.099096,"2015/09/16 12:15:14"
D,METER_DATA,GEN_DUID,1,"2015/09/16 12:20:00",WAUBRAWF,0.4510,"2015/09/16 12:15:14"
D,METER_DATA,GEN_DUID,1,"2015/09/16 12:20:00",WOOLNTH1,11.020016,"2015/09/16 12:15:14"
D,METER_DATA,GEN_DUID,1,"2015/09/16 12:20:00",WPWF,6,"2015/09/16 12:15:14"
D,METER_DATA,GEN_DUID,1,"2015/09/16 12:20:00",YAMBUKWF,1.50,"2015/09/16 12:15:14"
D,METER_DATA,GEN_DUID,1,"2015/09/16 12:25:00",BUTLERSG,-0.000002,"2015/09/16 12:20:12"
D,METER_DATA,GEN_DUID,1,"2015/09/16 12:25:00",CALL_A_4,0,"2015/09/16 12:20:12"
D,METER_DATA,GEN_DUID,1,"2015/09/16 12:25:00",CAPTL_WF,14.684006,"2015/09/16 12:20:12"
D,METER_DATA,GEN_DUID,1,"2015/09/16 12:25:00",CATHROCK,14.109999,"2015/09/16 12:20:12"
D,METER_DATA,GEN_DUID,1,"2015/09/16 12:25:00",CHALLHWF,0.10,"2015/09/16 12:20:12"
D,METER_DATA,GEN_DUID,1,"2015/09/16 12:25:00",CLOVER,-0.02,"2015/09/16 12:20:12"
D,METER_DATA,GEN_DUID,1,"2015/09/16 12:25:00",CLUNY,3.701110,"2015/09/16 12:20:12"
D,METER_DATA,GEN_DUID,1,"2015/09/16 12:25:00",CNUNDAWF,5.406307,"2015/09/16 12:20:12"
D,METER_DATA,GEN_DUID,1,"2015/09/16 12:25:00",CULLRGWF,6.85,"2015/09/16 12:20:12"
D,METER_DATA,GEN_DUID,1,"2015/09/16 12:25:00",ERGT01,0,"2015/09/16 12:20:12"
D,METER_DATA,GEN_DUID,1,"2015/09/16 12:25:00",GB01,0.208096,"2015/09/16 12:20:12"
D,METER_DATA,GEN_DUID,1,"2015/09/16 12:25:00",GERMCRK,31.299999,"2015/09/16 12:20:12"
D,METER_DATA,GEN_DUID,1,"2015/09/16 12:25:00",INVICTA,38.299999,"2015/09/16 12:20:12"
D,METER_DATA,GEN_DUID,1,"2015/09/16 12:25:00",LKBONNY1,5.537180,"2015/09/16 12:20:12"
D,METER_DATA,GEN_DUID,1,"2015/09/16 12:25:00",MBAHNTH,50.625004,"2015/09/16 12:20:12"
D,METER_DATA,GEN_DUID,1,"2015/09/16 12:25:00",MLWF1,0.06,"2015/09/16 12:20:12"
D,METER_DATA,GEN_DUID,1,"2015/09/16 12:25:00",MTMILLAR,22.249521,"2015/09/16 12:20:12"
D,METER_DATA,GEN_DUID,1,"2015/09/16 12:25:00",PALOONA,29.139999,"2015/09/16 12:20:12"
D,METER_DATA,GEN_DUID,1,"2015/09/16 12:25:00",PIONEER,47.700001,"2015/09/16 12:20:12"
D,METER_DATA,GEN_DUID,1,"2015/09/16 12:25:00",PORTWF,6.40,"2015/09/16 12:20:12"
D,METER_DATA,GEN_DUID,1,"2015/09/16 12:25:00",REPULSE,0,"2015/09/16 12:20:12"
D,METER_DATA,GEN_DUID,1,"2015/09/16 12:25:00",ROWALLAN,9.4501,"2015/09/16 12:20:12"
D,METER_DATA,GEN_DUID,1,"2015/09/16 12:25:00",RPCG,12.402508,"2015/09/16 12:20:12"
D,METER_DATA,GEN_DUID,1,"2015/09/16 12:25:00",RUBICON,0,"2015/09/16 12:20:12"
D,METER_DATA,GEN_DUID,1,"2015/09/16 12:25:00",STARHLWF,3.099096,"2015/09/16 12:20:12"
D,METER_DATA,GEN_DUID,1,"2015/09/16 12:25:00",WAUBRAWF,0.0520,"2015/09/16 12:20:12"
D,METER_DATA,GEN_DUID,1,"2015/09/16 12:25:00",WOOLNTH1,8.350016,"2015/09/16 12:20:12"
D,METER_DATA,GEN_DUID,1,"2015/09/16 12:25:00",WPWF,6,"2015/09/16 12:20:12"
D,METER_DATA,GEN_DUID,1,"2015/09/16 12:25:00",YAMBUKWF,1.80,"2015/09/16 12:20:12"
D,METER_DATA,GEN_DUID,1,"2015/09/16 12:30:00",BUTLERSG,-0.000002,"2015/09/16 12:25:08"
D,METER_DATA,GEN_DUID,1,"2015/09/16 12:30:00",CALL_A_4,0,"2015/09/16 12:25:08"
D,METER_DATA,GEN_DUID,1,"2015/09/16 12:30:00",CAPTL_WF,14.872002,"2015/09/16 12:25:08"
D,METER_DATA,GEN_DUID,1,"2015/09/16 12:30:00",CATHROCK,11.509999,"2015/09/16 12:25:08"
D,METER_DATA,GEN_DUID,1,"2015/09/16 12:30:00",CHALLHWF,0.10,"2015/09/16 12:25:08"
D,METER_DATA,GEN_DUID,1,"2015/09/16 12:30:00",CLOVER,-0.01,"2015/09/16 12:25:08"
D,METER_DATA,GEN_DUID,1,"2015/09/16 12:30:00",CLUNY,3.7154,"2015/09/16 12:25:08"
D,METER_DATA,GEN_DUID,1,"2015/09/16 12:30:00",CNUNDAWF,4.605372,"2015/09/16 12:25:08"
D,METER_DATA,GEN_DUID,1,"2015/09/16 12:30:00",CULLRGWF,6.97,"2015/09/16 12:25:08"
D,METER_DATA,GEN_DUID,1,"2015/09/16 12:30:00",ERGT01,0,"2015/09/16 12:25:08"
D,METER_DATA,GEN_DUID,1,"2015/09/16 12:30:00",GB01,0.208096,"2015/09/16 12:25:08"
D,METER_DATA,GEN_DUID,1,"2015/09/16 12:30:00",GERMCRK,30.799999,"2015/09/16 12:25:08"
D,METER_DATA,GEN_DUID,1,"2015/09/16 12:30:00",INVICTA,38.299999,"2015/09/16 12:25:08"
D,METER_DATA,GEN_DUID,1,"2015/09/16 12:30:00",LKBONNY1,5.894418,"2015/09/16 12:25:08"
D,METER_DATA,GEN_DUID,1,"2015/09/16 12:30:00",MBAHNTH,50.625004,"2015/09/16 12:25:08"
D,METER_DATA,GEN_DUID,1,"2015/09/16 12:30:00",MLWF1,0.06,"2015/09/16 12:25:08"
D,METER_DATA,GEN_DUID,1,"2015/09/16 12:30:00",MTMILLAR,30.367992,"2015/09/16 12:25:08"
D,METER_DATA,GEN_DUID,1,"2015/09/16 12:30:00",PALOONA,29.139999,"2015/09/16 12:25:08"
D,METER_DATA,GEN_DUID,1,"2015/09/16 12:30:00",PIONEER,47.200001,"2015/09/16 12:25:08"
D,METER_DATA,GEN_DUID,1,"2015/09/16 12:30:00",PORTWF,5.50,"2015/09/16 12:25:08"
D,METER_DATA,GEN_DUID,1,"2015/09/16 12:30:00",REPULSE,0,"2015/09/16 12:25:08"
D,METER_DATA,GEN_DUID,1,"2015/09/16 12:30:00",ROWALLAN,9.4075,"2015/09/16 12:25:08"
D,METER_DATA,GEN_DUID,1,"2015/09/16 12:30:00",RPCG,12.563535,"2015/09/16 12:25:08"
D,METER_DATA,GEN_DUID,1,"2015/09/16 12:30:00",RUBICON,0,"2015/09/16 12:25:08"
D,METER_DATA,GEN_DUID,1,"2015/09/16 12:30:00",STARHLWF,3.099096,"2015/09/16 12:25:08"
D,METER_DATA,GEN_DUID,1,"2015/09/16 12:30:00",WAUBRAWF,0,"2015/09/16 12:25:08"
D,METER_DATA,GEN_DUID,1,"2015/09/16 12:30:00",WOOLNTH1,7.200016,"2015/09/16 12:25:08"
D,METER_DATA,GEN_DUID,1,"2015/09/16 12:30:00",WPWF,5,"2015/09/16 12:25:08"
D,METER_DATA,GEN_DUID,1,"2015/09/16 12:30:00",YAMBUKWF,2.80,"2015/09/16 12:25:08"
D,METER_DATA,GEN_DUID,1,"2015/09/16 12:35:00",BUTLERSG,-0.000002,"2015/09/16 12:30:07"
D,METER_DATA,GEN_DUID,1,"2015/09/16 12:35:00",CALL_A_4,0,"2015/09/16 12:30:07"
D,METER_DATA,GEN_DUID,1,"2015/09/16 12:35:00",CAPTL_WF,16.580002,"2015/09/16 12:30:07"
D,METER_DATA,GEN_DUID,1,"2015/09/16 12:35:00",CATHROCK,10.99,"2015/09/16 12:30:07"
D,METER_DATA,GEN_DUID,1,"2015/09/16 12:35:00",CHALLHWF,0.40,"2015/09/16 12:30:07"
D,METER_DATA,GEN_DUID,1,"2015/09/16 12:35:00",CLOVER,0,"2015/09/16 12:30:07"
D,METER_DATA,GEN_DUID,1,"2015/09/16 12:35:00",CLUNY,3.801140,"2015/09/16 12:30:07"
D,METER_DATA,GEN_DUID,1,"2015/09/16 12:35:00",CNUNDAWF,5.206073,"2015/09/16 12:30:07"
D,METER_DATA,GEN_DUID,1,"2015/09/16 12:35:00",CULLRGWF,6.73,"2015/09/16 12:30:07"
D,METER_DATA,GEN_DUID,1,"2015/09/16 12:35:00",ERGT01,0,"2015/09/16 12:30:07"
D,METER_DATA,GEN_DUID,1,"2015/09/16 12:35:00",GB01,0.208096,"2015/09/16 12:30:07"
D,METER_DATA,GEN_DUID,1,"2015/09/16 12:35:00",GERMCRK,31.50,"2015/09/16 12:30:07"
D,METER_DATA,GEN_DUID,1,"2015/09/16 12:35:00",INVICTA,38.299999,"2015/09/16 12:30:07"
D,METER_DATA,GEN_DUID,1,"2015/09/16 12:35:00",LKBONNY1,6.251656,"2015/09/16 12:30:07"
D,METER_DATA,GEN_DUID,1,"2015/09/16 12:35:00",MBAHNTH,50.362503,"2015/09/16 12:30:07"
D,METER_DATA,GEN_DUID,1,"2015/09/16 12:35:00",MLWF1,0.3450,"2015/09/16 12:30:07"
D,METER_DATA,GEN_DUID,1,"2015/09/16 12:35:00",MTMILLAR,56.911148,"2015/09/16 12:30:07"
D,METER_DATA,GEN_DUID,1,"2015/09/16 12:35:00",PALOONA,29.139999,"2015/09/16 12:30:07"
D,METER_DATA,GEN_DUID,1,"2015/09/16 12:35:00",PIONEER,45.400002,"2015/09/16 12:30:07"
D,METER_DATA,GEN_DUID,1,"2015/09/16 12:35:00",PORTWF,5.80,"2015/09/16 12:30:07"
D,METER_DATA,GEN_DUID,1,"2015/09/16 12:35:00",REPULSE,0,"2015/09/16 12:30:07"
D,METER_DATA,GEN_DUID,1,"2015/09/16 12:35:00",ROWALLAN,9.4004,"2015/09/16 12:30:07"
D,METER_DATA,GEN_DUID,1,"2015/09/16 12:35:00",RPCG,12.349315,"2015/09/16 12:30:07"
D,METER_DATA,GEN_DUID,1,"2015/09/16 12:35:00",RUBICON,0,"2015/09/16 12:30:07"
D,METER_DATA,GEN_DUID,1,"2015/09/16 12:35:00",STARHLWF,3.099096,"2015/09/16 12:30:07"
D,METER_DATA,GEN_DUID,1,"2015/09/16 12:35:00",WAUBRAWF,0,"2015/09/16 12:30:07"
D,METER_DATA,GEN_DUID,1,"2015/09/16 12:35:00",WOOLNTH1,8.130015,"2015/09/16 12:30:07"
D,METER_DATA,GEN_DUID,1,"2015/09/16 12:35:00",WPWF,0,"2015/09/16 12:30:07"
D,METER_DATA,GEN_DUID,1,"2015/09/16 12:35:00",YAMBUKWF,3.30,"2015/09/16 12:30:07"
D,METER_DATA,GEN_DUID,1,"2015/09/16 12:40:00",BUTLERSG,-0.000002,"2015/09/16 12:35:09"
D,METER_DATA,GEN_DUID,1,"2015/09/16 12:40:00",CALL_A_4,0,"2015/09/16 12:35:09"
D,METER_DATA,GEN_DUID,1,"2015/09/16 12:40:00",CAPTL_WF,18.092003,"2015/09/16 12:35:09"
D,METER_DATA,GEN_DUID,1,"2015/09/16 12:40:00",CATHROCK,11.139999,"2015/09/16 12:35:09"
D,METER_DATA,GEN_DUID,1,"2015/09/16 12:40:00",CHALLHWF,0.70,"2015/09/16 12:35:09"
D,METER_DATA,GEN_DUID,1,"2015/09/16 12:40:00",CLOVER,-0.01,"2015/09/16 12:35:09"
D,METER_DATA,GEN_DUID,1,"2015/09/16 12:40:00",CLUNY,3.844010,"2015/09/16 12:35:09"
D,METER_DATA,GEN_DUID,1,"2015/09/16 12:40:00",CNUNDAWF,5.906891,"2015/09/16 12:35:09"
D,METER_DATA,GEN_DUID,1,"2015/09/16 12:40:00",CULLRGWF,8.97,"2015/09/16 12:35:09"
D,METER_DATA,GEN_DUID,1,"2015/09/16 12:40:00",ERGT01,0,"2015/09/16 12:35:09"
D,METER_DATA,GEN_DUID,1,"2015/09/16 12:40:00",GB01,0.208096,"2015/09/16 12:35:09"
D,METER_DATA,GEN_DUID,1,"2015/09/16 12:40:00",GERMCRK,31.299999,"2015/09/16 12:35:09"
D,METER_DATA,GEN_DUID,1,"2015/09/16 12:40:00",INVICTA,38.299999,"2015/09/16 12:35:09"
D,METER_DATA,GEN_DUID,1,"2015/09/16 12:40:00",LKBONNY1,6.519584,"2015/09/16 12:35:09"
D,METER_DATA,GEN_DUID,1,"2015/09/16 12:40:00",MBAHNTH,50.362503,"2015/09/16 12:35:09"
D,METER_DATA,GEN_DUID,1,"2015/09/16 12:40:00",MLWF1,0.54,"2015/09/16 12:35:09"
D,METER_DATA,GEN_DUID,1,"2015/09/16 12:40:00",MTMILLAR,47.676483,"2015/09/16 12:35:09"
D,METER_DATA,GEN_DUID,1,"2015/09/16 12:40:00",PALOONA,29.139999,"2015/09/16 12:35:09"
D,METER_DATA,GEN_DUID,1,"2015/09/16 12:40:00",PIONEER,45.700001,"2015/09/16 12:35:09"
D,METER_DATA,GEN_DUID,1,"2015/09/16 12:40:00",PORTWF,6.20,"2015/09/16 12:35:09"
D,METER_DATA,GEN_DUID,1,"2015/09/16 12:40:00",REPULSE,0,"2015/09/16 12:35:09"
D,METER_DATA,GEN_DUID,1,"2015/09/16 12:40:00",ROWALLAN,9.4501,"2015/09/16 12:35:09"
D,METER_DATA,GEN_DUID,1,"2015/09/16 12:40:00",RPCG,12.4103,"2015/09/16 12:35:09"
D,METER_DATA,GEN_DUID,1,"2015/09/16 12:40:00",RUBICON,0,"2015/09/16 12:35:09"
D,METER_DATA,GEN_DUID,1,"2015/09/16 12:40:00",STARHLWF,3.099096,"2015/09/16 12:35:09"
D,METER_DATA,GEN_DUID,1,"2015/09/16 12:40:00",WAUBRAWF,0,"2015/09/16 12:35:09"
D,METER_DATA,GEN_DUID,1,"2015/09/16 12:40:00",WOOLNTH1,8.380015,"2015/09/16 12:35:09"
D,METER_DATA,GEN_DUID,1,"2015/09/16 12:40:00",WPWF,0,"2015/09/16 12:35:09"
D,METER_DATA,GEN_DUID,1,"2015/09/16 12:40:00",YAMBUKWF,3.20,"2015/09/16 12:35:09"
D,METER_DATA,GEN_DUID,1,"2015/09/16 12:45:00",BUTLERSG,-0.000002,"2015/09/16 12:40:13"
D,METER_DATA,GEN_DUID,1,"2015/09/16 12:45:00",CALL_A_4,0,"2015/09/16 12:40:13"
D,METER_DATA,GEN_DUID,1,"2015/09/16 12:45:00",CAPTL_WF,23.131996,"2015/09/16 12:40:13"
D,METER_DATA,GEN_DUID,1,"2015/09/16 12:45:00",CATHROCK,10.77,"2015/09/16 12:40:13"
D,METER_DATA,GEN_DUID,1,"2015/09/16 12:45:00",CHALLHWF,1.10,"2015/09/16 12:40:13"
D,METER_DATA,GEN_DUID,1,"2015/09/16 12:45:00",CLOVER,-0.01,"2015/09/16 12:40:13"
D,METER_DATA,GEN_DUID,1,"2015/09/16 12:45:00",CLUNY,3.772560,"2015/09/16 12:40:13"
D,METER_DATA,GEN_DUID,1,"2015/09/16 12:45:00",CNUNDAWF,6.307358,"2015/09/16 12:40:13"
D,METER_DATA,GEN_DUID,1,"2015/09/16 12:45:00",CULLRGWF,7.95,"2015/09/16 12:40:13"
D,METER_DATA,GEN_DUID,1,"2015/09/16 12:45:00",ERGT01,0,"2015/09/16 12:40:13"
D,METER_DATA,GEN_DUID,1,"2015/09/16 12:45:00",GB01,0.208096,"2015/09/16 12:40:13"
D,METER_DATA,GEN_DUID,1,"2015/09/16 12:45:00",GERMCRK,29.50,"2015/09/16 12:40:13"
D,METER_DATA,GEN_DUID,1,"2015/09/16 12:45:00",INVICTA,38.299999,"2015/09/16 12:40:13"
D,METER_DATA,GEN_DUID,1,"2015/09/16 12:45:00",LKBONNY1,7.412677,"2015/09/16 12:40:13"
D,METER_DATA,GEN_DUID,1,"2015/09/16 12:45:00",MBAHNTH,50.362503,"2015/09/16 12:40:13"
D,METER_DATA,GEN_DUID,1,"2015/09/16 12:45:00",MLWF1,1.29,"2015/09/16 12:40:13"
D,METER_DATA,GEN_DUID,1,"2015/09/16 12:45:00",MTMILLAR,45.726860,"2015/09/16 12:40:13"
D,METER_DATA,GEN_DUID,1,"2015/09/16 12:45:00",PALOONA,29.139999,"2015/09/16 12:40:13"
D,METER_DATA,GEN_DUID,1,"2015/09/16 12:45:00",PIONEER,45.799999,"2015/09/16 12:40:13"
D,METER_DATA,GEN_DUID,1,"2015/09/16 12:45:00",PORTWF,7.80,"2015/09/16 12:40:13"
D,METER_DATA,GEN_DUID,1,"2015/09/16 12:45:00",REPULSE,0,"2015/09/16 12:40:13"
D,METER_DATA,GEN_DUID,1,"2015/09/16 12:45:00",ROWALLAN,9.3862,"2015/09/16 12:40:13"
D,METER_DATA,GEN_DUID,1,"2015/09/16 12:45:00",RPCG,8.282619,"2015/09/16 12:40:13"
D,METER_DATA,GEN_DUID,1,"2015/09/16 12:45:00",RUBICON,0,"2015/09/16 12:40:13"
D,METER_DATA,GEN_DUID,1,"2015/09/16 12:45:00",STARHLWF,3.099096,"2015/09/16 12:40:13"
D,METER_DATA,GEN_DUID,1,"2015/09/16 12:45:00",WAUBRAWF,0,"2015/09/16 12:40:13"
D,METER_DATA,GEN_DUID,1,"2015/09/16 12:45:00",WOOLNTH1,8.650016,"2015/09/16 12:40:13"
D,METER_DATA,GEN_DUID,1,"2015/09/16 12:45:00",WPWF,3,"2015/09/16 12:40:13"
D,METER_DATA,GEN_DUID,1,"2015/09/16 12:45:00",YAMBUKWF,2.40,"2015/09/16 12:40:13"
D,METER_DATA,GEN_DUID,1,"2015/09/16 12:50:00",BUTLERSG,-0.000002,"2015/09/16 12:45:11"
D,METER_DATA,GEN_DUID,1,"2015/09/16 12:50:00",CALL_A_4,0,"2015/09/16 12:45:11"
D,METER_DATA,GEN_DUID,1,"2015/09/16 12:50:00",CAPTL_WF,21.959999,"2015/09/16 12:45:11"
D,METER_DATA,GEN_DUID,1,"2015/09/16 12:50:00",CATHROCK,9.549999,"2015/09/16 12:45:11"
D,METER_DATA,GEN_DUID,1,"2015/09/16 12:50:00",CHALLHWF,1.20,"2015/09/16 12:45:11"
D,METER_DATA,GEN_DUID,1,"2015/09/16 12:50:00",CLOVER,-0.02,"2015/09/16 12:45:11"
D,METER_DATA,GEN_DUID,1,"2015/09/16 12:50:00",CLUNY,4.258420,"2015/09/16 12:45:11"
D,METER_DATA,GEN_DUID,1,"2015/09/16 12:50:00",CNUNDAWF,6.007008,"2015/09/16 12:45:11"
D,METER_DATA,GEN_DUID,1,"2015/09/16 12:50:00",CULLRGWF,7.25,"2015/09/16 12:45:11"
D,METER_DATA,GEN_DUID,1,"2015/09/16 12:50:00",ERGT01,0,"2015/09/16 12:45:11"
D,METER_DATA,GEN_DUID,1,"2015/09/16 12:50:00",GB01,0.208096,"2015/09/16 12:45:11"
D,METER_DATA,GEN_DUID,1,"2015/09/16 12:50:00",GERMCRK,29.299999,"2015/09/16 12:45:11"
D,METER_DATA,GEN_DUID,1,"2015/09/16 12:50:00",INVICTA,33.350002,"2015/09/16 12:45:11"
D,METER_DATA,GEN_DUID,1,"2015/09/16 12:50:00",LKBONNY1,8.305771,"2015/09/16 12:45:11"
D,METER_DATA,GEN_DUID,1,"2015/09/16 12:50:00",MBAHNTH,50.362503,"2015/09/16 12:45:11"
D,METER_DATA,GEN_DUID,1,"2015/09/16 12:50:00",MLWF1,1.6350,"2015/09/16 12:45:11"
D,METER_DATA,GEN_DUID,1,"2015/09/16 12:50:00",MTMILLAR,30.725176,"2015/09/16 12:45:11"
D,METER_DATA,GEN_DUID,1,"2015/09/16 12:50:00",PALOONA,29.07,"2015/09/16 12:45:11"
D,METER_DATA,GEN_DUID,1,"2015/09/16 12:50:00",PIONEER,44.900002,"2015/09/16 12:45:11"
D,METER_DATA,GEN_DUID,1,"2015/09/16 12:50:00",PORTWF,8.10,"2015/09/16 12:45:11"
D,METER_DATA,GEN_DUID,1,"2015/09/16 12:50:00",REPULSE,0,"2015/09/16 12:45:11"
D,METER_DATA,GEN_DUID,1,"2015/09/16 12:50:00",ROWALLAN,9.3933,"2015/09/16 12:45:11"
D,METER_DATA,GEN_DUID,1,"2015/09/16 12:50:00",RPCG,12.303453,"2015/09/16 12:45:11"
D,METER_DATA,GEN_DUID,1,"2015/09/16 12:50:00",RUBICON,0,"2015/09/16 12:45:11"
D,METER_DATA,GEN_DUID,1,"2015/09/16 12:50:00",STARHLWF,3.099096,"2015/09/16 12:45:11"
D,METER_DATA,GEN_DUID,1,"2015/09/16 12:50:00",WAUBRAWF,0,"2015/09/16 12:45:11"
D,METER_DATA,GEN_DUID,1,"2015/09/16 12:50:00",WOOLNTH1,10.120016,"2015/09/16 12:45:11"
D,METER_DATA,GEN_DUID,1,"2015/09/16 12:50:00",WPWF,5,"2015/09/16 12:45:11"
D,METER_DATA,GEN_DUID,1,"2015/09/16 12:50:00",YAMBUKWF,2.50,"2015/09/16 12:45:11"
D,METER_DATA,GEN_DUID,1,"2015/09/16 12:55:00",BUTLERSG,-0.000002,"2015/09/16 12:50:07"
D,METER_DATA,GEN_DUID,1,"2015/09/16 12:55:00",CALL_A_4,0,"2015/09/16 12:50:07"
D,METER_DATA,GEN_DUID,1,"2015/09/16 12:55:00",CAPTL_WF,26.1520,"2015/09/16 12:50:07"
D,METER_DATA,GEN_DUID,1,"2015/09/16 12:55:00",CATHROCK,10.78,"2015/09/16 12:50:07"
D,METER_DATA,GEN_DUID,1,"2015/09/16 12:55:00",CHALLHWF,1.30,"2015/09/16 12:50:07"
D,METER_DATA,GEN_DUID,1,"2015/09/16 12:55:00",CLOVER,-0.02,"2015/09/16 12:50:07"
D,METER_DATA,GEN_DUID,1,"2015/09/16 12:55:00",CLUNY,4.015490,"2015/09/16 12:50:07"
D,METER_DATA,GEN_DUID,1,"2015/09/16 12:55:00",CNUNDAWF,5.506423,"2015/09/16 12:50:07"
D,METER_DATA,GEN_DUID,1,"2015/09/16 12:55:00",CULLRGWF,11.52,"2015/09/16 12:50:07"
D,METER_DATA,GEN_DUID,1,"2015/09/16 12:55:00",ERGT01,0,"2015/09/16 12:50:07"
D,METER_DATA,GEN_DUID,1,"2015/09/16 12:55:00",GB01,0.208096,"2015/09/16 12:50:07"
D,METER_DATA,GEN_DUID,1,"2015/09/16 12:55:00",GERMCRK,28.60,"2015/09/16 12:50:07"
D,METER_DATA,GEN_DUID,1,"2015/09/16 12:55:00",INVICTA,28.075001,"2015/09/16 12:50:07"
D,METER_DATA,GEN_DUID,1,"2015/09/16 12:55:00",LKBONNY1,6.966130,"2015/09/16 12:50:07"
D,METER_DATA,GEN_DUID,1,"2015/09/16 12:55:00",MBAHNTH,50.362503,"2015/09/16 12:50:07"
D,METER_DATA,GEN_DUID,1,"2015/09/16 12:55:00",MLWF1,1.53,"2015/09/16 12:50:07"
D,METER_DATA,GEN_DUID,1,"2015/09/16 12:55:00",MTMILLAR,32.049728,"2015/09/16 12:50:07"
D,METER_DATA,GEN_DUID,1,"2015/09/16 12:55:00",PALOONA,29.07,"2015/09/16 12:50:07"
D,METER_DATA,GEN_DUID,1,"2015/09/16 12:55:00",PIONEER,44.50,"2015/09/16 12:50:07"
D,METER_DATA,GEN_DUID,1,"2015/09/16 12:55:00",PORTWF,7.50,"2015/09/16 12:50:07"
D,METER_DATA,GEN_DUID,1,"2015/09/16 12:55:00",REPULSE,0,"2015/09/16 12:50:07"
D,METER_DATA,GEN_DUID,1,"2015/09/16 12:55:00",ROWALLAN,9.5069,"2015/09/16 12:50:07"
D,METER_DATA,GEN_DUID,1,"2015/09/16 12:55:00",RPCG,12.235139,"2015/09/16 12:50:07"
D,METER_DATA,GEN_DUID,1,"2015/09/16 12:55:00",RUBICON,0,"2015/09/16 12:50:07"
D,METER_DATA,GEN_DUID,1,"2015/09/16 12:55:00",STARHLWF,3.099096,"2015/09/16 12:50:07"
D,METER_DATA,GEN_DUID,1,"2015/09/16 12:55:00",WAUBRAWF,0,"2015/09/16 12:50:07"
D,METER_DATA,GEN_DUID,1,"2015/09/16 12:55:00",WOOLNTH1,12.080015,"2015/09/16 12:50:07"
D,METER_DATA,GEN_DUID,1,"2015/09/16 12:55:00",WPWF,6,"2015/09/16 12:50:07"
D,METER_DATA,GEN_DUID,1,"2015/09/16 12:55:00",YAMBUKWF,2.50,"2015/09/16 12:50:07"
D,METER_DATA,GEN_DUID,1,"2015/09/16 13:00:00",BUTLERSG,-0.000002,"2015/09/16 12:55:07"
D,METER_DATA,GEN_DUID,1,"2015/09/16 13:00:00",CALL_A_4,0,"2015/09/16 12:55:07"
D,METER_DATA,GEN_DUID,1,"2015/09/16 13:00:00",CAPTL_WF,27.780006,"2015/09/16 12:55:07"
D,METER_DATA,GEN_DUID,1,"2015/09/16 13:00:00",CATHROCK,10.95,"2015/09/16 12:55:07"
D,METER_DATA,GEN_DUID,1,"2015/09/16 13:00:00",CHALLHWF,0,"2015/09/16 12:55:07"
D,METER_DATA,GEN_DUID,1,"2015/09/16 13:00:00",CLOVER,-0.01,"2015/09/16 12:55:07"
D,METER_DATA,GEN_DUID,1,"2015/09/16 13:00:00",CLUNY,3.601080,"2015/09/16 12:55:07"
D,METER_DATA,GEN_DUID,1,"2015/09/16 13:00:00",CNUNDAWF,5.105956,"2015/09/16 12:55:07"
D,METER_DATA,GEN_DUID,1,"2015/09/16 13:00:00",CULLRGWF,8.06,"2015/09/16 12:55:07"
D,METER_DATA,GEN_DUID,1,"2015/09/16 13:00:00",ERGT01,0,"2015/09/16 12:55:07"
D,METER_DATA,GEN_DUID,1,"2015/09/16 13:00:00",GB01,0.208096,"2015/09/16 12:55:07"
D,METER_DATA,GEN_DUID,1,"2015/09/16 13:00:00",GERMCRK,29.700001,"2015/09/16 12:55:07"
D,METER_DATA,GEN_DUID,1,"2015/09/16 13:00:00",INVICTA,26.925001,"2015/09/16 12:55:07"
D,METER_DATA,GEN_DUID,1,"2015/09/16 13:00:00",LKBONNY1,5.894418,"2015/09/16 12:55:07"
D,METER_DATA,GEN_DUID,1,"2015/09/16 13:00:00",MBAHNTH,50.362503,"2015/09/16 12:55:07"
D,METER_DATA,GEN_DUID,1,"2015/09/16 13:00:00",MLWF1,1.62,"2015/09/16 12:55:07"
D,METER_DATA,GEN_DUID,1,"2015/09/16 13:00:00",MTMILLAR,36.975876,"2015/09/16 12:55:07"
D,METER_DATA,GEN_DUID,1,"2015/09/16 13:00:00",PALOONA,29.07,"2015/09/16 12:55:07"
D,METER_DATA,GEN_DUID,1,"2015/09/16 13:00:00",PIONEER,43.299999,"2015/09/16 12:55:07"
D,METER_DATA,GEN_DUID,1,"2015/09/16 13:00:00",PORTWF,7.20,"2015/09/16 12:55:07"
D,METER_DATA,GEN_DUID,1,"2015/09/16 13:00:00",REPULSE,0,"2015/09/16 12:55:07"
D,METER_DATA,GEN_DUID,1,"2015/09/16 13:00:00",ROWALLAN,9.4075,"2015/09/16 12:55:07"
D,METER_DATA,GEN_DUID,1,"2015/09/16 13:00:00",RPCG,12.124972,"2015/09/16 12:55:07"
D,METER_DATA,GEN_DUID,1,"2015/09/16 13:00:00",RUBICON,0,"2015/09/16 12:55:07"
D,METER_DATA,GEN_DUID,1,"2015/09/16 13:00:00",STARHLWF,3.099096,"2015/09/16 12:55:07"
D,METER_DATA,GEN_DUID,1,"2015/09/16 13:00:00",WAUBRAWF,0,"2015/09/16 12:55:07"
D,METER_DATA,GEN_DUID,1,"2015/09/16 13:00:00",WOOLNTH1,12.200016,"2015/09/16 12:55:07"
D,METER_DATA,GEN_DUID,1,"2015/09/16 13:00:00",WPWF,7,"2015/09/16 12:55:07"
D,METER_DATA,GEN_DUID,1,"2015/09/16 13:00:00",YAMBUKWF,2.10,"2015/09/16 12:55:07"
D,METER_DATA,GEN_DUID,1,"2015/09/16 13:05:00",BUTLERSG,-0.000002,"2015/09/16 13:00:16"
D,METER_DATA,GEN_DUID,1,"2015/09/16 13:05:00",CALL_A_4,0,"2015/09/16 13:00:16"
D,METER_DATA,GEN_DUID,1,"2015/09/16 13:05:00",CAPTL_WF,31.980003,"2015/09/16 13:00:16"
D,METER_DATA,GEN_DUID,1,"2015/09/16 13:05:00",CATHROCK,10.959999,"2015/09/16 13:00:16"
D,METER_DATA,GEN_DUID,1,"2015/09/16 13:05:00",CHALLHWF,1.70,"2015/09/16 13:00:16"
D,METER_DATA,GEN_DUID,1,"2015/09/16 13:05:00",CLOVER,-0.02,"2015/09/16 13:00:16"
D,METER_DATA,GEN_DUID,1,"2015/09/16 13:05:00",CLUNY,3.772560,"2015/09/16 13:00:16"
D,METER_DATA,GEN_DUID,1,"2015/09/16 13:05:00",CNUNDAWF,4.305022,"2015/09/16 13:00:16"
D,METER_DATA,GEN_DUID,1,"2015/09/16 13:05:00",CULLRGWF,8.42,"2015/09/16 13:00:16"
D,METER_DATA,GEN_DUID,1,"2015/09/16 13:05:00",ERGT01,0,"2015/09/16 13:00:16"
D,METER_DATA,GEN_DUID,1,"2015/09/16 13:05:00",GB01,0.208096,"2015/09/16 13:00:16"
D,METER_DATA,GEN_DUID,1,"2015/09/16 13:05:00",GERMCRK,29.50,"2015/09/16 13:00:16"
D,METER_DATA,GEN_DUID,1,"2015/09/16 13:05:00",INVICTA,26.925001,"2015/09/16 13:00:16"
D,METER_DATA,GEN_DUID,1,"2015/09/16 13:05:00",LKBONNY1,5.447871,"2015/09/16 13:00:16"
D,METER_DATA,GEN_DUID,1,"2015/09/16 13:05:00",MBAHNTH,50.362503,"2015/09/16 13:00:16"
D,METER_DATA,GEN_DUID,1,"2015/09/16 13:05:00",MLWF1,1.2750,"2015/09/16 13:00:16"
D,METER_DATA,GEN_DUID,1,"2015/09/16 13:05:00",MTMILLAR,41.782963,"2015/09/16 13:00:16"
D,METER_DATA,GEN_DUID,1,"2015/09/16 13:05:00",PALOONA,29.07,"2015/09/16 13:00:16"
D,METER_DATA,GEN_DUID,1,"2015/09/16 13:05:00",PIONEER,42.50,"2015/09/16 13:00:16"
D,METER_DATA,GEN_DUID,1,"2015/09/16 13:05:00",PORTWF,8.20,"2015/09/16 13:00:16"
D,METER_DATA,GEN_DUID,1,"2015/09/16 13:05:00",REPULSE,0,"2015/09/16 13:00:16"
D,METER_DATA,GEN_DUID,1,"2015/09/16 13:05:00",ROWALLAN,9.4501,"2015/09/16 13:00:16"
D,METER_DATA,GEN_DUID,1,"2015/09/16 13:05:00",RPCG,7.991098,"2015/09/16 13:00:16"
D,METER_DATA,GEN_DUID,1,"2015/09/16 13:05:00",RUBICON,0,"2015/09/16 13:00:16"
D,METER_DATA,GEN_DUID,1,"2015/09/16 13:05:00",STARHLWF,3.099096,"2015/09/16 13:00:16"
D,METER_DATA,GEN_DUID,1,"2015/09/16 13:05:00",WAUBRAWF,0,"2015/09/16 13:00:16"
D,METER_DATA,GEN_DUID,1,"2015/09/16 13:05:00",WOOLNTH1,14.640016,"2015/09/16 13:00:16"
D,METER_DATA,GEN_DUID,1,"2015/09/16 13:05:00",WPWF,6,"2015/09/16 13:00:16"
D,METER_DATA,GEN_DUID,1,"2015/09/16 13:05:00",YAMBUKWF,3.30,"2015/09/16 13:00:16"
D,METER_DATA,GEN_DUID,1,"2015/09/16 13:10:00",BUTLERSG,-0.000002,"2015/09/16 13:05:09"
D,METER_DATA,GEN_DUID,1,"2015/09/16 13:10:00",CALL_A_4,0,"2015/09/16 13:05:09"
D,METER_DATA,GEN_DUID,1,"2015/09/16 13:10:00",CAPTL_WF,35.919998,"2015/09/16 13:05:09"
D,METER_DATA,GEN_DUID,1,"2015/09/16 13:10:00",CATHROCK,11.27,"2015/09/16 13:05:09"
D,METER_DATA,GEN_DUID,1,"2015/09/16 13:10:00",CHALLHWF,2.10,"2015/09/16 13:05:09"
D,METER_DATA,GEN_DUID,1,"2015/09/16 13:10:00",CLOVER,-0.02,"2015/09/16 13:05:09"
D,METER_DATA,GEN_DUID,1,"2015/09/16 13:10:00",CLUNY,3.772560,"2015/09/16 13:05:09"
D,METER_DATA,GEN_DUID,1,"2015/09/16 13:10:00",CNUNDAWF,4.705489,"2015/09/16 13:05:09"
D,METER_DATA,GEN_DUID,1,"2015/09/16 13:10:00",CULLRGWF,8.31,"2015/09/16 13:05:09"
D,METER_DATA,GEN_DUID,1,"2015/09/16 13:10:00",ERGT01,0,"2015/09/16 13:05:09"
D,METER_DATA,GEN_DUID,1,"2015/09/16 13:10:00",GB01,0.208096,"2015/09/16 13:05:09"
D,METER_DATA,GEN_DUID,1,"2015/09/16 13:10:00",GERMCRK,29.10,"2015/09/16 13:05:09"
D,METER_DATA,GEN_DUID,1,"2015/09/16 13:10:00",INVICTA,26.925001,"2015/09/16 13:05:09"
D,METER_DATA,GEN_DUID,1,"2015/09/16 13:10:00",LKBONNY1,5.358562,"2015/09/16 13:05:09"
D,METER_DATA,GEN_DUID,1,"2015/09/16 13:10:00",MBAHNTH,50.362503,"2015/09/16 13:05:09"
D,METER_DATA,GEN_DUID,1,"2015/09/16 13:10:00",MLWF1,0.96,"2015/09/16 13:05:09"
D,METER_DATA,GEN_DUID,1,"2015/09/16 13:10:00",MTMILLAR,34.661629,"2015/09/16 13:05:09"
D,METER_DATA,GEN_DUID,1,"2015/09/16 13:10:00",PALOONA,29.07,"2015/09/16 13:05:09"
D,METER_DATA,GEN_DUID,1,"2015/09/16 13:10:00",PIONEER,43.600002,"2015/09/16 13:05:09"
D,METER_DATA,GEN_DUID,1,"2015/09/16 13:10:00",PORTWF,7.90,"2015/09/16 13:05:09"
D,METER_DATA,GEN_DUID,1,"2015/09/16 13:10:00",REPULSE,0,"2015/09/16 13:05:09"
D,METER_DATA,GEN_DUID,1,"2015/09/16 13:10:00",ROWALLAN,9.4572,"2015/09/16 13:05:09"
D,METER_DATA,GEN_DUID,1,"2015/09/16 13:10:00",RPCG,8.025498,"2015/09/16 13:05:09"
D,METER_DATA,GEN_DUID,1,"2015/09/16 13:10:00",RUBICON,0,"2015/09/16 13:05:09"
D,METER_DATA,GEN_DUID,1,"2015/09/16 13:10:00",STARHLWF,3.099096,"2015/09/16 13:05:09"
D,METER_DATA,GEN_DUID,1,"2015/09/16 13:10:00",WAUBRAWF,0,"2015/09/16 13:05:09"
D,METER_DATA,GEN_DUID,1,"2015/09/16 13:10:00",WOOLNTH1,15.340016,"2015/09/16 13:05:09"
D,METER_DATA,GEN_DUID,1,"2015/09/16 13:10:00",WPWF,6,"2015/09/16 13:05:09"
D,METER_DATA,GEN_DUID,1,"2015/09/16 13:10:00",YAMBUKWF,3.50,"2015/09/16 13:05:09"
D,METER_DATA,GEN_DUID,1,"2015/09/16 13:15:00",BUTLERSG,-0.000002,"2015/09/16 13:10:12"
D,METER_DATA,GEN_DUID,1,"2015/09/16 13:15:00",CALL_A_4,0,"2015/09/16 13:10:12"
D,METER_DATA,GEN_DUID,1,"2015/09/16 13:15:00",CAPTL_WF,38.7920,"2015/09/16 13:10:12"
D,METER_DATA,GEN_DUID,1,"2015/09/16 13:15:00",CATHROCK,10.329999,"2015/09/16 13:10:12"
D,METER_DATA,GEN_DUID,1,"2015/09/16 13:15:00",CHALLHWF,2.30,"2015/09/16 13:10:12"
D,METER_DATA,GEN_DUID,1,"2015/09/16 13:15:00",CLOVER,-0.01,"2015/09/16 13:10:12"
D,METER_DATA,GEN_DUID,1,"2015/09/16 13:15:00",CLUNY,3.7154,"2015/09/16 13:10:12"
D,METER_DATA,GEN_DUID,1,"2015/09/16 13:15:00",CNUNDAWF,5.606540,"2015/09/16 13:10:12"
D,METER_DATA,GEN_DUID,1,"2015/09/16 13:15:00",CULLRGWF,8.83,"2015/09/16 13:10:12"
D,METER_DATA,GEN_DUID,1,"2015/09/16 13:15:00",ERGT01,0,"2015/09/16 13:10:12"
D,METER_DATA,GEN_DUID,1,"2015/09/16 13:15:00",GB01,0.208096,"2015/09/16 13:10:12"
D,METER_DATA,GEN_DUID,1,"2015/09/16 13:15:00",GERMCRK,31.10,"2015/09/16 13:10:12"
D,METER_DATA,GEN_DUID,1,"2015/09/16 13:15:00",INVICTA,23.450001,"2015/09/16 13:10:12"
D,METER_DATA,GEN_DUID,1,"2015/09/16 13:15:00",LKBONNY1,4.286849,"2015/09/16 13:10:12"
D,METER_DATA,GEN_DUID,1,"2015/09/16 13:15:00",MBAHNTH,50.362503,"2015/09/16 13:10:12"
D,METER_DATA,GEN_DUID,1,"2015/09/16 13:15:00",MLWF1,0.96,"2015/09/16 13:10:12"
D,METER_DATA,GEN_DUID,1,"2015/09/16 13:15:00",MTMILLAR,37.161911,"2015/09/16 13:10:12"
D,METER_DATA,GEN_DUID,1,"2015/09/16 13:15:00",PALOONA,29.269999,"2015/09/16 13:10:12"
D,METER_DATA,GEN_DUID,1,"2015/09/16 13:15:00",PIONEER,40.50,"2015/09/16 13:10:12"
D,METER_DATA,GEN_DUID,1,"2015/09/16 13:15:00",PORTWF,8,"2015/09/16 13:10:12"
D,METER_DATA,GEN_DUID,1,"2015/09/16 13:15:00",REPULSE,0,"2015/09/16 13:10:12"
D,METER_DATA,GEN_DUID,1,"2015/09/16 13:15:00",ROWALLAN,9.4004,"2015/09/16 13:10:12"
D,METER_DATA,GEN_DUID,1,"2015/09/16 13:15:00",RPCG,12.232521,"2015/09/16 13:10:12"
D,METER_DATA,GEN_DUID,1,"2015/09/16 13:15:00",RUBICON,0,"2015/09/16 13:10:12"
D,METER_DATA,GEN_DUID,1,"2015/09/16 13:15:00",STARHLWF,3.099096,"2015/09/16 13:10:12"
D,METER_DATA,GEN_DUID,1,"2015/09/16 13:15:00",WAUBRAWF,0,"2015/09/16 13:10:12"
D,METER_DATA,GEN_DUID,1,"2015/09/16 13:15:00",WOOLNTH1,16.630016,"2015/09/16 13:10:12"
D,METER_DATA,GEN_DUID,1,"2015/09/16 13:15:00",WPWF,6,"2015/09/16 13:10:12"
D,METER_DATA,GEN_DUID,1,"2015/09/16 13:15:00",YAMBUKWF,2.80,"2015/09/16 13:10:12"
D,METER_DATA,GEN_DUID,1,"2015/09/16 13:20:00",BUTLERSG,-0.000002,"2015/09/16 13:15:07"
D,METER_DATA,GEN_DUID,1,"2015/09/16 13:20:00",CALL_A_4,0,"2015/09/16 13:15:07"
D,METER_DATA,GEN_DUID,1,"2015/09/16 13:20:00",CAPTL_WF,34.739998,"2015/09/16 13:15:07"
D,METER_DATA,GEN_DUID,1,"2015/09/16 13:20:00",CATHROCK,9.429999,"2015/09/16 13:15:07"
D,METER_DATA,GEN_DUID,1,"2015/09/16 13:20:00",CHALLHWF,3.20,"2015/09/16 13:15:07"
D,METER_DATA,GEN_DUID,1,"2015/09/16 13:20:00",CLOVER,-0.01,"2015/09/16 13:15:07"
D,METER_DATA,GEN_DUID,1,"2015/09/16 13:20:00",CLUNY,4.158390,"2015/09/16 13:15:07"
D,METER_DATA,GEN_DUID,1,"2015/09/16 13:20:00",CNUNDAWF,4.505256,"2015/09/16 13:15:07"
D,METER_DATA,GEN_DUID,1,"2015/09/16 13:20:00",CULLRGWF,8.80,"2015/09/16 13:15:07"
D,METER_DATA,GEN_DUID,1,"2015/09/16 13:20:00",ERGT01,0,"2015/09/16 13:15:07"
D,METER_DATA,GEN_DUID,1,"2015/09/16 13:20:00",GB01,0.208096,"2015/09/16 13:15:07"
D,METER_DATA,GEN_DUID,1,"2015/09/16 13:20:00",GERMCRK,31.299999,"2015/09/16 13:15:07"
D,METER_DATA,GEN_DUID,1,"2015/09/16 13:20:00",INVICTA,19.90,"2015/09/16 13:15:07"
D,METER_DATA,GEN_DUID,1,"2015/09/16 13:20:00",LKBONNY1,5.179943,"2015/09/16 13:15:07"
D,METER_DATA,GEN_DUID,1,"2015/09/16 13:20:00",MBAHNTH,51.487503,"2015/09/16 13:15:07"
D,METER_DATA,GEN_DUID,1,"2015/09/16 13:20:00",MLWF1,0.7350,"2015/09/16 13:15:07"
D,METER_DATA,GEN_DUID,1,"2015/09/16 13:20:00",MTMILLAR,34.475597,"2015/09/16 13:15:07"
D,METER_DATA,GEN_DUID,1,"2015/09/16 13:20:00",PALOONA,23.26,"2015/09/16 13:15:07"
D,METER_DATA,GEN_DUID,1,"2015/09/16 13:20:00",PIONEER,42.100002,"2015/09/16 13:15:07"
D,METER_DATA,GEN_DUID,1,"2015/09/16 13:20:00",PORTWF,8,"2015/09/16 13:15:07"
D,METER_DATA,GEN_DUID,1,"2015/09/16 13:20:00",REPULSE,0,"2015/09/16 13:15:07"
D,METER_DATA,GEN_DUID,1,"2015/09/16 13:20:00",ROWALLAN,9.4430,"2015/09/16 13:15:07"
D,METER_DATA,GEN_DUID,1,"2015/09/16 13:20:00",RPCG,12.380426,"2015/09/16 13:15:07"
D,METER_DATA,GEN_DUID,1,"2015/09/16 13:20:00",RUBICON,0,"2015/09/16 13:15:07"
D,METER_DATA,GEN_DUID,1,"2015/09/16 13:20:00",STARHLWF,3.099096,"2015/09/16 13:15:07"
D,METER_DATA,GEN_DUID,1,"2015/09/16 13:20:00",WAUBRAWF,3.1360,"2015/09/16 13:15:07"
D,METER_DATA,GEN_DUID,1,"2015/09/16 13:20:00",WOOLNTH1,13.790015,"2015/09/16 13:15:07"
D,METER_DATA,GEN_DUID,1,"2015/09/16 13:20:00",WPWF,9,"2015/09/16 13:15:07"
D,METER_DATA,GEN_DUID,1,"2015/09/16 13:20:00",YAMBUKWF,3,"2015/09/16 13:15:07"
D,METER_DATA,GEN_DUID,1,"2015/09/16 13:25:00",BUTLERSG,-0.000002,"2015/09/16 13:20:07"
D,METER_DATA,GEN_DUID,1,"2015/09/16 13:25:00",CALL_A_4,0,"2015/09/16 13:20:07"
D,METER_DATA,GEN_DUID,1,"2015/09/16 13:25:00",CAPTL_WF,36.828003,"2015/09/16 13:20:07"
D,METER_DATA,GEN_DUID,1,"2015/09/16 13:25:00",CATHROCK,12.11,"2015/09/16 13:20:07"
D,METER_DATA,GEN_DUID,1,"2015/09/16 13:25:00",CHALLHWF,2.80,"2015/09/16 13:20:07"
D,METER_DATA,GEN_DUID,1,"2015/09/16 13:25:00",CLOVER,-0.02,"2015/09/16 13:20:07"
D,METER_DATA,GEN_DUID,1,"2015/09/16 13:25:00",CLUNY,3.844010,"2015/09/16 13:20:07"
D,METER_DATA,GEN_DUID,1,"2015/09/16 13:25:00",CNUNDAWF,4.505256,"2015/09/16 13:20:07"
D,METER_DATA,GEN_DUID,1,"2015/09/16 13:25:00",CULLRGWF,6.09,"2015/09/16 13:20:07"
D,METER_DATA,GEN_DUID,1,"2015/09/16 13:25:00",ERGT01,0,"2015/09/16 13:20:07"
D,METER_DATA,GEN_DUID,1,"2015/09/16 13:25:00",GB01,0.208096,"2015/09/16 13:20:07"
D,METER_DATA,GEN_DUID,1,"2015/09/16 13:25:00",GERMCRK,30.799999,"2015/09/16 13:20:07"
D,METER_DATA,GEN_DUID,1,"2015/09/16 13:25:00",INVICTA,16.325001,"2015/09/16 13:20:07"
D,METER_DATA,GEN_DUID,1,"2015/09/16 13:25:00",LKBONNY1,5.179943,"2015/09/16 13:20:07"
D,METER_DATA,GEN_DUID,1,"2015/09/16 13:25:00",MBAHNTH,51.487503,"2015/09/16 13:20:07"
D,METER_DATA,GEN_DUID,1,"2015/09/16 13:25:00",MLWF1,0.93,"2015/09/16 13:20:07"
D,METER_DATA,GEN_DUID,1,"2015/09/16 13:25:00",MTMILLAR,37.653034,"2015/09/16 13:20:07"
D,METER_DATA,GEN_DUID,1,"2015/09/16 13:25:00",PALOONA,19.67,"2015/09/16 13:20:07"
D,METER_DATA,GEN_DUID,1,"2015/09/16 13:25:00",PIONEER,39.900002,"2015/09/16 13:20:07"
D,METER_DATA,GEN_DUID,1,"2015/09/16 13:25:00",PORTWF,7.10,"2015/09/16 13:20:07"
D,METER_DATA,GEN_DUID,1,"2015/09/16 13:25:00",REPULSE,0,"2015/09/16 13:20:07"
D,METER_DATA,GEN_DUID,1,"2015/09/16 13:25:00",ROWALLAN,9.5069,"2015/09/16 13:20:07"
D,METER_DATA,GEN_DUID,1,"2015/09/16 13:25:00",RPCG,12.423986,"2015/09/16 13:20:07"
D,METER_DATA,GEN_DUID,1,"2015/09/16 13:25:00",RUBICON,0,"2015/09/16 13:20:07"
D,METER_DATA,GEN_DUID,1,"2015/09/16 13:25:00",STARHLWF,3.099096,"2015/09/16 13:20:07"
D,METER_DATA,GEN_DUID,1,"2015/09/16 13:25:00",WAUBRAWF,8.4910,"2015/09/16 13:20:07"
D,METER_DATA,GEN_DUID,1,"2015/09/16 13:25:00",WOOLNTH1,12.990015,"2015/09/16 13:20:07"
D,METER_DATA,GEN_DUID,1,"2015/09/16 13:25:00",WPWF,13,"2015/09/16 13:20:07"
D,METER_DATA,GEN_DUID,1,"2015/09/16 13:25:00",YAMBUKWF,2.90,"2015/09/16 13:20:07"
D,METER_DATA,GEN_DUID,1,"2015/09/16 13:30:00",BUTLERSG,-0.000002,"2015/09/16 13:25:07"
D,METER_DATA,GEN_DUID,1,"2015/09/16 13:30:00",CALL_A_4,0,"2015/09/16 13:25:07"
D,METER_DATA,GEN_DUID,1,"2015/09/16 13:30:00",CAPTL_WF,31.7920,"2015/09/16 13:25:07"
D,METER_DATA,GEN_DUID,1,"2015/09/16 13:30:00",CATHROCK,11.139999,"2015/09/16 13:25:07"
D,METER_DATA,GEN_DUID,1,"2015/09/16 13:30:00",CHALLHWF,3.90,"2015/09/16 13:25:07"
D,METER_DATA,GEN_DUID,1,"2015/09/16 13:30:00",CLOVER,-0.01,"2015/09/16 13:25:07"
D,METER_DATA,GEN_DUID,1,"2015/09/16 13:30:00",CLUNY,3.786850,"2015/09/16 13:25:07"
D,METER_DATA,GEN_DUID,1,"2015/09/16 13:30:00",CNUNDAWF,4.104788,"2015/09/16 13:25:07"
D,METER_DATA,GEN_DUID,1,"2015/09/16 13:30:00",CULLRGWF,9.18,"2015/09/16 13:25:07"
D,METER_DATA,GEN_DUID,1,"2015/09/16 13:30:00",ERGT01,0,"2015/09/16 13:25:07"
D,METER_DATA,GEN_DUID,1,"2015/09/16 13:30:00",GB01,0.208096,"2015/09/16 13:25:07"
D,METER_DATA,GEN_DUID,1,"2015/09/16 13:30:00",GERMCRK,31.799999,"2015/09/16 13:25:07"
D,METER_DATA,GEN_DUID,1,"2015/09/16 13:30:00",INVICTA,15.1250,"2015/09/16 13:25:07"
D,METER_DATA,GEN_DUID,1,"2015/09/16 13:30:00",LKBONNY1,5.983727,"2015/09/16 13:25:07"
D,METER_DATA,GEN_DUID,1,"2015/09/16 13:30:00",MBAHNTH,51.487503,"2015/09/16 13:25:07"
D,METER_DATA,GEN_DUID,1,"2015/09/16 13:30:00",MLWF1,2.7750,"2015/09/16 13:25:07"
D,METER_DATA,GEN_DUID,1,"2015/09/16 13:30:00",MTMILLAR,54.961525,"2015/09/16 13:25:07"
D,METER_DATA,GEN_DUID,1,"2015/09/16 13:30:00",PALOONA,19.969999,"2015/09/16 13:25:07"
D,METER_DATA,GEN_DUID,1,"2015/09/16 13:30:00",PIONEER,46.200001,"2015/09/16 13:25:07"
D,METER_DATA,GEN_DUID,1,"2015/09/16 13:30:00",PORTWF,9,"2015/09/16 13:25:07"
D,METER_DATA,GEN_DUID,1,"2015/09/16 13:30:00",REPULSE,0,"2015/09/16 13:25:07"
D,METER_DATA,GEN_DUID,1,"2015/09/16 13:30:00",ROWALLAN,9.4075,"2015/09/16 13:25:07"
D,METER_DATA,GEN_DUID,1,"2015/09/16 13:30:00",RPCG,8.378657,"2015/09/16 13:25:07"
D,METER_DATA,GEN_DUID,1,"2015/09/16 13:30:00",RUBICON,0,"2015/09/16 13:25:07"
D,METER_DATA,GEN_DUID,1,"2015/09/16 13:30:00",STARHLWF,3.099096,"2015/09/16 13:25:07"
D,METER_DATA,GEN_DUID,1,"2015/09/16 13:30:00",WAUBRAWF,11.1490,"2015/09/16 13:25:07"
D,METER_DATA,GEN_DUID,1,"2015/09/16 13:30:00",WOOLNTH1,12.410015,"2015/09/16 13:25:07"
D,METER_DATA,GEN_DUID,1,"2015/09/16 13:30:00",WPWF,15,"2015/09/16 13:25:07"
D,METER_DATA,GEN_DUID,1,"2015/09/16 13:30:00",YAMBUKWF,2.80,"2015/09/16 13:25:07"
D,METER_DATA,GEN_DUID,1,"2015/09/16 13:35:00",BUTLERSG,-0.000002,"2015/09/16 13:30:14"
D,METER_DATA,GEN_DUID,1,"2015/09/16 13:35:00",CALL_A_4,0,"2015/09/16 13:30:14"
D,METER_DATA,GEN_DUID,1,"2015/09/16 13:35:00",CAPTL_WF,34.659996,"2015/09/16 13:30:14"
D,METER_DATA,GEN_DUID,1,"2015/09/16 13:35:00",CATHROCK,9.959999,"2015/09/16 13:30:14"
D,METER_DATA,GEN_DUID,1,"2015/09/16 13:35:00",CHALLHWF,4.20,"2015/09/16 13:30:14"
D,METER_DATA,GEN_DUID,1,"2015/09/16 13:35:00",CLOVER,-0.01,"2015/09/16 13:30:14"
D,METER_DATA,GEN_DUID,1,"2015/09/16 13:35:00",CLUNY,3.772560,"2015/09/16 13:30:14"
D,METER_DATA,GEN_DUID,1,"2015/09/16 13:35:00",CNUNDAWF,4.405139,"2015/09/16 13:30:14"
D,METER_DATA,GEN_DUID,1,"2015/09/16 13:35:00",CULLRGWF,6.53,"2015/09/16 13:30:14"
D,METER_DATA,GEN_DUID,1,"2015/09/16 13:35:00",ERGT01,0,"2015/09/16 13:30:14"
D,METER_DATA,GEN_DUID,1,"2015/09/16 13:35:00",GB01,0.208096,"2015/09/16 13:30:14"
D,METER_DATA,GEN_DUID,1,"2015/09/16 13:35:00",GERMCRK,31.200001,"2015/09/16 13:30:14"
D,METER_DATA,GEN_DUID,1,"2015/09/16 13:35:00",INVICTA,15.1250,"2015/09/16 13:30:14"
D,METER_DATA,GEN_DUID,1,"2015/09/16 13:35:00",LKBONNY1,7.591296,"2015/09/16 13:30:14"
D,METER_DATA,GEN_DUID,1,"2015/09/16 13:35:00",MBAHNTH,51.487503,"2015/09/16 13:30:14"
D,METER_DATA,GEN_DUID,1,"2015/09/16 13:35:00",MLWF1,5.1450,"2015/09/16 13:30:14"
D,METER_DATA,GEN_DUID,1,"2015/09/16 13:35:00",MTMILLAR,52.096622,"2015/09/16 13:30:14"
D,METER_DATA,GEN_DUID,1,"2015/09/16 13:35:00",PALOONA,19.859999,"2015/09/16 13:30:14"
D,METER_DATA,GEN_DUID,1,"2015/09/16 13:35:00",PIONEER,44.900002,"2015/09/16 13:30:14"
D,METER_DATA,GEN_DUID,1,"2015/09/16 13:35:00",PORTWF,10.20,"2015/09/16 13:30:14"
D,METER_DATA,GEN_DUID,1,"2015/09/16 13:35:00",REPULSE,0,"2015/09/16 13:30:14"
D,METER_DATA,GEN_DUID,1,"2015/09/16 13:35:00",ROWALLAN,9.4714,"2015/09/16 13:30:14"
D,METER_DATA,GEN_DUID,1,"2015/09/16 13:35:00",RPCG,12.583031,"2015/09/16 13:30:14"
D,METER_DATA,GEN_DUID,1,"2015/09/16 13:35:00",RUBICON,0,"2015/09/16 13:30:14"
D,METER_DATA,GEN_DUID,1,"2015/09/16 13:35:00",STARHLWF,3.099096,"2015/09/16 13:30:14"
D,METER_DATA,GEN_DUID,1,"2015/09/16 13:35:00",WAUBRAWF,12.7280,"2015/09/16 13:30:14"
D,METER_DATA,GEN_DUID,1,"2015/09/16 13:35:00",WOOLNTH1,11.120016,"2015/09/16 13:30:14"
D,METER_DATA,GEN_DUID,1,"2015/09/16 13:35:00",WPWF,17,"2015/09/16 13:30:14"
D,METER_DATA,GEN_DUID,1,"2015/09/16 13:35:00",YAMBUKWF,3.10,"2015/09/16 13:30:14"
D,METER_DATA,GEN_DUID,1,"2015/09/16 13:40:00",BUTLERSG,-0.000002,"2015/09/16 13:35:11"
D,METER_DATA,GEN_DUID,1,"2015/09/16 13:40:00",CALL_A_4,0,"2015/09/16 13:35:11"
D,METER_DATA,GEN_DUID,1,"2015/09/16 13:40:00",CAPTL_WF,33.488007,"2015/09/16 13:35:11"
D,METER_DATA,GEN_DUID,1,"2015/09/16 13:40:00",CATHROCK,8.179999,"2015/09/16 13:35:11"
D,METER_DATA,GEN_DUID,1,"2015/09/16 13:40:00",CHALLHWF,4.20,"2015/09/16 13:35:11"
D,METER_DATA,GEN_DUID,1,"2015/09/16 13:40:00",CLOVER,-0.01,"2015/09/16 13:35:11"
D,METER_DATA,GEN_DUID,1,"2015/09/16 13:40:00",CLUNY,4.272710,"2015/09/16 13:35:11"
D,METER_DATA,GEN_DUID,1,"2015/09/16 13:40:00",CNUNDAWF,3.604204,"2015/09/16 13:35:11"
D,METER_DATA,GEN_DUID,1,"2015/09/16 13:40:00",CULLRGWF,7.74,"2015/09/16 13:35:11"
D,METER_DATA,GEN_DUID,1,"2015/09/16 13:40:00",ERGT01,0,"2015/09/16 13:35:11"
D,METER_DATA,GEN_DUID,1,"2015/09/16 13:40:00",GB01,0.208096,"2015/09/16 13:35:11"
D,METER_DATA,GEN_DUID,1,"2015/09/16 13:40:00",GERMCRK,31.50,"2015/09/16 13:35:11"
D,METER_DATA,GEN_DUID,1,"2015/09/16 13:40:00",INVICTA,15.1250,"2015/09/16 13:35:11"
D,METER_DATA,GEN_DUID,1,"2015/09/16 13:40:00",LKBONNY1,6.608893,"2015/09/16 13:35:11"
D,METER_DATA,GEN_DUID,1,"2015/09/16 13:40:00",MBAHNTH,51.487503,"2015/09/16 13:35:11"
D,METER_DATA,GEN_DUID,1,"2015/09/16 13:40:00",MLWF1,6.5250,"2015/09/16 13:35:11"
D,METER_DATA,GEN_DUID,1,"2015/09/16 13:40:00",MTMILLAR,34.936958,"2015/09/16 13:35:11"
D,METER_DATA,GEN_DUID,1,"2015/09/16 13:40:00",PALOONA,19.859999,"2015/09/16 13:35:11"
D,METER_DATA,GEN_DUID,1,"2015/09/16 13:40:00",PIONEER,45.50,"2015/09/16 13:35:11"
D,METER_DATA,GEN_DUID,1,"2015/09/16 13:40:00",PORTWF,10.90,"2015/09/16 13:35:11"
D,METER_DATA,GEN_DUID,1,"2015/09/16 13:40:00",REPULSE,0,"2015/09/16 13:35:11"
D,METER_DATA,GEN_DUID,1,"2015/09/16 13:40:00",ROWALLAN,9.4714,"2015/09/16 13:35:11"
D,METER_DATA,GEN_DUID,1,"2015/09/16 13:40:00",RPCG,13.304459,"2015/09/16 13:35:11"
D,METER_DATA,GEN_DUID,1,"2015/09/16 13:40:00",RUBICON,0,"2015/09/16 13:35:11"
D,METER_DATA,GEN_DUID,1,"2015/09/16 13:40:00",STARHLWF,3.099096,"2015/09/16 13:35:11"
D,METER_DATA,GEN_DUID,1,"2015/09/16 13:40:00",WAUBRAWF,12.2770,"2015/09/16 13:35:11"
D,METER_DATA,GEN_DUID,1,"2015/09/16 13:40:00",WOOLNTH1,12.430016,"2015/09/16 13:35:11"
D,METER_DATA,GEN_DUID,1,"2015/09/16 13:40:00",WPWF,16,"2015/09/16 13:35:11"
D,METER_DATA,GEN_DUID,1,"2015/09/16 13:40:00",YAMBUKWF,3.80,"2015/09/16 13:35:11"
D,METER_DATA,GEN_DUID,1,"2015/09/16 13:45:00",BUTLERSG,-0.000002,"2015/09/16 13:40:15"
D,METER_DATA,GEN_DUID,1,"2015/09/16 13:45:00",CALL_A_4,0,"2015/09/16 13:40:15"
D,METER_DATA,GEN_DUID,1,"2015/09/16 13:45:00",CAPTL_WF,33.620003,"2015/09/16 13:40:15"
D,METER_DATA,GEN_DUID,1,"2015/09/16 13:45:00",CATHROCK,8.90,"2015/09/16 13:40:15"
D,METER_DATA,GEN_DUID,1,"2015/09/16 13:45:00",CHALLHWF,4.90,"2015/09/16 13:40:15"
D,METER_DATA,GEN_DUID,1,"2015/09/16 13:45:00",CLOVER,-0.01,"2015/09/16 13:40:15"
D,METER_DATA,GEN_DUID,1,"2015/09/16 13:45:00",CLUNY,3.944040,"2015/09/16 13:40:15"
D,METER_DATA,GEN_DUID,1,"2015/09/16 13:45:00",CNUNDAWF,4.004672,"2015/09/16 13:40:15"
D,METER_DATA,GEN_DUID,1,"2015/09/16 13:45:00",CULLRGWF,8.46,"2015/09/16 13:40:15"
D,METER_DATA,GEN_DUID,1,"2015/09/16 13:45:00",ERGT01,0,"2015/09/16 13:40:15"
D,METER_DATA,GEN_DUID,1,"2015/09/16 13:45:00",GB01,0.208096,"2015/09/16 13:40:15"
D,METER_DATA,GEN_DUID,1,"2015/09/16 13:45:00",GERMCRK,31.200001,"2015/09/16 13:40:15"
D,METER_DATA,GEN_DUID,1,"2015/09/16 13:45:00",INVICTA,13.9250,"2015/09/16 13:40:15"
D,METER_DATA,GEN_DUID,1,"2015/09/16 13:45:00",LKBONNY1,6.698202,"2015/09/16 13:40:15"
D,METER_DATA,GEN_DUID,1,"2015/09/16 13:45:00",MBAHNTH,51.487503,"2015/09/16 13:40:15"
D,METER_DATA,GEN_DUID,1,"2015/09/16 13:45:00",MLWF1,4.65,"2015/09/16 13:40:15"
D,METER_DATA,GEN_DUID,1,"2015/09/16 13:45:00",MTMILLAR,28.797874,"2015/09/16 13:40:15"
D,METER_DATA,GEN_DUID,1,"2015/09/16 13:45:00",PALOONA,19.859999,"2015/09/16 13:40:15"
D,METER_DATA,GEN_DUID,1,"2015/09/16 13:45:00",PIONEER,44.900002,"2015/09/16 13:40:15"
D,METER_DATA,GEN_DUID,1,"2015/09/16 13:45:00",PORTWF,10.30,"2015/09/16 13:40:15"
D,METER_DATA,GEN_DUID,1,"2015/09/16 13:45:00",REPULSE,0,"2015/09/16 13:40:15"
D,METER_DATA,GEN_DUID,1,"2015/09/16 13:45:00",ROWALLAN,9.4075,"2015/09/16 13:40:15"
D,METER_DATA,GEN_DUID,1,"2015/09/16 13:45:00",RPCG,9.107219,"2015/09/16 13:40:15"
D,METER_DATA,GEN_DUID,1,"2015/09/16 13:45:00",RUBICON,0,"2015/09/16 13:40:15"
D,METER_DATA,GEN_DUID,1,"2015/09/16 13:45:00",STARHLWF,3.099096,"2015/09/16 13:40:15"
D,METER_DATA,GEN_DUID,1,"2015/09/16 13:45:00",WAUBRAWF,12.4250,"2015/09/16 13:40:15"
D,METER_DATA,GEN_DUID,1,"2015/09/16 13:45:00",WOOLNTH1,15.330015,"2015/09/16 13:40:15"
D,METER_DATA,GEN_DUID,1,"2015/09/16 13:45:00",WPWF,15,"2015/09/16 13:40:15"
D,METER_DATA,GEN_DUID,1,"2015/09/16 13:45:00",YAMBUKWF,4.50,"2015/09/16 13:40:15"
D,METER_DATA,GEN_DUID,1,"2015/09/16 13:50:00",BUTLERSG,-0.000002,"2015/09/16 13:45:14"
D,METER_DATA,GEN_DUID,1,"2015/09/16 13:50:00",CALL_A_4,0,"2015/09/16 13:45:14"
D,METER_DATA,GEN_DUID,1,"2015/09/16 13:50:00",CAPTL_WF,34.207993,"2015/09/16 13:45:14"
D,METER_DATA,GEN_DUID,1,"2015/09/16 13:50:00",CATHROCK,8.61,"2015/09/16 13:45:14"
D,METER_DATA,GEN_DUID,1,"2015/09/16 13:50:00",CHALLHWF,3.40,"2015/09/16 13:45:14"
D,METER_DATA,GEN_DUID,1,"2015/09/16 13:50:00",CLOVER,-0.02,"2015/09/16 13:45:14"
D,METER_DATA,GEN_DUID,1,"2015/09/16 13:50:00",CLUNY,3.758270,"2015/09/16 13:45:14"
D,METER_DATA,GEN_DUID,1,"2015/09/16 13:50:00",CNUNDAWF,4.004672,"2015/09/16 13:45:14"
D,METER_DATA,GEN_DUID,1,"2015/09/16 13:50:00",CULLRGWF,8.24,"2015/09/16 13:45:14"
D,METER_DATA,GEN_DUID,1,"2015/09/16 13:50:00",ERGT01,0,"2015/09/16 13:45:14"
D,METER_DATA,GEN_DUID,1,"2015/09/16 13:50:00",GB01,0.208096,"2015/09/16 13:45:14"
D,METER_DATA,GEN_DUID,1,"2015/09/16 13:50:00",GERMCRK,29.40,"2015/09/16 13:45:14"
D,METER_DATA,GEN_DUID,1,"2015/09/16 13:50:00",INVICTA,12.70,"2015/09/16 13:45:14"
D,METER_DATA,GEN_DUID,1,"2015/09/16 13:50:00",LKBONNY1,5.626490,"2015/09/16 13:45:14"
D,METER_DATA,GEN_DUID,1,"2015/09/16 13:50:00",MBAHNTH,51.487503,"2015/09/16 13:45:14"
D,METER_DATA,GEN_DUID,1,"2015/09/16 13:50:00",MLWF1,3.27,"2015/09/16 13:45:14"
D,METER_DATA,GEN_DUID,1,"2015/09/16 13:50:00",MTMILLAR,37.868835,"2015/09/16 13:45:14"
D,METER_DATA,GEN_DUID,1,"2015/09/16 13:50:00",PALOONA,19.859999,"2015/09/16 13:45:14"
D,METER_DATA,GEN_DUID,1,"2015/09/16 13:50:00",PIONEER,44.700001,"2015/09/16 13:45:14"
D,METER_DATA,GEN_DUID,1,"2015/09/16 13:50:00",PORTWF,10.30,"2015/09/16 13:45:14"
D,METER_DATA,GEN_DUID,1,"2015/09/16 13:50:00",REPULSE,0,"2015/09/16 13:45:14"
D,METER_DATA,GEN_DUID,1,"2015/09/16 13:50:00",ROWALLAN,9.4714,"2015/09/16 13:45:14"
D,METER_DATA,GEN_DUID,1,"2015/09/16 13:50:00",RPCG,9.097559,"2015/09/16 13:45:14"
D,METER_DATA,GEN_DUID,1,"2015/09/16 13:50:00",RUBICON,0,"2015/09/16 13:45:14"
D,METER_DATA,GEN_DUID,1,"2015/09/16 13:50:00",STARHLWF,3.099096,"2015/09/16 13:45:14"
D,METER_DATA,GEN_DUID,1,"2015/09/16 13:50:00",WAUBRAWF,10.3790,"2015/09/16 13:45:14"
D,METER_DATA,GEN_DUID,1,"2015/09/16 13:50:00",WOOLNTH1,11.690016,"2015/09/16 13:45:14"
D,METER_DATA,GEN_DUID,1,"2015/09/16 13:50:00",WPWF,15,"2015/09/16 13:45:14"
D,METER_DATA,GEN_DUID,1,"2015/09/16 13:50:00",YAMBUKWF,4.30,"2015/09/16 13:45:14"
D,METER_DATA,GEN_DUID,1,"2015/09/16 13:55:00",BUTLERSG,-0.000002,"2015/09/16 13:50:13"
D,METER_DATA,GEN_DUID,1,"2015/09/16 13:55:00",CALL_A_4,0,"2015/09/16 13:50:13"
D,METER_DATA,GEN_DUID,1,"2015/09/16 13:55:00",CAPTL_WF,29.748001,"2015/09/16 13:50:13"
D,METER_DATA,GEN_DUID,1,"2015/09/16 13:55:00",CATHROCK,9.41,"2015/09/16 13:50:13"
D,METER_DATA,GEN_DUID,1,"2015/09/16 13:55:00",CHALLHWF,2.10,"2015/09/16 13:50:13"
D,METER_DATA,GEN_DUID,1,"2015/09/16 13:55:00",CLOVER,-0.02,"2015/09/16 13:50:13"
D,METER_DATA,GEN_DUID,1,"2015/09/16 13:55:00",CLUNY,3.601080,"2015/09/16 13:50:13"
D,METER_DATA,GEN_DUID,1,"2015/09/16 13:55:00",CNUNDAWF,3.604204,"2015/09/16 13:50:13"
D,METER_DATA,GEN_DUID,1,"2015/09/16 13:55:00",CULLRGWF,5.90,"2015/09/16 13:50:13"
D,METER_DATA,GEN_DUID,1,"2015/09/16 13:55:00",ERGT01,0,"2015/09/16 13:50:13"
D,METER_DATA,GEN_DUID,1,"2015/09/16 13:55:00",GB01,0.208096,"2015/09/16 13:50:13"
D,METER_DATA,GEN_DUID,1,"2015/09/16 13:55:00",GERMCRK,29.700001,"2015/09/16 13:50:13"
D,METER_DATA,GEN_DUID,1,"2015/09/16 13:55:00",INVICTA,11.50,"2015/09/16 13:50:13"
D,METER_DATA,GEN_DUID,1,"2015/09/16 13:55:00",LKBONNY1,6.966130,"2015/09/16 13:50:13"
D,METER_DATA,GEN_DUID,1,"2015/09/16 13:55:00",MBAHNTH,51.487503,"2015/09/16 13:50:13"
D,METER_DATA,GEN_DUID,1,"2015/09/16 13:55:00",MLWF1,2.40,"2015/09/16 13:50:13"
D,METER_DATA,GEN_DUID,1,"2015/09/16 13:55:00",MTMILLAR,34.356533,"2015/09/16 13:50:13"
D,METER_DATA,GEN_DUID,1,"2015/09/16 13:55:00",PALOONA,19.859999,"2015/09/16 13:50:13"
D,METER_DATA,GEN_DUID,1,"2015/09/16 13:55:00",PIONEER,45.700001,"2015/09/16 13:50:13"
D,METER_DATA,GEN_DUID,1,"2015/09/16 13:55:00",PORTWF,9.90,"2015/09/16 13:50:13"
D,METER_DATA,GEN_DUID,1,"2015/09/16 13:55:00",REPULSE,0,"2015/09/16 13:50:13"
D,METER_DATA,GEN_DUID,1,"2015/09/16 13:55:00",ROWALLAN,9.3933,"2015/09/16 13:50:13"
D,METER_DATA,GEN_DUID,1,"2015/09/16 13:55:00",RPCG,9.353391,"2015/09/16 13:50:13"
D,METER_DATA,GEN_DUID,1,"2015/09/16 13:55:00",RUBICON,0,"2015/09/16 13:50:13"
D,METER_DATA,GEN_DUID,1,"2015/09/16 13:55:00",STARHLWF,3.099096,"2015/09/16 13:50:13"
D,METER_DATA,GEN_DUID,1,"2015/09/16 13:55:00",WAUBRAWF,8.8790,"2015/09/16 13:50:13"
D,METER_DATA,GEN_DUID,1,"2015/09/16 13:55:00",WOOLNTH1,14.630016,"2015/09/16 13:50:13"
D,METER_DATA,GEN_DUID,1,"2015/09/16 13:55:00",WPWF,16,"2015/09/16 13:50:13"
D,METER_DATA,GEN_DUID,1,"2015/09/16 13:55:00",YAMBUKWF,3,"2015/09/16 13:50:13"
D,METER_DATA,GEN_DUID,1,"2015/09/16 14:00:00",BUTLERSG,-0.000002,"2015/09/16 13:55:09"
D,METER_DATA,GEN_DUID,1,"2015/09/16 14:00:00",CALL_A_4,0,"2015/09/16 13:55:09"
D,METER_DATA,GEN_DUID,1,"2015/09/16 14:00:00",CAPTL_WF,33.887993,"2015/09/16 13:55:09"
D,METER_DATA,GEN_DUID,1,"2015/09/16 14:00:00",CATHROCK,7.01,"2015/09/16 13:55:09"
D,METER_DATA,GEN_DUID,1,"2015/09/16 14:00:00",CHALLHWF,0.90,"2015/09/16 13:55:09"
D,METER_DATA,GEN_DUID,1,"2015/09/16 14:00:00",CLOVER,-0.01,"2015/09/16 13:55:09"
D,METER_DATA,GEN_DUID,1,"2015/09/16 14:00:00",CLUNY,3.972620,"2015/09/16 13:55:09"
D,METER_DATA,GEN_DUID,1,"2015/09/16 14:00:00",CNUNDAWF,3.203737,"2015/09/16 13:55:09"
D,METER_DATA,GEN_DUID,1,"2015/09/16 14:00:00",CULLRGWF,4.89,"2015/09/16 13:55:09"
D,METER_DATA,GEN_DUID,1,"2015/09/16 14:00:00",ERGT01,0,"2015/09/16 13:55:09"
D,METER_DATA,GEN_DUID,1,"2015/09/16 14:00:00",GB01,0.208096,"2015/09/16 13:55:09"
D,METER_DATA,GEN_DUID,1,"2015/09/16 14:00:00",GERMCRK,28.60,"2015/09/16 13:55:09"
D,METER_DATA,GEN_DUID,1,"2015/09/16 14:00:00",INVICTA,9.3250,"2015/09/16 13:55:09"
D,METER_DATA,GEN_DUID,1,"2015/09/16 14:00:00",LKBONNY1,5.447871,"2015/09/16 13:55:09"
D,METER_DATA,GEN_DUID,1,"2015/09/16 14:00:00",MBAHNTH,51.487503,"2015/09/16 13:55:09"
D,METER_DATA,GEN_DUID,1,"2015/09/16 14:00:00",MLWF1,1.68,"2015/09/16 13:55:09"
D,METER_DATA,GEN_DUID,1,"2015/09/16 14:00:00",MTMILLAR,32.525970,"2015/09/16 13:55:09"
D,METER_DATA,GEN_DUID,1,"2015/09/16 14:00:00",PALOONA,19.859999,"2015/09/16 13:55:09"
D,METER_DATA,GEN_DUID,1,"2015/09/16 14:00:00",PIONEER,45.799999,"2015/09/16 13:55:09"
D,METER_DATA,GEN_DUID,1,"2015/09/16 14:00:00",PORTWF,8.10,"2015/09/16 13:55:09"
D,METER_DATA,GEN_DUID,1,"2015/09/16 14:00:00",REPULSE,0,"2015/09/16 13:55:09"
D,METER_DATA,GEN_DUID,1,"2015/09/16 14:00:00",ROWALLAN,9.4075,"2015/09/16 13:55:09"
D,METER_DATA,GEN_DUID,1,"2015/09/16 14:00:00",RPCG,9.367723,"2015/09/16 13:55:09"
D,METER_DATA,GEN_DUID,1,"2015/09/16 14:00:00",RUBICON,0,"2015/09/16 13:55:09"
D,METER_DATA,GEN_DUID,1,"2015/09/16 14:00:00",STARHLWF,3.099096,"2015/09/16 13:55:09"
D,METER_DATA,GEN_DUID,1,"2015/09/16 14:00:00",WAUBRAWF,7.3140,"2015/09/16 13:55:09"
D,METER_DATA,GEN_DUID,1,"2015/09/16 14:00:00",WOOLNTH1,14.530016,"2015/09/16 13:55:09"
D,METER_DATA,GEN_DUID,1,"2015/09/16 14:00:00",WPWF,14,"2015/09/16 13:55:09"
D,METER_DATA,GEN_DUID,1,"2015/09/16 14:00:00",YAMBUKWF,1.70,"2015/09/16 13:55:09"
D,METER_DATA,GEN_DUID,1,"2015/09/16 14:05:00",BUTLERSG,-0.000002,"2015/09/16 14:00:16"
D,METER_DATA,GEN_DUID,1,"2015/09/16 14:05:00",CALL_A_4,0,"2015/09/16 14:00:16"
D,METER_DATA,GEN_DUID,1,"2015/09/16 14:05:00",CAPTL_WF,26.536003,"2015/09/16 14:00:16"
D,METER_DATA,GEN_DUID,1,"2015/09/16 14:05:00",CATHROCK,5.579999,"2015/09/16 14:00:16"
D,METER_DATA,GEN_DUID,1,"2015/09/16 14:05:00",CHALLHWF,0.10,"2015/09/16 14:00:16"
D,METER_DATA,GEN_DUID,1,"2015/09/16 14:05:00",CLOVER,0,"2015/09/16 14:00:16"
D,METER_DATA,GEN_DUID,1,"2015/09/16 14:05:00",CLUNY,3.944040,"2015/09/16 14:00:16"
D,METER_DATA,GEN_DUID,1,"2015/09/16 14:05:00",CNUNDAWF,3.203737,"2015/09/16 14:00:16"
D,METER_DATA,GEN_DUID,1,"2015/09/16 14:05:00",CULLRGWF,7.75,"2015/09/16 14:00:16"
D,METER_DATA,GEN_DUID,1,"2015/09/16 14:05:00",ERGT01,0,"2015/09/16 14:00:16"
D,METER_DATA,GEN_DUID,1,"2015/09/16 14:05:00",GB01,0.208096,"2015/09/16 14:00:16"
D,METER_DATA,GEN_DUID,1,"2015/09/16 14:05:00",GERMCRK,29.40,"2015/09/16 14:00:16"
D,METER_DATA,GEN_DUID,1,"2015/09/16 14:05:00",INVICTA,9.3250,"2015/09/16 14:00:16"
D,METER_DATA,GEN_DUID,1,"2015/09/16 14:05:00",LKBONNY1,5.179943,"2015/09/16 14:00:16"
D,METER_DATA,GEN_DUID,1,"2015/09/16 14:05:00",MBAHNTH,51.487503,"2015/09/16 14:00:16"
D,METER_DATA,GEN_DUID,1,"2015/09/16 14:05:00",MLWF1,1.3650,"2015/09/16 14:00:16"
D,METER_DATA,GEN_DUID,1,"2015/09/16 14:05:00",MTMILLAR,31.618132,"2015/09/16 14:00:16"
D,METER_DATA,GEN_DUID,1,"2015/09/16 14:05:00",PALOONA,19.859999,"2015/09/16 14:00:16"
D,METER_DATA,GEN_DUID,1,"2015/09/16 14:05:00",PIONEER,47.400002,"2015/09/16 14:00:16"
D,METER_DATA,GEN_DUID,1,"2015/09/16 14:05:00",PORTWF,9,"2015/09/16 14:00:16"
D,METER_DATA,GEN_DUID,1,"2015/09/16 14:05:00",REPULSE,0,"2015/09/16 14:00:16"
D,METER_DATA,GEN_DUID,1,"2015/09/16 14:05:00",ROWALLAN,9.3507,"2015/09/16 14:00:16"
D,METER_DATA,GEN_DUID,1,"2015/09/16 14:05:00",RPCG,13.581657,"2015/09/16 14:00:16"
D,METER_DATA,GEN_DUID,1,"2015/09/16 14:05:00",RUBICON,0,"2015/09/16 14:00:16"
D,METER_DATA,GEN_DUID,1,"2015/09/16 14:05:00",STARHLWF,3.099096,"2015/09/16 14:00:16"
D,METER_DATA,GEN_DUID,1,"2015/09/16 14:05:00",WAUBRAWF,5.1570,"2015/09/16 14:00:16"
D,METER_DATA,GEN_DUID,1,"2015/09/16 14:05:00",WOOLNTH1,9.820016,"2015/09/16 14:00:16"
D,METER_DATA,GEN_DUID,1,"2015/09/16 14:05:00",WPWF,13,"2015/09/16 14:00:16"
D,METER_DATA,GEN_DUID,1,"2015/09/16 14:05:00",YAMBUKWF,0.60,"2015/09/16 14:00:16"
D,METER_DATA,GEN_DUID,1,"2015/09/16 14:10:00",BUTLERSG,-0.000002,"2015/09/16 14:05:11"
D,METER_DATA,GEN_DUID,1,"2015/09/16 14:10:00",CALL_A_4,0,"2015/09/16 14:05:11"
D,METER_DATA,GEN_DUID,1,"2015/09/16 14:10:00",CAPTL_WF,35.519997,"2015/09/16 14:05:11"
D,METER_DATA,GEN_DUID,1,"2015/09/16 14:10:00",CATHROCK,5.45,"2015/09/16 14:05:11"
D,METER_DATA,GEN_DUID,1,"2015/09/16 14:10:00",CHALLHWF,0,"2015/09/16 14:05:11"
D,METER_DATA,GEN_DUID,1,"2015/09/16 14:10:00",CLOVER,-0.01,"2015/09/16 14:05:11"
D,METER_DATA,GEN_DUID,1,"2015/09/16 14:10:00",CLUNY,3.844010,"2015/09/16 14:05:11"
D,METER_DATA,GEN_DUID,1,"2015/09/16 14:10:00",CNUNDAWF,4.004672,"2015/09/16 14:05:11"
D,METER_DATA,GEN_DUID,1,"2015/09/16 14:10:00",CULLRGWF,8.12,"2015/09/16 14:05:11"
D,METER_DATA,GEN_DUID,1,"2015/09/16 14:10:00",ERGT01,0,"2015/09/16 14:05:11"
D,METER_DATA,GEN_DUID,1,"2015/09/16 14:10:00",GB01,0.208096,"2015/09/16 14:05:11"
D,METER_DATA,GEN_DUID,1,"2015/09/16 14:10:00",GERMCRK,30.299999,"2015/09/16 14:05:11"
D,METER_DATA,GEN_DUID,1,"2015/09/16 14:10:00",INVICTA,9.3250,"2015/09/16 14:05:11"
D,METER_DATA,GEN_DUID,1,"2015/09/16 14:10:00",LKBONNY1,4.822706,"2015/09/16 14:05:11"
D,METER_DATA,GEN_DUID,1,"2015/09/16 14:10:00",MBAHNTH,51.487503,"2015/09/16 14:05:11"
D,METER_DATA,GEN_DUID,1,"2015/09/16 14:10:00",MLWF1,0.84,"2015/09/16 14:05:11"
D,METER_DATA,GEN_DUID,1,"2015/09/16 14:10:00",MTMILLAR,40.912331,"2015/09/16 14:05:11"
D,METER_DATA,GEN_DUID,1,"2015/09/16 14:10:00",PALOONA,19.859999,"2015/09/16 14:05:11"
D,METER_DATA,GEN_DUID,1,"2015/09/16 14:10:00",PIONEER,46.799999,"2015/09/16 14:05:11"
D,METER_DATA,GEN_DUID,1,"2015/09/16 14:10:00",PORTWF,7.90,"2015/09/16 14:05:11"
D,METER_DATA,GEN_DUID,1,"2015/09/16 14:10:00",REPULSE,0,"2015/09/16 14:05:11"
D,METER_DATA,GEN_DUID,1,"2015/09/16 14:10:00",ROWALLAN,9.4075,"2015/09/16 14:05:11"
D,METER_DATA,GEN_DUID,1,"2015/09/16 14:10:00",RPCG,13.544503,"2015/09/16 14:05:11"
D,METER_DATA,GEN_DUID,1,"2015/09/16 14:10:00",RUBICON,0,"2015/09/16 14:05:11"
D,METER_DATA,GEN_DUID,1,"2015/09/16 14:10:00",STARHLWF,3.099096,"2015/09/16 14:05:11"
D,METER_DATA,GEN_DUID,1,"2015/09/16 14:10:00",WAUBRAWF,3.4970,"2015/09/16 14:05:11"
D,METER_DATA,GEN_DUID,1,"2015/09/16 14:10:00",WOOLNTH1,9.450016,"2015/09/16 14:05:11"
D,METER_DATA,GEN_DUID,1,"2015/09/16 14:10:00",WPWF,11,"2015/09/16 14:05:11"
D,METER_DATA,GEN_DUID,1,"2015/09/16 14:10:00",YAMBUKWF,0.20,"2015/09/16 14:05:11"
D,METER_DATA,GEN_DUID,1,"2015/09/16 14:15:00",BUTLERSG,-0.000002,"2015/09/16 14:10:11"
D,METER_DATA,GEN_DUID,1,"2015/09/16 14:15:00",CALL_A_4,0,"2015/09/16 14:10:11"
D,METER_DATA,GEN_DUID,1,"2015/09/16 14:15:00",CAPTL_WF,28.967995,"2015/09/16 14:10:11"
D,METER_DATA,GEN_DUID,1,"2015/09/16 14:15:00",CATHROCK,6.15,"2015/09/16 14:10:11"
D,METER_DATA,GEN_DUID,1,"2015/09/16 14:15:00",CHALLHWF,0,"2015/09/16 14:10:11"
D,METER_DATA,GEN_DUID,1,"2015/09/16 14:15:00",CLOVER,-0.02,"2015/09/16 14:10:11"
D,METER_DATA,GEN_DUID,1,"2015/09/16 14:15:00",CLUNY,3.986910,"2015/09/16 14:10:11"
D,METER_DATA,GEN_DUID,1,"2015/09/16 14:15:00",CNUNDAWF,4.004672,"2015/09/16 14:10:11"
D,METER_DATA,GEN_DUID,1,"2015/09/16 14:15:00",CULLRGWF,7.23,"2015/09/16 14:10:11"
D,METER_DATA,GEN_DUID,1,"2015/09/16 14:15:00",ERGT01,0,"2015/09/16 14:10:11"
D,METER_DATA,GEN_DUID,1,"2015/09/16 14:15:00",GB01,0.208096,"2015/09/16 14:10:11"
D,METER_DATA,GEN_DUID,1,"2015/09/16 14:15:00",GERMCRK,28.90,"2015/09/16 14:10:11"
D,METER_DATA,GEN_DUID,1,"2015/09/16 14:15:00",INVICTA,9.3250,"2015/09/16 14:10:11"
D,METER_DATA,GEN_DUID,1,"2015/09/16 14:15:00",LKBONNY1,3.304446,"2015/09/16 14:10:11"
D,METER_DATA,GEN_DUID,1,"2015/09/16 14:15:00",MBAHNTH,51.487503,"2015/09/16 14:10:11"
D,METER_DATA,GEN_DUID,1,"2015/09/16 14:15:00",MLWF1,0.1650,"2015/09/16 14:10:11"
D,METER_DATA,GEN_DUID,1,"2015/09/16 14:15:00",MTMILLAR,41.671345,"2015/09/16 14:10:11"
D,METER_DATA,GEN_DUID,1,"2015/09/16 14:15:00",PALOONA,19.99,"2015/09/16 14:10:11"
D,METER_DATA,GEN_DUID,1,"2015/09/16 14:15:00",PIONEER,47.100002,"2015/09/16 14:10:11"
D,METER_DATA,GEN_DUID,1,"2015/09/16 14:15:00",PORTWF,6.70,"2015/09/16 14:10:11"
D,METER_DATA,GEN_DUID,1,"2015/09/16 14:15:00",REPULSE,0,"2015/09/16 14:10:11"
D,METER_DATA,GEN_DUID,1,"2015/09/16 14:15:00",ROWALLAN,9.3578,"2015/09/16 14:10:11"
D,METER_DATA,GEN_DUID,1,"2015/09/16 14:15:00",RPCG,13.574651,"2015/09/16 14:10:11"
D,METER_DATA,GEN_DUID,1,"2015/09/16 14:15:00",RUBICON,0,"2015/09/16 14:10:11"
D,METER_DATA,GEN_DUID,1,"2015/09/16 14:15:00",STARHLWF,3.099096,"2015/09/16 14:10:11"
D,METER_DATA,GEN_DUID,1,"2015/09/16 14:15:00",WAUBRAWF,2.8450,"2015/09/16 14:10:11"
D,METER_DATA,GEN_DUID,1,"2015/09/16 14:15:00",WOOLNTH1,8.890016,"2015/09/16 14:10:11"
D,METER_DATA,GEN_DUID,1,"2015/09/16 14:15:00",WPWF,10,"2015/09/16 14:10:11"
D,METER_DATA,GEN_DUID,1,"2015/09/16 14:15:00",YAMBUKWF,0.20,"2015/09/16 14:10:11"
D,METER_DATA,GEN_DUID,1,"2015/09/16 14:20:00",BUTLERSG,-0.000002,"2015/09/16 14:15:09"
D,METER_DATA,GEN_DUID,1,"2015/09/16 14:20:00",CALL_A_4,0,"2015/09/16 14:15:09"
D,METER_DATA,GEN_DUID,1,"2015/09/16 14:20:00",CAPTL_WF,30.4720,"2015/09/16 14:15:09"
D,METER_DATA,GEN_DUID,1,"2015/09/16 14:20:00",CATHROCK,7.52,"2015/09/16 14:15:09"
D,METER_DATA,GEN_DUID,1,"2015/09/16 14:20:00",CHALLHWF,0,"2015/09/16 14:15:09"
D,METER_DATA,GEN_DUID,1,"2015/09/16 14:20:00",CLOVER,-0.01,"2015/09/16 14:15:09"
D,METER_DATA,GEN_DUID,1,"2015/09/16 14:20:00",CLUNY,3.886880,"2015/09/16 14:15:09"
D,METER_DATA,GEN_DUID,1,"2015/09/16 14:20:00",CNUNDAWF,4.004672,"2015/09/16 14:15:09"
D,METER_DATA,GEN_DUID,1,"2015/09/16 14:20:00",CULLRGWF,7.25,"2015/09/16 14:15:09"
D,METER_DATA,GEN_DUID,1,"2015/09/16 14:20:00",ERGT01,0,"2015/09/16 14:15:09"
D,METER_DATA,GEN_DUID,1,"2015/09/16 14:20:00",GB01,0.208096,"2015/09/16 14:15:09"
D,METER_DATA,GEN_DUID,1,"2015/09/16 14:20:00",GERMCRK,29.60,"2015/09/16 14:15:09"
D,METER_DATA,GEN_DUID,1,"2015/09/16 14:20:00",INVICTA,9.3250,"2015/09/16 14:15:09"
D,METER_DATA,GEN_DUID,1,"2015/09/16 14:20:00",LKBONNY1,2.947209,"2015/09/16 14:15:09"
D,METER_DATA,GEN_DUID,1,"2015/09/16 14:20:00",MBAHNTH,51.487503,"2015/09/16 14:15:09"
D,METER_DATA,GEN_DUID,1,"2015/09/16 14:20:00",MLWF1,0.15,"2015/09/16 14:15:09"
D,METER_DATA,GEN_DUID,1,"2015/09/16 14:20:00",MTMILLAR,43.442375,"2015/09/16 14:15:09"
D,METER_DATA,GEN_DUID,1,"2015/09/16 14:20:00",PALOONA,19.93,"2015/09/16 14:15:09"
D,METER_DATA,GEN_DUID,1,"2015/09/16 14:20:00",PIONEER,45.799999,"2015/09/16 14:15:09"
D,METER_DATA,GEN_DUID,1,"2015/09/16 14:20:00",PORTWF,6.40,"2015/09/16 14:15:09"
D,METER_DATA,GEN_DUID,1,"2015/09/16 14:20:00",REPULSE,0,"2015/09/16 14:15:09"
D,METER_DATA,GEN_DUID,1,"2015/09/16 14:20:00",ROWALLAN,9.4856,"2015/09/16 14:15:09"
D,METER_DATA,GEN_DUID,1,"2015/09/16 14:20:00",RPCG,13.505467,"2015/09/16 14:15:09"
D,METER_DATA,GEN_DUID,1,"2015/09/16 14:20:00",RUBICON,0,"2015/09/16 14:15:09"
D,METER_DATA,GEN_DUID,1,"2015/09/16 14:20:00",STARHLWF,3.099096,"2015/09/16 14:15:09"
D,METER_DATA,GEN_DUID,1,"2015/09/16 14:20:00",WAUBRAWF,1.4540,"2015/09/16 14:15:09"
D,METER_DATA,GEN_DUID,1,"2015/09/16 14:20:00",WOOLNTH1,9.430016,"2015/09/16 14:15:09"
D,METER_DATA,GEN_DUID,1,"2015/09/16 14:20:00",WPWF,8,"2015/09/16 14:15:09"
D,METER_DATA,GEN_DUID,1,"2015/09/16 14:20:00",YAMBUKWF,0.10,"2015/09/16 14:15:09"
D,METER_DATA,GEN_DUID,1,"2015/09/16 14:25:00",BUTLERSG,-0.000002,"2015/09/16 14:20:12"
D,METER_DATA,GEN_DUID,1,"2015/09/16 14:25:00",CALL_A_4,0,"2015/09/16 14:20:12"
D,METER_DATA,GEN_DUID,1,"2015/09/16 14:25:00",CAPTL_WF,28.1120,"2015/09/16 14:20:12"
D,METER_DATA,GEN_DUID,1,"2015/09/16 14:25:00",CATHROCK,7.679999,"2015/09/16 14:20:12"
D,METER_DATA,GEN_DUID,1,"2015/09/16 14:25:00",CHALLHWF,0,"2015/09/16 14:20:12"
D,METER_DATA,GEN_DUID,1,"2015/09/16 14:25:00",CLOVER,-0.02,"2015/09/16 14:20:12"
D,METER_DATA,GEN_DUID,1,"2015/09/16 14:25:00",CLUNY,3.772560,"2015/09/16 14:20:12"
D,METER_DATA,GEN_DUID,1,"2015/09/16 14:25:00",CNUNDAWF,3.604204,"2015/09/16 14:20:12"
D,METER_DATA,GEN_DUID,1,"2015/09/16 14:25:00",CULLRGWF,6.57,"2015/09/16 14:20:12"
D,METER_DATA,GEN_DUID,1,"2015/09/16 14:25:00",ERGT01,0,"2015/09/16 14:20:12"
D,METER_DATA,GEN_DUID,1,"2015/09/16 14:25:00",GB01,0.208096,"2015/09/16 14:20:12"
D,METER_DATA,GEN_DUID,1,"2015/09/16 14:25:00",GERMCRK,30.799999,"2015/09/16 14:20:12"
D,METER_DATA,GEN_DUID,1,"2015/09/16 14:25:00",INVICTA,9.3250,"2015/09/16 14:20:12"
D,METER_DATA,GEN_DUID,1,"2015/09/16 14:25:00",LKBONNY1,2.411353,"2015/09/16 14:20:12"
D,METER_DATA,GEN_DUID,1,"2015/09/16 14:25:00",MBAHNTH,51.487503,"2015/09/16 14:20:12"
D,METER_DATA,GEN_DUID,1,"2015/09/16 14:25:00",MLWF1,0.18,"2015/09/16 14:20:12"
D,METER_DATA,GEN_DUID,1,"2015/09/16 14:25:00",MTMILLAR,42.385712,"2015/09/16 14:20:12"
D,METER_DATA,GEN_DUID,1,"2015/09/16 14:25:00",PALOONA,19.93,"2015/09/16 14:20:12"
D,METER_DATA,GEN_DUID,1,"2015/09/16 14:25:00",PIONEER,46.50,"2015/09/16 14:20:12"
D,METER_DATA,GEN_DUID,1,"2015/09/16 14:25:00",PORTWF,7.30,"2015/09/16 14:20:12"
D,METER_DATA,GEN_DUID,1,"2015/09/16 14:25:00",REPULSE,0,"2015/09/16 14:20:12"
D,METER_DATA,GEN_DUID,1,"2015/09/16 14:25:00",ROWALLAN,9.4714,"2015/09/16 14:20:12"
D,METER_DATA,GEN_DUID,1,"2015/09/16 14:25:00",RPCG,13.653762,"2015/09/16 14:20:12"
D,METER_DATA,GEN_DUID,1,"2015/09/16 14:25:00",RUBICON,0,"2015/09/16 14:20:12"
D,METER_DATA,GEN_DUID,1,"2015/09/16 14:25:00",STARHLWF,3.099096,"2015/09/16 14:20:12"
D,METER_DATA,GEN_DUID,1,"2015/09/16 14:25:00",WAUBRAWF,0.87,"2015/09/16 14:20:12"
D,METER_DATA,GEN_DUID,1,"2015/09/16 14:25:00",WOOLNTH1,10.310016,"2015/09/16 14:20:12"
D,METER_DATA,GEN_DUID,1,"2015/09/16 14:25:00",WPWF,8,"2015/09/16 14:20:12"
D,METER_DATA,GEN_DUID,1,"2015/09/16 14:25:00",YAMBUKWF,0.20,"2015/09/16 14:20:12"
D,METER_DATA,GEN_DUID,1,"2015/09/16 14:30:00",BUTLERSG,-0.000002,"2015/09/16 14:25:12"
D,METER_DATA,GEN_DUID,1,"2015/09/16 14:30:00",CALL_A_4,0,"2015/09/16 14:25:12"
D,METER_DATA,GEN_DUID,1,"2015/09/16 14:30:00",CAPTL_WF,27.592003,"2015/09/16 14:25:12"
D,METER_DATA,GEN_DUID,1,"2015/09/16 14:30:00",CATHROCK,7.03,"2015/09/16 14:25:12"
D,METER_DATA,GEN_DUID,1,"2015/09/16 14:30:00",CHALLHWF,0,"2015/09/16 14:25:12"
D,METER_DATA,GEN_DUID,1,"2015/09/16 14:30:00",CLOVER,-0.02,"2015/09/16 14:25:12"
D,METER_DATA,GEN_DUID,1,"2015/09/16 14:30:00",CLUNY,3.901170,"2015/09/16 14:25:12"
D,METER_DATA,GEN_DUID,1,"2015/09/16 14:30:00",CNUNDAWF,3.604204,"2015/09/16 14:25:12"
D,METER_DATA,GEN_DUID,1,"2015/09/16 14:30:00",CULLRGWF,5.73,"2015/09/16 14:25:12"
D,METER_DATA,GEN_DUID,1,"2015/09/16 14:30:00",ERGT01,0,"2015/09/16 14:25:12"
D,METER_DATA,GEN_DUID,1,"2015/09/16 14:30:00",GB01,0.208096,"2015/09/16 14:25:12"
D,METER_DATA,GEN_DUID,1,"2015/09/16 14:30:00",GERMCRK,31.40,"2015/09/16 14:25:12"
D,METER_DATA,GEN_DUID,1,"2015/09/16 14:30:00",INVICTA,11.6750,"2015/09/16 14:25:12"
D,METER_DATA,GEN_DUID,1,"2015/09/16 14:30:00",LKBONNY1,3.840303,"2015/09/16 14:25:12"
D,METER_DATA,GEN_DUID,1,"2015/09/16 14:30:00",MBAHNTH,51.487503,"2015/09/16 14:25:12"
D,METER_DATA,GEN_DUID,1,"2015/09/16 14:30:00",MLWF1,1.65,"2015/09/16 14:25:12"
D,METER_DATA,GEN_DUID,1,"2015/09/16 14:30:00",MTMILLAR,44.104652,"2015/09/16 14:25:12"
D,METER_DATA,GEN_DUID,1,"2015/09/16 14:30:00",PALOONA,19.76,"2015/09/16 14:25:12"
D,METER_DATA,GEN_DUID,1,"2015/09/16 14:30:00",PIONEER,48.600002,"2015/09/16 14:25:12"
D,METER_DATA,GEN_DUID,1,"2015/09/16 14:30:00",PORTWF,8.10,"2015/09/16 14:25:12"
D,METER_DATA,GEN_DUID,1,"2015/09/16 14:30:00",REPULSE,0,"2015/09/16 14:25:12"
D,METER_DATA,GEN_DUID,1,"2015/09/16 14:30:00",ROWALLAN,9.4714,"2015/09/16 14:25:12"
D,METER_DATA,GEN_DUID,1,"2015/09/16 14:30:00",RPCG,13.570611,"2015/09/16 14:25:12"
D,METER_DATA,GEN_DUID,1,"2015/09/16 14:30:00",RUBICON,0,"2015/09/16 14:25:12"
D,METER_DATA,GEN_DUID,1,"2015/09/16 14:30:00",STARHLWF,3.099096,"2015/09/16 14:25:12"
D,METER_DATA,GEN_DUID,1,"2015/09/16 14:30:00",WAUBRAWF,0.9190,"2015/09/16 14:25:12"
D,METER_DATA,GEN_DUID,1,"2015/09/16 14:30:00",WOOLNTH1,12.310016,"2015/09/16 14:25:12"
D,METER_DATA,GEN_DUID,1,"2015/09/16 14:30:00",WPWF,7,"2015/09/16 14:25:12"
D,METER_DATA,GEN_DUID,1,"2015/09/16 14:30:00",YAMBUKWF,0.30,"2015/09/16 14:25:12"
D,METER_DATA,GEN_DUID,1,"2015/09/16 14:35:00",BUTLERSG,-0.000002,"2015/09/16 14:30:13"
D,METER_DATA,GEN_DUID,1,"2015/09/16 14:35:00",CALL_A_4,0,"2015/09/16 14:30:13"
D,METER_DATA,GEN_DUID,1,"2015/09/16 14:35:00",CAPTL_WF,29.748001,"2015/09/16 14:30:13"
D,METER_DATA,GEN_DUID,1,"2015/09/16 14:35:00",CATHROCK,8.27,"2015/09/16 14:30:13"
D,METER_DATA,GEN_DUID,1,"2015/09/16 14:35:00",CHALLHWF,0.30,"2015/09/16 14:30:13"
D,METER_DATA,GEN_DUID,1,"2015/09/16 14:35:00",CLOVER,-0.02,"2015/09/16 14:30:13"
D,METER_DATA,GEN_DUID,1,"2015/09/16 14:35:00",CLUNY,3.643950,"2015/09/16 14:30:13"
D,METER_DATA,GEN_DUID,1,"2015/09/16 14:35:00",CNUNDAWF,3.604204,"2015/09/16 14:30:13"
D,METER_DATA,GEN_DUID,1,"2015/09/16 14:35:00",CULLRGWF,5.02,"2015/09/16 14:30:13"
D,METER_DATA,GEN_DUID,1,"2015/09/16 14:35:00",ERGT01,0,"2015/09/16 14:30:13"
D,METER_DATA,GEN_DUID,1,"2015/09/16 14:35:00",GB01,0.208096,"2015/09/16 14:30:13"
D,METER_DATA,GEN_DUID,1,"2015/09/16 14:35:00",GERMCRK,30.799999,"2015/09/16 14:30:13"
D,METER_DATA,GEN_DUID,1,"2015/09/16 14:35:00",INVICTA,11.6750,"2015/09/16 14:30:13"
D,METER_DATA,GEN_DUID,1,"2015/09/16 14:35:00",LKBONNY1,4.465468,"2015/09/16 14:30:13"
D,METER_DATA,GEN_DUID,1,"2015/09/16 14:35:00",MBAHNTH,51.487503,"2015/09/16 14:30:13"
D,METER_DATA,GEN_DUID,1,"2015/09/16 14:35:00",MLWF1,1.95,"2015/09/16 14:30:13"
D,METER_DATA,GEN_DUID,1,"2015/09/16 14:35:00",MTMILLAR,47.974136,"2015/09/16 14:30:13"
D,METER_DATA,GEN_DUID,1,"2015/09/16 14:35:00",PALOONA,19.959999,"2015/09/16 14:30:13"
D,METER_DATA,GEN_DUID,1,"2015/09/16 14:35:00",PIONEER,48.200001,"2015/09/16 14:30:13"
D,METER_DATA,GEN_DUID,1,"2015/09/16 14:35:00",PORTWF,7.30,"2015/09/16 14:30:13"
D,METER_DATA,GEN_DUID,1,"2015/09/16 14:35:00",REPULSE,0,"2015/09/16 14:30:13"
D,METER_DATA,GEN_DUID,1,"2015/09/16 14:35:00",ROWALLAN,9.4217,"2015/09/16 14:30:13"
D,METER_DATA,GEN_DUID,1,"2015/09/16 14:35:00",RPCG,13.643168,"2015/09/16 14:30:13"
D,METER_DATA,GEN_DUID,1,"2015/09/16 14:35:00",RUBICON,0,"2015/09/16 14:30:13"
D,METER_DATA,GEN_DUID,1,"2015/09/16 14:35:00",STARHLWF,3.099096,"2015/09/16 14:30:13"
D,METER_DATA,GEN_DUID,1,"2015/09/16 14:35:00",WAUBRAWF,0.5220,"2015/09/16 14:30:13"
D,METER_DATA,GEN_DUID,1,"2015/09/16 14:35:00",WOOLNTH1,14.740015,"2015/09/16 14:30:13"
D,METER_DATA,GEN_DUID,1,"2015/09/16 14:35:00",WPWF,5,"2015/09/16 14:30:13"
D,METER_DATA,GEN_DUID,1,"2015/09/16 14:35:00",YAMBUKWF,0.40,"2015/09/16 14:30:13"
D,METER_DATA,GEN_DUID,1,"2015/09/16 14:40:00",BUTLERSG,-0.000002,"2015/09/16 14:35:13"
D,METER_DATA,GEN_DUID,1,"2015/09/16 14:40:00",CALL_A_4,0,"2015/09/16 14:35:13"
D,METER_DATA,GEN_DUID,1,"2015/09/16 14:40:00",CAPTL_WF,29.884003,"2015/09/16 14:35:13"
D,METER_DATA,GEN_DUID,1,"2015/09/16 14:40:00",CATHROCK,8.49,"2015/09/16 14:35:13"
D,METER_DATA,GEN_DUID,1,"2015/09/16 14:40:00",CHALLHWF,0.40,"2015/09/16 14:35:13"
D,METER_DATA,GEN_DUID,1,"2015/09/16 14:40:00",CLOVER,-0.01,"2015/09/16 14:35:13"
D,METER_DATA,GEN_DUID,1,"2015/09/16 14:40:00",CLUNY,3.815430,"2015/09/16 14:35:13"
D,METER_DATA,GEN_DUID,1,"2015/09/16 14:40:00",CNUNDAWF,3.704321,"2015/09/16 14:35:13"
D,METER_DATA,GEN_DUID,1,"2015/09/16 14:40:00",CULLRGWF,7.56,"2015/09/16 14:35:13"
D,METER_DATA,GEN_DUID,1,"2015/09/16 14:40:00",ERGT01,0,"2015/09/16 14:35:13"
D,METER_DATA,GEN_DUID,1,"2015/09/16 14:40:00",GB01,0.208096,"2015/09/16 14:35:13"
D,METER_DATA,GEN_DUID,1,"2015/09/16 14:40:00",GERMCRK,31.60,"2015/09/16 14:35:13"
D,METER_DATA,GEN_DUID,1,"2015/09/16 14:40:00",INVICTA,11.6750,"2015/09/16 14:35:13"
D,METER_DATA,GEN_DUID,1,"2015/09/16 14:40:00",LKBONNY1,4.644087,"2015/09/16 14:35:13"
D,METER_DATA,GEN_DUID,1,"2015/09/16 14:40:00",MBAHNTH,51.487503,"2015/09/16 14:35:13"
D,METER_DATA,GEN_DUID,1,"2015/09/16 14:40:00",MLWF1,2.1450,"2015/09/16 14:35:13"
D,METER_DATA,GEN_DUID,1,"2015/09/16 14:40:00",MTMILLAR,37.385147,"2015/09/16 14:35:13"
D,METER_DATA,GEN_DUID,1,"2015/09/16 14:40:00",PALOONA,19.859999,"2015/09/16 14:35:13"
D,METER_DATA,GEN_DUID,1,"2015/09/16 14:40:00",PIONEER,46.50,"2015/09/16 14:35:13"
D,METER_DATA,GEN_DUID,1,"2015/09/16 14:40:00",PORTWF,6.10,"2015/09/16 14:35:13"
D,METER_DATA,GEN_DUID,1,"2015/09/16 14:40:00",REPULSE,0,"2015/09/16 14:35:13"
D,METER_DATA,GEN_DUID,1,"2015/09/16 14:40:00",ROWALLAN,9.4217,"2015/09/16 14:35:13"
D,METER_DATA,GEN_DUID,1,"2015/09/16 14:40:00",RPCG,13.412589,"2015/09/16 14:35:13"
D,METER_DATA,GEN_DUID,1,"2015/09/16 14:40:00",RUBICON,0,"2015/09/16 14:35:13"
D,METER_DATA,GEN_DUID,1,"2015/09/16 14:40:00",STARHLWF,3.099096,"2015/09/16 14:35:13"
D,METER_DATA,GEN_DUID,1,"2015/09/16 14:40:00",WAUBRAWF,4.2960,"2015/09/16 14:35:13"
D,METER_DATA,GEN_DUID,1,"2015/09/16 14:40:00",WOOLNTH1,20.130016,"2015/09/16 14:35:13"
D,METER_DATA,GEN_DUID,1,"2015/09/16 14:40:00",WPWF,4,"2015/09/16 14:35:13"
D,METER_DATA,GEN_DUID,1,"2015/09/16 14:40:00",YAMBUKWF,0.30,"2015/09/16 14:35:13"
D,METER_DATA,GEN_DUID,1,"2015/09/16 14:45:00",BUTLERSG,-0.000002,"2015/09/16 14:40:13"
D,METER_DATA,GEN_DUID,1,"2015/09/16 14:45:00",CALL_A_4,0,"2015/09/16 14:40:13"
D,METER_DATA,GEN_DUID,1,"2015/09/16 14:45:00",CAPTL_WF,40.040001,"2015/09/16 14:40:13"
D,METER_DATA,GEN_DUID,1,"2015/09/16 14:45:00",CATHROCK,8.82,"2015/09/16 14:40:13"
D,METER_DATA,GEN_DUID,1,"2015/09/16 14:45:00",CHALLHWF,0,"2015/09/16 14:40:13"
D,METER_DATA,GEN_DUID,1,"2015/09/16 14:45:00",CLOVER,-0.01,"2015/09/16 14:40:13"
D,METER_DATA,GEN_DUID,1,"2015/09/16 14:45:00",CLUNY,4.0012,"2015/09/16 14:40:13"
D,METER_DATA,GEN_DUID,1,"2015/09/16 14:45:00",CNUNDAWF,3.704321,"2015/09/16 14:40:13"
D,METER_DATA,GEN_DUID,1,"2015/09/16 14:45:00",CULLRGWF,8.70,"2015/09/16 14:40:13"
D,METER_DATA,GEN_DUID,1,"2015/09/16 14:45:00",ERGT01,0,"2015/09/16 14:40:13"
D,METER_DATA,GEN_DUID,1,"2015/09/16 14:45:00",GB01,0.208096,"2015/09/16 14:40:13"
D,METER_DATA,GEN_DUID,1,"2015/09/16 14:45:00",GERMCRK,31.299999,"2015/09/16 14:40:13"
D,METER_DATA,GEN_DUID,1,"2015/09/16 14:45:00",INVICTA,11.6750,"2015/09/16 14:40:13"
D,METER_DATA,GEN_DUID,1,"2015/09/16 14:45:00",LKBONNY1,4.197540,"2015/09/16 14:40:13"
D,METER_DATA,GEN_DUID,1,"2015/09/16 14:45:00",MBAHNTH,51.487503,"2015/09/16 14:40:13"
D,METER_DATA,GEN_DUID,1,"2015/09/16 14:45:00",MLWF1,1.74,"2015/09/16 14:40:13"
D,METER_DATA,GEN_DUID,1,"2015/09/16 14:45:00",MTMILLAR,41.790405,"2015/09/16 14:40:13"
D,METER_DATA,GEN_DUID,1,"2015/09/16 14:45:00",PALOONA,19.859999,"2015/09/16 14:40:13"
D,METER_DATA,GEN_DUID,1,"2015/09/16 14:45:00",PIONEER,40.900002,"2015/09/16 14:40:13"
D,METER_DATA,GEN_DUID,1,"2015/09/16 14:45:00",PORTWF,5.20,"2015/09/16 14:40:13"
D,METER_DATA,GEN_DUID,1,"2015/09/16 14:45:00",REPULSE,0,"2015/09/16 14:40:13"
D,METER_DATA,GEN_DUID,1,"2015/09/16 14:45:00",ROWALLAN,9.5353,"2015/09/16 14:40:13"
D,METER_DATA,GEN_DUID,1,"2015/09/16 14:45:00",RPCG,13.425685,"2015/09/16 14:40:13"
D,METER_DATA,GEN_DUID,1,"2015/09/16 14:45:00",RUBICON,0,"2015/09/16 14:40:13"
D,METER_DATA,GEN_DUID,1,"2015/09/16 14:45:00",STARHLWF,3.099096,"2015/09/16 14:40:13"
D,METER_DATA,GEN_DUID,1,"2015/09/16 14:45:00",WAUBRAWF,3.4050,"2015/09/16 14:40:13"
D,METER_DATA,GEN_DUID,1,"2015/09/16 14:45:00",WOOLNTH1,21.570015,"2015/09/16 14:40:13"
D,METER_DATA,GEN_DUID,1,"2015/09/16 14:45:00",WPWF,3,"2015/09/16 14:40:13"
D,METER_DATA,GEN_DUID,1,"2015/09/16 14:45:00",YAMBUKWF,0.40,"2015/09/16 14:40:13"
D,METER_DATA,GEN_DUID,1,"2015/09/16 14:50:00",BUTLERSG,-0.000002,"2015/09/16 14:45:10"
D,METER_DATA,GEN_DUID,1,"2015/09/16 14:50:00",CALL_A_4,0,"2015/09/16 14:45:10"
D,METER_DATA,GEN_DUID,1,"2015/09/16 14:50:00",CAPTL_WF,30.087997,"2015/09/16 14:45:10"
D,METER_DATA,GEN_DUID,1,"2015/09/16 14:50:00",CATHROCK,9.339999,"2015/09/16 14:45:10"
D,METER_DATA,GEN_DUID,1,"2015/09/16 14:50:00",CHALLHWF,0.30,"2015/09/16 14:45:10"
D,METER_DATA,GEN_DUID,1,"2015/09/16 14:50:00",CLOVER,-0.01,"2015/09/16 14:45:10"
D,METER_DATA,GEN_DUID,1,"2015/09/16 14:50:00",CLUNY,3.844010,"2015/09/16 14:45:10"
D,METER_DATA,GEN_DUID,1,"2015/09/16 14:50:00",CNUNDAWF,3.704321,"2015/09/16 14:45:10"
D,METER_DATA,GEN_DUID,1,"2015/09/16 14:50:00",CULLRGWF,10.44,"2015/09/16 14:45:10"
D,METER_DATA,GEN_DUID,1,"2015/09/16 14:50:00",ERGT01,0,"2015/09/16 14:45:10"
D,METER_DATA,GEN_DUID,1,"2015/09/16 14:50:00",GB01,0.208096,"2015/09/16 14:45:10"
D,METER_DATA,GEN_DUID,1,"2015/09/16 14:50:00",GERMCRK,30.799999,"2015/09/16 14:45:10"
D,METER_DATA,GEN_DUID,1,"2015/09/16 14:50:00",INVICTA,11.6750,"2015/09/16 14:45:10"
D,METER_DATA,GEN_DUID,1,"2015/09/16 14:50:00",LKBONNY1,4.376159,"2015/09/16 14:45:10"
D,METER_DATA,GEN_DUID,1,"2015/09/16 14:50:00",MBAHNTH,51.487503,"2015/09/16 14:45:10"
D,METER_DATA,GEN_DUID,1,"2015/09/16 14:50:00",MLWF1,2.19,"2015/09/16 14:45:10"
D,METER_DATA,GEN_DUID,1,"2015/09/16 14:50:00",MTMILLAR,43.762352,"2015/09/16 14:45:10"
D,METER_DATA,GEN_DUID,1,"2015/09/16 14:50:00",PALOONA,20.119999,"2015/09/16 14:45:10"
D,METER_DATA,GEN_DUID,1,"2015/09/16 14:50:00",PIONEER,43.299999,"2015/09/16 14:45:10"
D,METER_DATA,GEN_DUID,1,"2015/09/16 14:50:00",PORTWF,5,"2015/09/16 14:45:10"
D,METER_DATA,GEN_DUID,1,"2015/09/16 14:50:00",REPULSE,0,"2015/09/16 14:45:10"
D,METER_DATA,GEN_DUID,1,"2015/09/16 14:50:00",ROWALLAN,9.3649,"2015/09/16 14:45:10"
D,METER_DATA,GEN_DUID,1,"2015/09/16 14:50:00",RPCG,8.576067,"2015/09/16 14:45:10"
D,METER_DATA,GEN_DUID,1,"2015/09/16 14:50:00",RUBICON,0,"2015/09/16 14:45:10"
D,METER_DATA,GEN_DUID,1,"2015/09/16 14:50:00",STARHLWF,3.099096,"2015/09/16 14:45:10"
D,METER_DATA,GEN_DUID,1,"2015/09/16 14:50:00",WAUBRAWF,0.8390,"2015/09/16 14:45:10"
D,METER_DATA,GEN_DUID,1,"2015/09/16 14:50:00",WOOLNTH1,24.300014,"2015/09/16 14:45:10"
D,METER_DATA,GEN_DUID,1,"2015/09/16 14:50:00",WPWF,2,"2015/09/16 14:45:10"
D,METER_DATA,GEN_DUID,1,"2015/09/16 14:50:00",YAMBUKWF,0.80,"2015/09/16 14:45:10"
D,METER_DATA,GEN_DUID,1,"2015/09/16 14:55:00",BUTLERSG,-0.000002,"2015/09/16 14:50:13"
D,METER_DATA,GEN_DUID,1,"2015/09/16 14:55:00",CALL_A_4,0,"2015/09/16 14:50:13"
D,METER_DATA,GEN_DUID,1,"2015/09/16 14:55:00",CAPTL_WF,35.975998,"2015/09/16 14:50:13"
D,METER_DATA,GEN_DUID,1,"2015/09/16 14:55:00",CATHROCK,9.459999,"2015/09/16 14:50:13"
D,METER_DATA,GEN_DUID,1,"2015/09/16 14:55:00",CHALLHWF,0,"2015/09/16 14:50:13"
D,METER_DATA,GEN_DUID,1,"2015/09/16 14:55:00",CLOVER,-0.01,"2015/09/16 14:50:13"
D,METER_DATA,GEN_DUID,1,"2015/09/16 14:55:00",CLUNY,3.743980,"2015/09/16 14:50:13"
D,METER_DATA,GEN_DUID,1,"2015/09/16 14:55:00",CNUNDAWF,3.704321,"2015/09/16 14:50:13"
D,METER_DATA,GEN_DUID,1,"2015/09/16 14:55:00",CULLRGWF,6.79,"2015/09/16 14:50:13"
D,METER_DATA,GEN_DUID,1,"2015/09/16 14:55:00",ERGT01,0,"2015/09/16 14:50:13"
D,METER_DATA,GEN_DUID,1,"2015/09/16 14:55:00",GB01,0.208096,"2015/09/16 14:50:13"
D,METER_DATA,GEN_DUID,1,"2015/09/16 14:55:00",GERMCRK,31.50,"2015/09/16 14:50:13"
D,METER_DATA,GEN_DUID,1,"2015/09/16 14:55:00",INVICTA,11.6750,"2015/09/16 14:50:13"
D,METER_DATA,GEN_DUID,1,"2015/09/16 14:55:00",LKBONNY1,4.733396,"2015/09/16 14:50:13"
D,METER_DATA,GEN_DUID,1,"2015/09/16 14:55:00",MBAHNTH,51.487503,"2015/09/16 14:50:13"
D,METER_DATA,GEN_DUID,1,"2015/09/16 14:55:00",MLWF1,2.40,"2015/09/16 14:50:13"
D,METER_DATA,GEN_DUID,1,"2015/09/16 14:55:00",MTMILLAR,43.085194,"2015/09/16 14:50:13"
D,METER_DATA,GEN_DUID,1,"2015/09/16 14:55:00",PALOONA,19.879999,"2015/09/16 14:50:13"
D,METER_DATA,GEN_DUID,1,"2015/09/16 14:55:00",PIONEER,40.50,"2015/09/16 14:50:13"
D,METER_DATA,GEN_DUID,1,"2015/09/16 14:55:00",PORTWF,5.60,"2015/09/16 14:50:13"
D,METER_DATA,GEN_DUID,1,"2015/09/16 14:55:00",REPULSE,0,"2015/09/16 14:50:13"
D,METER_DATA,GEN_DUID,1,"2015/09/16 14:55:00",ROWALLAN,9.4075,"2015/09/16 14:50:13"
D,METER_DATA,GEN_DUID,1,"2015/09/16 14:55:00",RPCG,12.818748,"2015/09/16 14:50:13"
D,METER_DATA,GEN_DUID,1,"2015/09/16 14:55:00",RUBICON,0,"2015/09/16 14:50:13"
D,METER_DATA,GEN_DUID,1,"2015/09/16 14:55:00",STARHLWF,3.099096,"2015/09/16 14:50:13"
D,METER_DATA,GEN_DUID,1,"2015/09/16 14:55:00",WAUBRAWF,0.5810,"2015/09/16 14:50:13"
D,METER_DATA,GEN_DUID,1,"2015/09/16 14:55:00",WOOLNTH1,26.930016,"2015/09/16 14:50:13"
D,METER_DATA,GEN_DUID,1,"2015/09/16 14:55:00",WPWF,2,"2015/09/16 14:50:13"
D,METER_DATA,GEN_DUID,1,"2015/09/16 14:55:00",YAMBUKWF,0.90,"2015/09/16 14:50:13"
D,METER_DATA,GEN_DUID,1,"2015/09/16 15:00:00",BUTLERSG,-0.000002,"2015/09/16 14:55:07"
D,METER_DATA,GEN_DUID,1,"2015/09/16 15:00:00",CALL_A_4,0,"2015/09/16 14:55:07"
D,METER_DATA,GEN_DUID,1,"2015/09/16 15:00:00",CAPTL_WF,37.031998,"2015/09/16 14:55:07"
D,METER_DATA,GEN_DUID,1,"2015/09/16 15:00:00",CATHROCK,10.539999,"2015/09/16 14:55:07"
D,METER_DATA,GEN_DUID,1,"2015/09/16 15:00:00",CHALLHWF,0,"2015/09/16 14:55:07"
D,METER_DATA,GEN_DUID,1,"2015/09/16 15:00:00",CLOVER,-0.01,"2015/09/16 14:55:07"
D,METER_DATA,GEN_DUID,1,"2015/09/16 15:00:00",CLUNY,3.586790,"2015/09/16 14:55:07"
D,METER_DATA,GEN_DUID,1,"2015/09/16 15:00:00",CNUNDAWF,4.104788,"2015/09/16 14:55:07"
D,METER_DATA,GEN_DUID,1,"2015/09/16 15:00:00",CULLRGWF,11.78,"2015/09/16 14:55:07"
D,METER_DATA,GEN_DUID,1,"2015/09/16 15:00:00",ERGT01,0,"2015/09/16 14:55:07"
D,METER_DATA,GEN_DUID,1,"2015/09/16 15:00:00",GB01,0.208096,"2015/09/16 14:55:07"
D,METER_DATA,GEN_DUID,1,"2015/09/16 15:00:00",GERMCRK,28.90,"2015/09/16 14:55:07"
D,METER_DATA,GEN_DUID,1,"2015/09/16 15:00:00",INVICTA,11.6750,"2015/09/16 14:55:07"
D,METER_DATA,GEN_DUID,1,"2015/09/16 15:00:00",LKBONNY1,5.179943,"2015/09/16 14:55:07"
D,METER_DATA,GEN_DUID,1,"2015/09/16 15:00:00",MBAHNTH,51.487503,"2015/09/16 14:55:07"
D,METER_DATA,GEN_DUID,1,"2015/09/16 15:00:00",MLWF1,2.2950,"2015/09/16 14:55:07"
D,METER_DATA,GEN_DUID,1,"2015/09/16 15:00:00",MTMILLAR,32.377148,"2015/09/16 14:55:07"
D,METER_DATA,GEN_DUID,1,"2015/09/16 15:00:00",PALOONA,19.879999,"2015/09/16 14:55:07"
D,METER_DATA,GEN_DUID,1,"2015/09/16 15:00:00",PIONEER,37.900002,"2015/09/16 14:55:07"
D,METER_DATA,GEN_DUID,1,"2015/09/16 15:00:00",PORTWF,6.20,"2015/09/16 14:55:07"
D,METER_DATA,GEN_DUID,1,"2015/09/16 15:00:00",REPULSE,0,"2015/09/16 14:55:07"
D,METER_DATA,GEN_DUID,1,"2015/09/16 15:00:00",ROWALLAN,9.4785,"2015/09/16 14:55:07"
D,METER_DATA,GEN_DUID,1,"2015/09/16 15:00:00",RPCG,8.665466,"2015/09/16 14:55:07"
D,METER_DATA,GEN_DUID,1,"2015/09/16 15:00:00",RUBICON,0,"2015/09/16 14:55:07"
D,METER_DATA,GEN_DUID,1,"2015/09/16 15:00:00",STARHLWF,3.099096,"2015/09/16 14:55:07"
D,METER_DATA,GEN_DUID,1,"2015/09/16 15:00:00",WAUBRAWF,0.1760,"2015/09/16 14:55:07"
D,METER_DATA,GEN_DUID,1,"2015/09/16 15:00:00",WOOLNTH1,36.310017,"2015/09/16 14:55:07"
D,METER_DATA,GEN_DUID,1,"2015/09/16 15:00:00",WPWF,1,"2015/09/16 14:55:07"
D,METER_DATA,GEN_DUID,1,"2015/09/16 15:00:00",YAMBUKWF,0.70,"2015/09/16 14:55:07"
D,METER_DATA,GEN_DUID,1,"2015/09/16 15:05:00",BUTLERSG,-0.000002,"2015/09/16 15:00:14"
D,METER_DATA,GEN_DUID,1,"2015/09/16 15:05:00",CALL_A_4,0,"2015/09/16 15:00:14"
D,METER_DATA,GEN_DUID,1,"2015/09/16 15:05:00",CAPTL_WF,41.748001,"2015/09/16 15:00:14"
D,METER_DATA,GEN_DUID,1,"2015/09/16 15:05:00",CATHROCK,11.32,"2015/09/16 15:00:14"
D,METER_DATA,GEN_DUID,1,"2015/09/16 15:05:00",CHALLHWF,0.50,"2015/09/16 15:00:14"
D,METER_DATA,GEN_DUID,1,"2015/09/16 15:05:00",CLOVER,-0.01,"2015/09/16 15:00:14"
D,METER_DATA,GEN_DUID,1,"2015/09/16 15:05:00",CLUNY,3.872590,"2015/09/16 15:00:14"
D,METER_DATA,GEN_DUID,1,"2015/09/16 15:05:00",CULLRGWF,10.11,"2015/09/16 15:00:14"
D,METER_DATA,GEN_DUID,1,"2015/09/16 15:05:00",ERGT01,0,"2015/09/16 15:00:14"
D,METER_DATA,GEN_DUID,1,"2015/09/16 15:05:00",GB01,0.208096,"2015/09/16 15:00:14"
D,METER_DATA,GEN_DUID,1,"2015/09/16 15:05:00",GERMCRK,29.700001,"2015/09/16 15:00:14"
D,METER_DATA,GEN_DUID,1,"2015/09/16 15:05:00",INVICTA,11.6750,"2015/09/16 15:00:14"
D,METER_DATA,GEN_DUID,1,"2015/09/16 15:05:00",LKBONNY1,5.894418,"2015/09/16 15:00:14"
D,METER_DATA,GEN_DUID,1,"2015/09/16 15:05:00",MBAHNTH,51.487503,"2015/09/16 15:00:14"
D,METER_DATA,GEN_DUID,1,"2015/09/16 15:05:00",MLWF1,1.86,"2015/09/16 15:00:14"
D,METER_DATA,GEN_DUID,1,"2015/09/16 15:05:00",MTMILLAR,27.837946,"2015/09/16 15:00:14"
D,METER_DATA,GEN_DUID,1,"2015/09/16 15:05:00",PALOONA,19.879999,"2015/09/16 15:00:14"
D,METER_DATA,GEN_DUID,1,"2015/09/16 15:05:00",PIONEER,39,"2015/09/16 15:00:14"
D,METER_DATA,GEN_DUID,1,"2015/09/16 15:05:00",PORTWF,5.30,"2015/09/16 15:00:14"
D,METER_DATA,GEN_DUID,1,"2015/09/16 15:05:00",REPULSE,0,"2015/09/16 15:00:14"
D,METER_DATA,GEN_DUID,1,"2015/09/16 15:05:00",ROWALLAN,9.3862,"2015/09/16 15:00:14"
D,METER_DATA,GEN_DUID,1,"2015/09/16 15:05:00",RPCG,12.880910,"2015/09/16 15:00:14"
D,METER_DATA,GEN_DUID,1,"2015/09/16 15:05:00",RUBICON,0,"2015/09/16 15:00:14"
D,METER_DATA,GEN_DUID,1,"2015/09/16 15:05:00",WAUBRAWF,0,"2015/09/16 15:00:14"
D,METER_DATA,GEN_DUID,1,"2015/09/16 15:05:00",WOOLNTH1,36.700016,"2015/09/16 15:00:14"
D,METER_DATA,GEN_DUID,1,"2015/09/16 15:05:00",WPWF,0,"2015/09/16 15:00:14"
D,METER_DATA,GEN_DUID,1,"2015/09/16 15:05:00",YAMBUKWF,0.30,"2015/09/16 15:00:14"
D,METER_DATA,GEN_DUID,1,"2015/09/16 15:10:00",ANGAS1,0,"2015/09/16 15:05:16"
D,METER_DATA,GEN_DUID,1,"2015/09/16 15:10:00",ANGAS2,0,"2015/09/16 15:05:16"
D,METER_DATA,GEN_DUID,1,"2015/09/16 15:10:00",BUTLERSG,-0.000002,"2015/09/16 15:05:16"
D,METER_DATA,GEN_DUID,1,"2015/09/16 15:10:00",CALL_A_4,0,"2015/09/16 15:05:16"
D,METER_DATA,GEN_DUID,1,"2015/09/16 15:10:00",CAPTL_WF,47.059998,"2015/09/16 15:05:16"
D,METER_DATA,GEN_DUID,1,"2015/09/16 15:10:00",CATHROCK,12.549999,"2015/09/16 15:05:16"
D,METER_DATA,GEN_DUID,1,"2015/09/16 15:10:00",CHALLHWF,0.70,"2015/09/16 15:05:16"
D,METER_DATA,GEN_DUID,1,"2015/09/16 15:10:00",CLOVER,-0.02,"2015/09/16 15:05:16"
D,METER_DATA,GEN_DUID,1,"2015/09/16 15:10:00",CLUNY,3.915460,"2015/09/16 15:05:16"
D,METER_DATA,GEN_DUID,1,"2015/09/16 15:10:00",CNUNDAWF,3.504088,"2015/09/16 15:05:16"
D,METER_DATA,GEN_DUID,1,"2015/09/16 15:10:00",CULLRGWF,11.28,"2015/09/16 15:05:16"
D,METER_DATA,GEN_DUID,1,"2015/09/16 15:10:00",ERGT01,0,"2015/09/16 15:05:16"
D,METER_DATA,GEN_DUID,1,"2015/09/16 15:10:00",GB01,0.208096,"2015/09/16 15:05:16"
D,METER_DATA,GEN_DUID,1,"2015/09/16 15:10:00",GERMCRK,29.90,"2015/09/16 15:05:16"
D,METER_DATA,GEN_DUID,1,"2015/09/16 15:10:00",INVICTA,11.6750,"2015/09/16 15:05:16"
D,METER_DATA,GEN_DUID,1,"2015/09/16 15:10:00",LKBONNY1,5.537180,"2015/09/16 15:05:16"
D,METER_DATA,GEN_DUID,1,"2015/09/16 15:10:00",MBAHNTH,51.487503,"2015/09/16 15:05:16"
D,METER_DATA,GEN_DUID,1,"2015/09/16 15:10:00",MLWF1,2.19,"2015/09/16 15:05:16"
D,METER_DATA,GEN_DUID,1,"2015/09/16 15:10:00",MTMILLAR,27.331938,"2015/09/16 15:05:16"
D,METER_DATA,GEN_DUID,1,"2015/09/16 15:10:00",PALOONA,19.879999,"2015/09/16 15:05:16"
D,METER_DATA,GEN_DUID,1,"2015/09/16 15:10:00",PIONEER,43.400002,"2015/09/16 15:05:16"
D,METER_DATA,GEN_DUID,1,"2015/09/16 15:10:00",PORTWF,4.70,"2015/09/16 15:05:16"
D,METER_DATA,GEN_DUID,1,"2015/09/16 15:10:00",REPULSE,0,"2015/09/16 15:05:16"
D,METER_DATA,GEN_DUID,1,"2015/09/16 15:10:00",ROWALLAN,9.4927,"2015/09/16 15:05:16"
D,METER_DATA,GEN_DUID,1,"2015/09/16 15:10:00",RPCG,12.819722,"2015/09/16 15:05:16"
D,METER_DATA,GEN_DUID,1,"2015/09/16 15:10:00",RUBICON,0,"2015/09/16 15:05:16"
D,METER_DATA,GEN_DUID,1,"2015/09/16 15:10:00",STARHLWF,7.597785,"2015/09/16 15:05:16"
D,METER_DATA,GEN_DUID,1,"2015/09/16 15:10:00",WAUBRAWF,0,"2015/09/16 15:05:16"
D,METER_DATA,GEN_DUID,1,"2015/09/16 15:10:00",WOOLNTH1,31.400017,"2015/09/16 15:05:16"
D,METER_DATA,GEN_DUID,1,"2015/09/16 15:10:00",WPWF,0,"2015/09/16 15:05:16"
D,METER_DATA,GEN_DUID,1,"2015/09/16 15:10:00",YAMBUKWF,0.40,"2015/09/16 15:05:16"
D,METER_DATA,GEN_DUID,1,"2015/09/16 15:15:00",ANGAS1,0,"2015/09/16 15:10:15"
D,METER_DATA,GEN_DUID,1,"2015/09/16 15:15:00",ANGAS2,0,"2015/09/16 15:10:15"
D,METER_DATA,GEN_DUID,1,"2015/09/16 15:15:00",BUTLERSG,-0.000002,"2015/09/16 15:10:15"
D,METER_DATA,GEN_DUID,1,"2015/09/16 15:15:00",CALL_A_4,0,"2015/09/16 15:10:15"
D,METER_DATA,GEN_DUID,1,"2015/09/16 15:15:00",CAPTL_WF,39.839996,"2015/09/16 15:10:15"
D,METER_DATA,GEN_DUID,1,"2015/09/16 15:15:00",CATHROCK,11.049999,"2015/09/16 15:10:15"
D,METER_DATA,GEN_DUID,1,"2015/09/16 15:15:00",CHALLHWF,0,"2015/09/16 15:10:15"
D,METER_DATA,GEN_DUID,1,"2015/09/16 15:15:00",CLOVER,-0.01,"2015/09/16 15:10:15"
D,METER_DATA,GEN_DUID,1,"2015/09/16 15:15:00",CLUNY,3.915460,"2015/09/16 15:10:15"
D,METER_DATA,GEN_DUID,1,"2015/09/16 15:15:00",CNUNDAWF,2.603037,"2015/09/16 15:10:15"
D,METER_DATA,GEN_DUID,1,"2015/09/16 15:15:00",CULLRGWF,10.09,"2015/09/16 15:10:15"
D,METER_DATA,GEN_DUID,1,"2015/09/16 15:15:00",ERGT01,0,"2015/09/16 15:10:15"
D,METER_DATA,GEN_DUID,1,"2015/09/16 15:15:00",GB01,0.208096,"2015/09/16 15:10:15"
D,METER_DATA,GEN_DUID,1,"2015/09/16 15:15:00",GERMCRK,28.799999,"2015/09/16 15:10:15"
D,METER_DATA,GEN_DUID,1,"2015/09/16 15:15:00",INVICTA,11.6750,"2015/09/16 15:10:15"
D,METER_DATA,GEN_DUID,1,"2015/09/16 15:15:00",LKBONNY1,5.090634,"2015/09/16 15:10:15"
D,METER_DATA,GEN_DUID,1,"2015/09/16 15:15:00",MBAHNTH,51.487503,"2015/09/16 15:10:15"
D,METER_DATA,GEN_DUID,1,"2015/09/16 15:15:00",MLWF1,2.07,"2015/09/16 15:10:15"
D,METER_DATA,GEN_DUID,1,"2015/09/16 15:15:00",MTMILLAR,22.435555,"2015/09/16 15:10:15"
D,METER_DATA,GEN_DUID,1,"2015/09/16 15:15:00",PALOONA,19.879999,"2015/09/16 15:10:15"
D,METER_DATA,GEN_DUID,1,"2015/09/16 15:15:00",PIONEER,44,"2015/09/16 15:10:15"
D,METER_DATA,GEN_DUID,1,"2015/09/16 15:15:00",PORTWF,5.30,"2015/09/16 15:10:15"
D,METER_DATA,GEN_DUID,1,"2015/09/16 15:15:00",REPULSE,0,"2015/09/16 15:10:15"
D,METER_DATA,GEN_DUID,1,"2015/09/16 15:15:00",ROWALLAN,9.4288,"2015/09/16 15:10:15"
D,METER_DATA,GEN_DUID,1,"2015/09/16 15:15:00",RPCG,12.752867,"2015/09/16 15:10:15"
D,METER_DATA,GEN_DUID,1,"2015/09/16 15:15:00",RUBICON,0,"2015/09/16 15:10:15"
D,METER_DATA,GEN_DUID,1,"2015/09/16 15:15:00",STARHLWF,9.197318,"2015/09/16 15:10:15"
D,METER_DATA,GEN_DUID,1,"2015/09/16 15:15:00",WAUBRAWF,0,"2015/09/16 15:10:15"
D,METER_DATA,GEN_DUID,1,"2015/09/16 15:15:00",WOOLNTH1,28.430016,"2015/09/16 15:10:15"
D,METER_DATA,GEN_DUID,1,"2015/09/16 15:15:00",WPWF,0,"2015/09/16 15:10:15"
D,METER_DATA,GEN_DUID,1,"2015/09/16 15:15:00",YAMBUKWF,0.40,"2015/09/16 15:10:15"
D,METER_DATA,GEN_DUID,1,"2015/09/16 15:20:00",ANGAS1,0,"2015/09/16 15:15:16"
D,METER_DATA,GEN_DUID,1,"2015/09/16 15:20:00",ANGAS2,0,"2015/09/16 15:15:16"
D,METER_DATA,GEN_DUID,1,"2015/09/16 15:20:00",BUTLERSG,-0.000002,"2015/09/16 15:15:16"
D,METER_DATA,GEN_DUID,1,"2015/09/16 15:20:00",CALL_A_4,0,"2015/09/16 15:15:16"
D,METER_DATA,GEN_DUID,1,"2015/09/16 15:20:00",CAPTL_WF,52.50,"2015/09/16 15:15:16"
D,METER_DATA,GEN_DUID,1,"2015/09/16 15:20:00",CATHROCK,9.129999,"2015/09/16 15:15:16"
D,METER_DATA,GEN_DUID,1,"2015/09/16 15:20:00",CHALLHWF,1.10,"2015/09/16 15:15:16"
D,METER_DATA,GEN_DUID,1,"2015/09/16 15:20:00",CLOVER,-0.02,"2015/09/16 15:15:16"
D,METER_DATA,GEN_DUID,1,"2015/09/16 15:20:00",CLUNY,3.829720,"2015/09/16 15:15:16"
D,METER_DATA,GEN_DUID,1,"2015/09/16 15:20:00",CNUNDAWF,2.903387,"2015/09/16 15:15:16"
D,METER_DATA,GEN_DUID,1,"2015/09/16 15:20:00",CULLRGWF,14.12,"2015/09/16 15:15:16"
D,METER_DATA,GEN_DUID,1,"2015/09/16 15:20:00",ERGT01,0,"2015/09/16 15:15:16"
D,METER_DATA,GEN_DUID,1,"2015/09/16 15:20:00",GB01,0.208096,"2015/09/16 15:15:16"
D,METER_DATA,GEN_DUID,1,"2015/09/16 15:20:00",GERMCRK,29.50,"2015/09/16 15:15:16"
D,METER_DATA,GEN_DUID,1,"2015/09/16 15:20:00",INVICTA,11.6750,"2015/09/16 15:15:16"
D,METER_DATA,GEN_DUID,1,"2015/09/16 15:20:00",LKBONNY1,4.733396,"2015/09/16 15:15:16"
D,METER_DATA,GEN_DUID,1,"2015/09/16 15:20:00",MBAHNTH,51.487503,"2015/09/16 15:15:16"
D,METER_DATA,GEN_DUID,1,"2015/09/16 15:20:00",MLWF1,1.9650,"2015/09/16 15:15:16"
D,METER_DATA,GEN_DUID,1,"2015/09/16 15:20:00",MTMILLAR,23.871727,"2015/09/16 15:15:16"
D,METER_DATA,GEN_DUID,1,"2015/09/16 15:20:00",PALOONA,19.77,"2015/09/16 15:15:16"
D,METER_DATA,GEN_DUID,1,"2015/09/16 15:20:00",PIONEER,42.700001,"2015/09/16 15:15:16"
D,METER_DATA,GEN_DUID,1,"2015/09/16 15:20:00",PORTWF,6,"2015/09/16 15:15:16"
D,METER_DATA,GEN_DUID,1,"2015/09/16 15:20:00",REPULSE,0,"2015/09/16 15:15:16"
D,METER_DATA,GEN_DUID,1,"2015/09/16 15:20:00",ROWALLAN,9.3578,"2015/09/16 15:15:16"
D,METER_DATA,GEN_DUID,1,"2015/09/16 15:20:00",RPCG,9.795127,"2015/09/16 15:15:16"
D,METER_DATA,GEN_DUID,1,"2015/09/16 15:20:00",RUBICON,0,"2015/09/16 15:15:16"
D,METER_DATA,GEN_DUID,1,"2015/09/16 15:20:00",STARHLWF,8.997376,"2015/09/16 15:15:16"
D,METER_DATA,GEN_DUID,1,"2015/09/16 15:20:00",WAUBRAWF,0,"2015/09/16 15:15:16"
D,METER_DATA,GEN_DUID,1,"2015/09/16 15:20:00",WOOLNTH1,27.910015,"2015/09/16 15:15:16"
D,METER_DATA,GEN_DUID,1,"2015/09/16 15:20:00",WPWF,0,"2015/09/16 15:15:16"
D,METER_DATA,GEN_DUID,1,"2015/09/16 15:20:00",YAMBUKWF,0.20,"2015/09/16 15:15:16"
D,METER_DATA,GEN_DUID,1,"2015/09/16 15:25:00",ANGAS1,0,"2015/09/16 15:20:11"
D,METER_DATA,GEN_DUID,1,"2015/09/16 15:25:00",ANGAS2,0,"2015/09/16 15:20:11"
D,METER_DATA,GEN_DUID,1,"2015/09/16 15:25:00",BUTLERSG,-0.000002,"2015/09/16 15:20:11"
D,METER_DATA,GEN_DUID,1,"2015/09/16 15:25:00",CALL_A_4,0,"2015/09/16 15:20:11"
D,METER_DATA,GEN_DUID,1,"2015/09/16 15:25:00",CAPTL_WF,42.531998,"2015/09/16 15:20:11"
D,METER_DATA,GEN_DUID,1,"2015/09/16 15:25:00",CATHROCK,8.24,"2015/09/16 15:20:11"
D,METER_DATA,GEN_DUID,1,"2015/09/16 15:25:00",CHALLHWF,1.40,"2015/09/16 15:20:11"
D,METER_DATA,GEN_DUID,1,"2015/09/16 15:25:00",CLOVER,-0.02,"2015/09/16 15:20:11"
D,METER_DATA,GEN_DUID,1,"2015/09/16 15:25:00",CLUNY,3.701110,"2015/09/16 15:20:11"
D,METER_DATA,GEN_DUID,1,"2015/09/16 15:25:00",CNUNDAWF,4.104788,"2015/09/16 15:20:11"
D,METER_DATA,GEN_DUID,1,"2015/09/16 15:25:00",CULLRGWF,10.76,"2015/09/16 15:20:11"
D,METER_DATA,GEN_DUID,1,"2015/09/16 15:25:00",ERGT01,0,"2015/09/16 15:20:11"
D,METER_DATA,GEN_DUID,1,"2015/09/16 15:25:00",GB01,0.208096,"2015/09/16 15:20:11"
D,METER_DATA,GEN_DUID,1,"2015/09/16 15:25:00",GERMCRK,27.40,"2015/09/16 15:20:11"
D,METER_DATA,GEN_DUID,1,"2015/09/16 15:25:00",INVICTA,11.6750,"2015/09/16 15:20:11"
D,METER_DATA,GEN_DUID,1,"2015/09/16 15:25:00",LKBONNY1,6.162346,"2015/09/16 15:20:11"
D,METER_DATA,GEN_DUID,1,"2015/09/16 15:25:00",MBAHNTH,51.487503,"2015/09/16 15:20:11"
D,METER_DATA,GEN_DUID,1,"2015/09/16 15:25:00",MLWF1,2.82,"2015/09/16 15:20:11"
D,METER_DATA,GEN_DUID,1,"2015/09/16 15:25:00",MTMILLAR,19.957598,"2015/09/16 15:20:11"
D,METER_DATA,GEN_DUID,1,"2015/09/16 15:25:00",PALOONA,19.789999,"2015/09/16 15:20:11"
D,METER_DATA,GEN_DUID,1,"2015/09/16 15:25:00",PIONEER,41.700001,"2015/09/16 15:20:11"
D,METER_DATA,GEN_DUID,1,"2015/09/16 15:25:00",PORTWF,6.10,"2015/09/16 15:20:11"
D,METER_DATA,GEN_DUID,1,"2015/09/16 15:25:00",REPULSE,0,"2015/09/16 15:20:11"
D,METER_DATA,GEN_DUID,1,"2015/09/16 15:25:00",ROWALLAN,9.3507,"2015/09/16 15:20:11"
D,METER_DATA,GEN_DUID,1,"2015/09/16 15:25:00",RPCG,7.011540,"2015/09/16 15:20:11"
D,METER_DATA,GEN_DUID,1,"2015/09/16 15:25:00",RUBICON,0,"2015/09/16 15:20:11"
D,METER_DATA,GEN_DUID,1,"2015/09/16 15:25:00",STARHLWF,7.997668,"2015/09/16 15:20:11"
D,METER_DATA,GEN_DUID,1,"2015/09/16 15:25:00",WAUBRAWF,0,"2015/09/16 15:20:11"
D,METER_DATA,GEN_DUID,1,"2015/09/16 15:25:00",WOOLNTH1,26.590015,"2015/09/16 15:20:11"
D,METER_DATA,GEN_DUID,1,"2015/09/16 15:25:00",WPWF,1,"2015/09/16 15:20:11"
D,METER_DATA,GEN_DUID,1,"2015/09/16 15:25:00",YAMBUKWF,0.20,"2015/09/16 15:20:11"
D,METER_DATA,GEN_DUID,1,"2015/09/16 15:30:00",ANGAS1,0,"2015/09/16 15:25:07"
D,METER_DATA,GEN_DUID,1,"2015/09/16 15:30:00",ANGAS2,0,"2015/09/16 15:25:07"
D,METER_DATA,GEN_DUID,1,"2015/09/16 15:30:00",BUTLERSG,-0.000002,"2015/09/16 15:25:07"
D,METER_DATA,GEN_DUID,1,"2015/09/16 15:30:00",CALL_A_4,0,"2015/09/16 15:25:07"
D,METER_DATA,GEN_DUID,1,"2015/09/16 15:30:00",CAPTL_WF,48.360001,"2015/09/16 15:25:07"
D,METER_DATA,GEN_DUID,1,"2015/09/16 15:30:00",CATHROCK,6.71,"2015/09/16 15:25:07"
D,METER_DATA,GEN_DUID,1,"2015/09/16 15:30:00",CHALLHWF,0.70,"2015/09/16 15:25:07"
D,METER_DATA,GEN_DUID,1,"2015/09/16 15:30:00",CLOVER,-0.01,"2015/09/16 15:25:07"
D,METER_DATA,GEN_DUID,1,"2015/09/16 15:30:00",CLUNY,3.8583,"2015/09/16 15:25:07"
D,METER_DATA,GEN_DUID,1,"2015/09/16 15:30:00",CNUNDAWF,4.505256,"2015/09/16 15:25:07"
D,METER_DATA,GEN_DUID,1,"2015/09/16 15:30:00",CULLRGWF,9.82,"2015/09/16 15:25:07"
D,METER_DATA,GEN_DUID,1,"2015/09/16 15:30:00",ERGT01,0,"2015/09/16 15:25:07"
D,METER_DATA,GEN_DUID,1,"2015/09/16 15:30:00",GB01,0.208096,"2015/09/16 15:25:07"
D,METER_DATA,GEN_DUID,1,"2015/09/16 15:30:00",GERMCRK,27.60,"2015/09/16 15:25:07"
D,METER_DATA,GEN_DUID,1,"2015/09/16 15:30:00",INVICTA,11.6750,"2015/09/16 15:25:07"
D,METER_DATA,GEN_DUID,1,"2015/09/16 15:30:00",LKBONNY1,6.787512,"2015/09/16 15:25:07"
D,METER_DATA,GEN_DUID,1,"2015/09/16 15:30:00",MBAHNTH,51.487503,"2015/09/16 15:25:07"
D,METER_DATA,GEN_DUID,1,"2015/09/16 15:30:00",MLWF1,2.2950,"2015/09/16 15:25:07"
D,METER_DATA,GEN_DUID,1,"2015/09/16 15:30:00",MTMILLAR,18.476776,"2015/09/16 15:25:07"
D,METER_DATA,GEN_DUID,1,"2015/09/16 15:30:00",PALOONA,19.92,"2015/09/16 15:25:07"
D,METER_DATA,GEN_DUID,1,"2015/09/16 15:30:00",PIONEER,44.700001,"2015/09/16 15:25:07"
D,METER_DATA,GEN_DUID,1,"2015/09/16 15:30:00",PORTWF,5.10,"2015/09/16 15:25:07"
D,METER_DATA,GEN_DUID,1,"2015/09/16 15:30:00",REPULSE,0,"2015/09/16 15:25:07"
D,METER_DATA,GEN_DUID,1,"2015/09/16 15:30:00",ROWALLAN,9.4785,"2015/09/16 15:25:07"
D,METER_DATA,GEN_DUID,1,"2015/09/16 15:30:00",RPCG,6.660216,"2015/09/16 15:25:07"
D,METER_DATA,GEN_DUID,1,"2015/09/16 15:30:00",RUBICON,0,"2015/09/16 15:25:07"
D,METER_DATA,GEN_DUID,1,"2015/09/16 15:30:00",STARHLWF,6.798018,"2015/09/16 15:25:07"
D,METER_DATA,GEN_DUID,1,"2015/09/16 15:30:00",WAUBRAWF,0,"2015/09/16 15:25:07"
D,METER_DATA,GEN_DUID,1,"2015/09/16 15:30:00",WOOLNTH1,26.250015,"2015/09/16 15:25:07"
D,METER_DATA,GEN_DUID,1,"2015/09/16 15:30:00",WPWF,1,"2015/09/16 15:25:07"
D,METER_DATA,GEN_DUID,1,"2015/09/16 15:30:00",YAMBUKWF,0.40,"2015/09/16 15:25:07"
D,METER_DATA,GEN_DUID,1,"2015/09/16 15:35:00",ANGAS1,0,"2015/09/16 15:30:11"
D,METER_DATA,GEN_DUID,1,"2015/09/16 15:35:00",ANGAS2,0,"2015/09/16 15:30:11"
D,METER_DATA,GEN_DUID,1,"2015/09/16 15:35:00",BUTLERSG,-0.000002,"2015/09/16 15:30:11"
D,METER_DATA,GEN_DUID,1,"2015/09/16 15:35:00",CALL_A_4,0,"2015/09/16 15:30:11"
D,METER_DATA,GEN_DUID,1,"2015/09/16 15:35:00",CAPTL_WF,52.360001,"2015/09/16 15:30:11"
D,METER_DATA,GEN_DUID,1,"2015/09/16 15:35:00",CATHROCK,7.039999,"2015/09/16 15:30:11"
D,METER_DATA,GEN_DUID,1,"2015/09/16 15:35:00",CHALLHWF,0.30,"2015/09/16 15:30:11"
D,METER_DATA,GEN_DUID,1,"2015/09/16 15:35:00",CLOVER,3.86,"2015/09/16 15:30:11"
D,METER_DATA,GEN_DUID,1,"2015/09/16 15:35:00",CLUNY,3.615370,"2015/09/16 15:30:11"
D,METER_DATA,GEN_DUID,1,"2015/09/16 15:35:00",CNUNDAWF,4.905723,"2015/09/16 15:30:11"
D,METER_DATA,GEN_DUID,1,"2015/09/16 15:35:00",CULLRGWF,13.19,"2015/09/16 15:30:11"
D,METER_DATA,GEN_DUID,1,"2015/09/16 15:35:00",ERGT01,0,"2015/09/16 15:30:11"
D,METER_DATA,GEN_DUID,1,"2015/09/16 15:35:00",GB01,0.208096,"2015/09/16 15:30:11"
D,METER_DATA,GEN_DUID,1,"2015/09/16 15:35:00",GERMCRK,28.10,"2015/09/16 15:30:11"
D,METER_DATA,GEN_DUID,1,"2015/09/16 15:35:00",INVICTA,11.6750,"2015/09/16 15:30:11"
D,METER_DATA,GEN_DUID,1,"2015/09/16 15:35:00",LKBONNY1,8.484389,"2015/09/16 15:30:11"
D,METER_DATA,GEN_DUID,1,"2015/09/16 15:35:00",MBAHNTH,51.487503,"2015/09/16 15:30:11"
D,METER_DATA,GEN_DUID,1,"2015/09/16 15:35:00",MLWF1,2.0850,"2015/09/16 15:30:11"
D,METER_DATA,GEN_DUID,1,"2015/09/16 15:35:00",MTMILLAR,15.038891,"2015/09/16 15:30:11"
D,METER_DATA,GEN_DUID,1,"2015/09/16 15:35:00",PALOONA,19.92,"2015/09/16 15:30:11"
D,METER_DATA,GEN_DUID,1,"2015/09/16 15:35:00",PIONEER,45.100002,"2015/09/16 15:30:11"
D,METER_DATA,GEN_DUID,1,"2015/09/16 15:35:00",PORTWF,4.40,"2015/09/16 15:30:11"
D,METER_DATA,GEN_DUID,1,"2015/09/16 15:35:00",REPULSE,0,"2015/09/16 15:30:11"
D,METER_DATA,GEN_DUID,1,"2015/09/16 15:35:00",ROWALLAN,9.4146,"2015/09/16 15:30:11"
D,METER_DATA,GEN_DUID,1,"2015/09/16 15:35:00",RPCG,3.785416,"2015/09/16 15:30:11"
D,METER_DATA,GEN_DUID,1,"2015/09/16 15:35:00",RUBICON,0,"2015/09/16 15:30:11"
D,METER_DATA,GEN_DUID,1,"2015/09/16 15:35:00",STARHLWF,6.598076,"2015/09/16 15:30:11"
D,METER_DATA,GEN_DUID,1,"2015/09/16 15:35:00",WAUBRAWF,0.53,"2015/09/16 15:30:11"
D,METER_DATA,GEN_DUID,1,"2015/09/16 15:35:00",WOOLNTH1,24.790016,"2015/09/16 15:30:11"
D,METER_DATA,GEN_DUID,1,"2015/09/16 15:35:00",WPWF,1,"2015/09/16 15:30:11"
D,METER_DATA,GEN_DUID,1,"2015/09/16 15:35:00",YAMBUKWF,0.90,"2015/09/16 15:30:11"
D,METER_DATA,GEN_DUID,1,"2015/09/16 15:40:00",ANGAS1,0,"2015/09/16 15:35:11"
D,METER_DATA,GEN_DUID,1,"2015/09/16 15:40:00",ANGAS2,0,"2015/09/16 15:35:11"
D,METER_DATA,GEN_DUID,1,"2015/09/16 15:40:00",BUTLERSG,-0.000002,"2015/09/16 15:35:11"
D,METER_DATA,GEN_DUID,1,"2015/09/16 15:40:00",CALL_A_4,0,"2015/09/16 15:35:11"
D,METER_DATA,GEN_DUID,1,"2015/09/16 15:40:00",CAPTL_WF,49.020004,"2015/09/16 15:35:11"
D,METER_DATA,GEN_DUID,1,"2015/09/16 15:40:00",CATHROCK,8.429999,"2015/09/16 15:35:11"
D,METER_DATA,GEN_DUID,1,"2015/09/16 15:40:00",CHALLHWF,0.20,"2015/09/16 15:35:11"
D,METER_DATA,GEN_DUID,1,"2015/09/16 15:40:00",CLOVER,12.87,"2015/09/16 15:35:11"
D,METER_DATA,GEN_DUID,1,"2015/09/16 15:40:00",CLUNY,3.672530,"2015/09/16 15:35:11"
D,METER_DATA,GEN_DUID,1,"2015/09/16 15:40:00",CNUNDAWF,5.206073,"2015/09/16 15:35:11"
D,METER_DATA,GEN_DUID,1,"2015/09/16 15:40:00",CULLRGWF,11.01,"2015/09/16 15:35:11"
D,METER_DATA,GEN_DUID,1,"2015/09/16 15:40:00",ERGT01,0,"2015/09/16 15:35:11"
D,METER_DATA,GEN_DUID,1,"2015/09/16 15:40:00",GB01,0.208096,"2015/09/16 15:35:11"
D,METER_DATA,GEN_DUID,1,"2015/09/16 15:40:00",GERMCRK,27.799999,"2015/09/16 15:35:11"
D,METER_DATA,GEN_DUID,1,"2015/09/16 15:40:00",INVICTA,11.6750,"2015/09/16 15:35:11"
D,METER_DATA,GEN_DUID,1,"2015/09/16 15:40:00",LKBONNY1,7.769915,"2015/09/16 15:35:11"
D,METER_DATA,GEN_DUID,1,"2015/09/16 15:40:00",MBAHNTH,51.487503,"2015/09/16 15:35:11"
D,METER_DATA,GEN_DUID,1,"2015/09/16 15:40:00",MLWF1,1.8750,"2015/09/16 15:35:11"
D,METER_DATA,GEN_DUID,1,"2015/09/16 15:40:00",MTMILLAR,18.625603,"2015/09/16 15:35:11"
D,METER_DATA,GEN_DUID,1,"2015/09/16 15:40:00",PALOONA,19.92,"2015/09/16 15:35:11"
D,METER_DATA,GEN_DUID,1,"2015/09/16 15:40:00",PIONEER,47.200001,"2015/09/16 15:35:11"
D,METER_DATA,GEN_DUID,1,"2015/09/16 15:40:00",PORTWF,3.80,"2015/09/16 15:35:11"
D,METER_DATA,GEN_DUID,1,"2015/09/16 15:40:00",REPULSE,0,"2015/09/16 15:35:11"
D,METER_DATA,GEN_DUID,1,"2015/09/16 15:40:00",ROWALLAN,9.4714,"2015/09/16 15:35:11"
D,METER_DATA,GEN_DUID,1,"2015/09/16 15:40:00",RPCG,7.019393,"2015/09/16 15:35:11"
D,METER_DATA,GEN_DUID,1,"2015/09/16 15:40:00",RUBICON,0,"2015/09/16 15:35:11"
D,METER_DATA,GEN_DUID,1,"2015/09/16 15:40:00",STARHLWF,5.998251,"2015/09/16 15:35:11"
D,METER_DATA,GEN_DUID,1,"2015/09/16 15:40:00",WAUBRAWF,4.23,"2015/09/16 15:35:11"
D,METER_DATA,GEN_DUID,1,"2015/09/16 15:40:00",WOOLNTH1,27.520016,"2015/09/16 15:35:11"
D,METER_DATA,GEN_DUID,1,"2015/09/16 15:40:00",WPWF,0,"2015/09/16 15:35:11"
D,METER_DATA,GEN_DUID,1,"2015/09/16 15:40:00",YAMBUKWF,1.10,"2015/09/16 15:35:11"
D,METER_DATA,GEN_DUID,1,"2015/09/16 15:45:00",ANGAS1,0,"2015/09/16 15:40:09"
D,METER_DATA,GEN_DUID,1,"2015/09/16 15:45:00",ANGAS2,0,"2015/09/16 15:40:09"
D,METER_DATA,GEN_DUID,1,"2015/09/16 15:45:00",BUTLERSG,-0.000002,"2015/09/16 15:40:09"
D,METER_DATA,GEN_DUID,1,"2015/09/16 15:45:00",CALL_A_4,0,"2015/09/16 15:40:09"
D,METER_DATA,GEN_DUID,1,"2015/09/16 15:45:00",CAPTL_WF,52.688004,"2015/09/16 15:40:09"
D,METER_DATA,GEN_DUID,1,"2015/09/16 15:45:00",CATHROCK,10.079999,"2015/09/16 15:40:09"
D,METER_DATA,GEN_DUID,1,"2015/09/16 15:45:00",CHALLHWF,0.30,"2015/09/16 15:40:09"
D,METER_DATA,GEN_DUID,1,"2015/09/16 15:45:00",CLOVER,12.429999,"2015/09/16 15:40:09"
D,METER_DATA,GEN_DUID,1,"2015/09/16 15:45:00",CLUNY,3.758270,"2015/09/16 15:40:09"
D,METER_DATA,GEN_DUID,1,"2015/09/16 15:45:00",CNUNDAWF,4.905723,"2015/09/16 15:40:09"
D,METER_DATA,GEN_DUID,1,"2015/09/16 15:45:00",CULLRGWF,12.34,"2015/09/16 15:40:09"
D,METER_DATA,GEN_DUID,1,"2015/09/16 15:45:00",ERGT01,0,"2015/09/16 15:40:09"
D,METER_DATA,GEN_DUID,1,"2015/09/16 15:45:00",GB01,0.208096,"2015/09/16 15:40:09"
D,METER_DATA,GEN_DUID,1,"2015/09/16 15:45:00",GERMCRK,30.40,"2015/09/16 15:40:09"
D,METER_DATA,GEN_DUID,1,"2015/09/16 15:45:00",INVICTA,11.6750,"2015/09/16 15:40:09"
D,METER_DATA,GEN_DUID,1,"2015/09/16 15:45:00",LKBONNY1,8.037843,"2015/09/16 15:40:09"
D,METER_DATA,GEN_DUID,1,"2015/09/16 15:45:00",MBAHNTH,51.487503,"2015/09/16 15:40:09"
D,METER_DATA,GEN_DUID,1,"2015/09/16 15:45:00",MLWF1,1.50,"2015/09/16 15:40:09"
D,METER_DATA,GEN_DUID,1,"2015/09/16 15:45:00",MTMILLAR,21.334240,"2015/09/16 15:40:09"
D,METER_DATA,GEN_DUID,1,"2015/09/16 15:45:00",PALOONA,19.92,"2015/09/16 15:40:09"
D,METER_DATA,GEN_DUID,1,"2015/09/16 15:45:00",PIONEER,45.900002,"2015/09/16 15:40:09"
D,METER_DATA,GEN_DUID,1,"2015/09/16 15:45:00",PORTWF,4.40,"2015/09/16 15:40:09"
D,METER_DATA,GEN_DUID,1,"2015/09/16 15:45:00",REPULSE,0,"2015/09/16 15:40:09"
D,METER_DATA,GEN_DUID,1,"2015/09/16 15:45:00",ROWALLAN,9.2939,"2015/09/16 15:40:09"
D,METER_DATA,GEN_DUID,1,"2015/09/16 15:45:00",RPCG,4.241324,"2015/09/16 15:40:09"
D,METER_DATA,GEN_DUID,1,"2015/09/16 15:45:00",RUBICON,0,"2015/09/16 15:40:09"
D,METER_DATA,GEN_DUID,1,"2015/09/16 15:45:00",STARHLWF,6.398134,"2015/09/16 15:40:09"
D,METER_DATA,GEN_DUID,1,"2015/09/16 15:45:00",WAUBRAWF,13.3030,"2015/09/16 15:40:09"
D,METER_DATA,GEN_DUID,1,"2015/09/16 15:45:00",WOOLNTH1,28.160017,"2015/09/16 15:40:09"
D,METER_DATA,GEN_DUID,1,"2015/09/16 15:45:00",WPWF,0,"2015/09/16 15:40:09"
D,METER_DATA,GEN_DUID,1,"2015/09/16 15:45:00",YAMBUKWF,1.30,"2015/09/16 15:40:09"
D,METER_DATA,GEN_DUID,1,"2015/09/16 15:50:00",ANGAS1,0,"2015/09/16 15:45:11"
D,METER_DATA,GEN_DUID,1,"2015/09/16 15:50:00",ANGAS2,0,"2015/09/16 15:45:11"
D,METER_DATA,GEN_DUID,1,"2015/09/16 15:50:00",BUTLERSG,-0.000002,"2015/09/16 15:45:11"
D,METER_DATA,GEN_DUID,1,"2015/09/16 15:50:00",CALL_A_4,0,"2015/09/16 15:45:11"
D,METER_DATA,GEN_DUID,1,"2015/09/16 15:50:00",CAPTL_WF,49.091995,"2015/09/16 15:45:11"
D,METER_DATA,GEN_DUID,1,"2015/09/16 15:50:00",CATHROCK,9.879999,"2015/09/16 15:45:11"
D,METER_DATA,GEN_DUID,1,"2015/09/16 15:50:00",CHALLHWF,0.10,"2015/09/16 15:45:11"
D,METER_DATA,GEN_DUID,1,"2015/09/16 15:50:00",CLOVER,10.059999,"2015/09/16 15:45:11"
D,METER_DATA,GEN_DUID,1,"2015/09/16 15:50:00",CLUNY,3.586790,"2015/09/16 15:45:11"
D,METER_DATA,GEN_DUID,1,"2015/09/16 15:50:00",CNUNDAWF,5.206073,"2015/09/16 15:45:11"
D,METER_DATA,GEN_DUID,1,"2015/09/16 15:50:00",CULLRGWF,8.90,"2015/09/16 15:45:11"
D,METER_DATA,GEN_DUID,1,"2015/09/16 15:50:00",ERGT01,0,"2015/09/16 15:45:11"
D,METER_DATA,GEN_DUID,1,"2015/09/16 15:50:00",GB01,0.208096,"2015/09/16 15:45:11"
D,METER_DATA,GEN_DUID,1,"2015/09/16 15:50:00",GERMCRK,30.799999,"2015/09/16 15:45:11"
D,METER_DATA,GEN_DUID,1,"2015/09/16 15:50:00",INVICTA,11.6750,"2015/09/16 15:45:11"
D,METER_DATA,GEN_DUID,1,"2015/09/16 15:50:00",LKBONNY1,6.876821,"2015/09/16 15:45:11"
D,METER_DATA,GEN_DUID,1,"2015/09/16 15:50:00",MBAHNTH,51.487503,"2015/09/16 15:45:11"
D,METER_DATA,GEN_DUID,1,"2015/09/16 15:50:00",MLWF1,1.4850,"2015/09/16 15:45:11"
D,METER_DATA,GEN_DUID,1,"2015/09/16 15:50:00",MTMILLAR,22.472761,"2015/09/16 15:45:11"
D,METER_DATA,GEN_DUID,1,"2015/09/16 15:50:00",PALOONA,20.029999,"2015/09/16 15:45:11"
D,METER_DATA,GEN_DUID,1,"2015/09/16 15:50:00",PIONEER,45.400002,"2015/09/16 15:45:11"
D,METER_DATA,GEN_DUID,1,"2015/09/16 15:50:00",PORTWF,4.40,"2015/09/16 15:45:11"
D,METER_DATA,GEN_DUID,1,"2015/09/16 15:50:00",REPULSE,0,"2015/09/16 15:45:11"
D,METER_DATA,GEN_DUID,1,"2015/09/16 15:50:00",ROWALLAN,9.4075,"2015/09/16 15:45:11"
D,METER_DATA,GEN_DUID,1,"2015/09/16 15:50:00",RPCG,4.144259,"2015/09/16 15:45:11"
D,METER_DATA,GEN_DUID,1,"2015/09/16 15:50:00",RUBICON,0,"2015/09/16 15:45:11"
D,METER_DATA,GEN_DUID,1,"2015/09/16 15:50:00",STARHLWF,5.598368,"2015/09/16 15:45:11"
D,METER_DATA,GEN_DUID,1,"2015/09/16 15:50:00",WAUBRAWF,29.3290,"2015/09/16 15:45:11"
D,METER_DATA,GEN_DUID,1,"2015/09/16 15:50:00",WOOLNTH1,36.470016,"2015/09/16 15:45:11"
D,METER_DATA,GEN_DUID,1,"2015/09/16 15:50:00",WPWF,0,"2015/09/16 15:45:11"
D,METER_DATA,GEN_DUID,1,"2015/09/16 15:50:00",YAMBUKWF,0.80,"2015/09/16 15:45:11"
D,METER_DATA,GEN_DUID,1,"2015/09/16 15:55:00",ANGAS1,0,"2015/09/16 15:50:12"
D,METER_DATA,GEN_DUID,1,"2015/09/16 15:55:00",ANGAS2,0,"2015/09/16 15:50:12"
D,METER_DATA,GEN_DUID,1,"2015/09/16 15:55:00",BUTLERSG,-0.000002,"2015/09/16 15:50:12"
D,METER_DATA,GEN_DUID,1,"2015/09/16 15:55:00",CALL_A_4,0,"2015/09/16 15:50:12"
D,METER_DATA,GEN_DUID,1,"2015/09/16 15:55:00",CAPTL_WF,51.711998,"2015/09/16 15:50:12"
D,METER_DATA,GEN_DUID,1,"2015/09/16 15:55:00",CATHROCK,11.539999,"2015/09/16 15:50:12"
D,METER_DATA,GEN_DUID,1,"2015/09/16 15:55:00",CHALLHWF,0,"2015/09/16 15:50:12"
D,METER_DATA,GEN_DUID,1,"2015/09/16 15:55:00",CLOVER,10.19,"2015/09/16 15:50:12"
D,METER_DATA,GEN_DUID,1,"2015/09/16 15:55:00",CLUNY,4.201260,"2015/09/16 15:50:12"
D,METER_DATA,GEN_DUID,1,"2015/09/16 15:55:00",CNUNDAWF,6.107124,"2015/09/16 15:50:12"
D,METER_DATA,GEN_DUID,1,"2015/09/16 15:55:00",CULLRGWF,10.36,"2015/09/16 15:50:12"
D,METER_DATA,GEN_DUID,1,"2015/09/16 15:55:00",ERGT01,0,"2015/09/16 15:50:12"
D,METER_DATA,GEN_DUID,1,"2015/09/16 15:55:00",GB01,0.208096,"2015/09/16 15:50:12"
D,METER_DATA,GEN_DUID,1,"2015/09/16 15:55:00",GERMCRK,31.40,"2015/09/16 15:50:12"
D,METER_DATA,GEN_DUID,1,"2015/09/16 15:55:00",INVICTA,11.6750,"2015/09/16 15:50:12"
D,METER_DATA,GEN_DUID,1,"2015/09/16 15:55:00",LKBONNY1,7.501987,"2015/09/16 15:50:12"
D,METER_DATA,GEN_DUID,1,"2015/09/16 15:55:00",MBAHNTH,50.343754,"2015/09/16 15:50:12"
D,METER_DATA,GEN_DUID,1,"2015/09/16 15:55:00",MLWF1,1.08,"2015/09/16 15:50:12"
D,METER_DATA,GEN_DUID,1,"2015/09/16 15:55:00",MTMILLAR,20.307339,"2015/09/16 15:50:12"
D,METER_DATA,GEN_DUID,1,"2015/09/16 15:55:00",PALOONA,19.85,"2015/09/16 15:50:12"
D,METER_DATA,GEN_DUID,1,"2015/09/16 15:55:00",PIONEER,47.50,"2015/09/16 15:50:12"
D,METER_DATA,GEN_DUID,1,"2015/09/16 15:55:00",PORTWF,5.40,"2015/09/16 15:50:12"
D,METER_DATA,GEN_DUID,1,"2015/09/16 15:55:00",REPULSE,0,"2015/09/16 15:50:12"
D,METER_DATA,GEN_DUID,1,"2015/09/16 15:55:00",ROWALLAN,9.4501,"2015/09/16 15:50:12"
D,METER_DATA,GEN_DUID,1,"2015/09/16 15:55:00",RPCG,4.228238,"2015/09/16 15:50:12"
D,METER_DATA,GEN_DUID,1,"2015/09/16 15:55:00",RUBICON,0,"2015/09/16 15:50:12"
D,METER_DATA,GEN_DUID,1,"2015/09/16 15:55:00",STARHLWF,5.698339,"2015/09/16 15:50:12"
D,METER_DATA,GEN_DUID,1,"2015/09/16 15:55:00",WAUBRAWF,34.3480,"2015/09/16 15:50:12"
D,METER_DATA,GEN_DUID,1,"2015/09/16 15:55:00",WOOLNTH1,35.360016,"2015/09/16 15:50:12"
D,METER_DATA,GEN_DUID,1,"2015/09/16 15:55:00",WPWF,0,"2015/09/16 15:50:12"
D,METER_DATA,GEN_DUID,1,"2015/09/16 15:55:00",YAMBUKWF,0.40,"2015/09/16 15:50:12"
D,METER_DATA,GEN_DUID,1,"2015/09/16 16:00:00",ANGAS1,0,"2015/09/16 15:55:10"
D,METER_DATA,GEN_DUID,1,"2015/09/16 16:00:00",ANGAS2,0,"2015/09/16 15:55:10"
D,METER_DATA,GEN_DUID,1,"2015/09/16 16:00:00",BUTLERSG,-0.000002,"2015/09/16 15:55:10"
D,METER_DATA,GEN_DUID,1,"2015/09/16 16:00:00",CALL_A_4,0,"2015/09/16 15:55:10"
D,METER_DATA,GEN_DUID,1,"2015/09/16 16:00:00",CAPTL_WF,50.919998,"2015/09/16 15:55:10"
D,METER_DATA,GEN_DUID,1,"2015/09/16 16:00:00",CATHROCK,12.03,"2015/09/16 15:55:10"
D,METER_DATA,GEN_DUID,1,"2015/09/16 16:00:00",CHALLHWF,0,"2015/09/16 15:55:10"
D,METER_DATA,GEN_DUID,1,"2015/09/16 16:00:00",CLOVER,10.12,"2015/09/16 15:55:10"
D,METER_DATA,GEN_DUID,1,"2015/09/16 16:00:00",CLUNY,4.229840,"2015/09/16 15:55:10"
D,METER_DATA,GEN_DUID,1,"2015/09/16 16:00:00",CNUNDAWF,5.506423,"2015/09/16 15:55:10"
D,METER_DATA,GEN_DUID,1,"2015/09/16 16:00:00",CULLRGWF,11.31,"2015/09/16 15:55:10"
D,METER_DATA,GEN_DUID,1,"2015/09/16 16:00:00",ERGT01,0,"2015/09/16 15:55:10"
D,METER_DATA,GEN_DUID,1,"2015/09/16 16:00:00",GB01,0.208096,"2015/09/16 15:55:10"
D,METER_DATA,GEN_DUID,1,"2015/09/16 16:00:00",GERMCRK,30.200001,"2015/09/16 15:55:10"
D,METER_DATA,GEN_DUID,1,"2015/09/16 16:00:00",INVICTA,11.6750,"2015/09/16 15:55:10"
D,METER_DATA,GEN_DUID,1,"2015/09/16 16:00:00",LKBONNY1,8.305771,"2015/09/16 15:55:10"
D,METER_DATA,GEN_DUID,1,"2015/09/16 16:00:00",MBAHNTH,50.343754,"2015/09/16 15:55:10"
D,METER_DATA,GEN_DUID,1,"2015/09/16 16:00:00",MLWF1,0.66,"2015/09/16 15:55:10"
D,METER_DATA,GEN_DUID,1,"2015/09/16 16:00:00",MTMILLAR,14.026872,"2015/09/16 15:55:10"
D,METER_DATA,GEN_DUID,1,"2015/09/16 16:00:00",PALOONA,19.85,"2015/09/16 15:55:10"
D,METER_DATA,GEN_DUID,1,"2015/09/16 16:00:00",PIONEER,47.200001,"2015/09/16 15:55:10"
D,METER_DATA,GEN_DUID,1,"2015/09/16 16:00:00",PORTWF,4.40,"2015/09/16 15:55:10"
D,METER_DATA,GEN_DUID,1,"2015/09/16 16:00:00",REPULSE,0,"2015/09/16 15:55:10"
D,METER_DATA,GEN_DUID,1,"2015/09/16 16:00:00",ROWALLAN,9.4288,"2015/09/16 15:55:10"
D,METER_DATA,GEN_DUID,1,"2015/09/16 16:00:00",RPCG,4.354571,"2015/09/16 15:55:10"
D,METER_DATA,GEN_DUID,1,"2015/09/16 16:00:00",RUBICON,0,"2015/09/16 15:55:10"
D,METER_DATA,GEN_DUID,1,"2015/09/16 16:00:00",STARHLWF,4.598659,"2015/09/16 15:55:10"
D,METER_DATA,GEN_DUID,1,"2015/09/16 16:00:00",WAUBRAWF,31.436001,"2015/09/16 15:55:10"
D,METER_DATA,GEN_DUID,1,"2015/09/16 16:00:00",WOOLNTH1,36.090015,"2015/09/16 15:55:10"
D,METER_DATA,GEN_DUID,1,"2015/09/16 16:00:00",WPWF,0,"2015/09/16 15:55:10"
D,METER_DATA,GEN_DUID,1,"2015/09/16 16:00:00",YAMBUKWF,1,"2015/09/16 15:55:10"
D,METER_DATA,GEN_DUID,1,"2015/09/16 16:05:00",ANGAS1,0,"2015/09/16 16:00:13"
D,METER_DATA,GEN_DUID,1,"2015/09/16 16:05:00",ANGAS2,0,"2015/09/16 16:00:13"
D,METER_DATA,GEN_DUID,1,"2015/09/16 16:05:00",BUTLERSG,-0.000002,"2015/09/16 16:00:13"
D,METER_DATA,GEN_DUID,1,"2015/09/16 16:05:00",CALL_A_4,0,"2015/09/16 16:00:13"
D,METER_DATA,GEN_DUID,1,"2015/09/16 16:05:00",CAPTL_WF,46.924004,"2015/09/16 16:00:13"
D,METER_DATA,GEN_DUID,1,"2015/09/16 16:05:00",CATHROCK,13.089999,"2015/09/16 16:00:13"
D,METER_DATA,GEN_DUID,1,"2015/09/16 16:05:00",CHALLHWF,0,"2015/09/16 16:00:13"
D,METER_DATA,GEN_DUID,1,"2015/09/16 16:05:00",CLOVER,9.67,"2015/09/16 16:00:13"
D,METER_DATA,GEN_DUID,1,"2015/09/16 16:05:00",CLUNY,3.972620,"2015/09/16 16:00:13"
D,METER_DATA,GEN_DUID,1,"2015/09/16 16:05:00",CNUNDAWF,4.305022,"2015/09/16 16:00:13"
D,METER_DATA,GEN_DUID,1,"2015/09/16 16:05:00",CULLRGWF,12.07,"2015/09/16 16:00:13"
D,METER_DATA,GEN_DUID,1,"2015/09/16 16:05:00",ERGT01,0,"2015/09/16 16:00:13"
D,METER_DATA,GEN_DUID,1,"2015/09/16 16:05:00",GB01,0.208096,"2015/09/16 16:00:13"
D,METER_DATA,GEN_DUID,1,"2015/09/16 16:05:00",GERMCRK,31.700001,"2015/09/16 16:00:13"
D,METER_DATA,GEN_DUID,1,"2015/09/16 16:05:00",INVICTA,11.6750,"2015/09/16 16:00:13"
D,METER_DATA,GEN_DUID,1,"2015/09/16 16:05:00",LKBONNY1,7.948534,"2015/09/16 16:00:13"
D,METER_DATA,GEN_DUID,1,"2015/09/16 16:05:00",MBAHNTH,50.343754,"2015/09/16 16:00:13"
D,METER_DATA,GEN_DUID,1,"2015/09/16 16:05:00",MLWF1,0.5550,"2015/09/16 16:00:13"
D,METER_DATA,GEN_DUID,1,"2015/09/16 16:05:00",MTMILLAR,18.298185,"2015/09/16 16:00:13"
D,METER_DATA,GEN_DUID,1,"2015/09/16 16:05:00",PALOONA,19.93,"2015/09/16 16:00:13"
D,METER_DATA,GEN_DUID,1,"2015/09/16 16:05:00",PIONEER,45.200001,"2015/09/16 16:00:13"
D,METER_DATA,GEN_DUID,1,"2015/09/16 16:05:00",PORTWF,3.80,"2015/09/16 16:00:13"
D,METER_DATA,GEN_DUID,1,"2015/09/16 16:05:00",REPULSE,0,"2015/09/16 16:00:13"
D,METER_DATA,GEN_DUID,1,"2015/09/16 16:05:00",ROWALLAN,9.3578,"2015/09/16 16:00:13"
D,METER_DATA,GEN_DUID,1,"2015/09/16 16:05:00",RPCG,0.133481,"2015/09/16 16:00:13"
D,METER_DATA,GEN_DUID,1,"2015/09/16 16:05:00",RUBICON,0,"2015/09/16 16:00:13"
D,METER_DATA,GEN_DUID,1,"2015/09/16 16:05:00",STARHLWF,7.097930,"2015/09/16 16:00:13"
D,METER_DATA,GEN_DUID,1,"2015/09/16 16:05:00",WAUBRAWF,26.0560,"2015/09/16 16:00:13"
D,METER_DATA,GEN_DUID,1,"2015/09/16 16:05:00",WOOLNTH1,42.230019,"2015/09/16 16:00:13"
D,METER_DATA,GEN_DUID,1,"2015/09/16 16:05:00",WPWF,0,"2015/09/16 16:00:13"
D,METER_DATA,GEN_DUID,1,"2015/09/16 16:05:00",YAMBUKWF,0.70,"2015/09/16 16:00:13"
D,METER_DATA,GEN_DUID,1,"2015/09/16 16:10:00",ANGAS1,0,"2015/09/16 16:05:06"
D,METER_DATA,GEN_DUID,1,"2015/09/16 16:10:00",ANGAS2,0,"2015/09/16 16:05:06"
D,METER_DATA,GEN_DUID,1,"2015/09/16 16:10:00",BUTLERSG,-0.000002,"2015/09/16 16:05:06"
D,METER_DATA,GEN_DUID,1,"2015/09/16 16:10:00",CALL_A_4,0,"2015/09/16 16:05:06"
D,METER_DATA,GEN_DUID,1,"2015/09/16 16:10:00",CAPTL_WF,41.6120,"2015/09/16 16:05:06"
D,METER_DATA,GEN_DUID,1,"2015/09/16 16:10:00",CATHROCK,15.409999,"2015/09/16 16:05:06"
D,METER_DATA,GEN_DUID,1,"2015/09/16 16:10:00",CHALLHWF,0,"2015/09/16 16:05:06"
D,METER_DATA,GEN_DUID,1,"2015/09/16 16:10:00",CLOVER,10.03,"2015/09/16 16:05:06"
D,METER_DATA,GEN_DUID,1,"2015/09/16 16:10:00",CLUNY,3.829720,"2015/09/16 16:05:06"
D,METER_DATA,GEN_DUID,1,"2015/09/16 16:10:00",CNUNDAWF,3.904555,"2015/09/16 16:05:06"
D,METER_DATA,GEN_DUID,1,"2015/09/16 16:10:00",CULLRGWF,9.66,"2015/09/16 16:05:06"
D,METER_DATA,GEN_DUID,1,"2015/09/16 16:10:00",ERGT01,0,"2015/09/16 16:05:06"
D,METER_DATA,GEN_DUID,1,"2015/09/16 16:10:00",GB01,0.208096,"2015/09/16 16:05:06"
D,METER_DATA,GEN_DUID,1,"2015/09/16 16:10:00",GERMCRK,30.50,"2015/09/16 16:05:06"
D,METER_DATA,GEN_DUID,1,"2015/09/16 16:10:00",INVICTA,11.6750,"2015/09/16 16:05:06"
D,METER_DATA,GEN_DUID,1,"2015/09/16 16:10:00",LKBONNY1,7.055439,"2015/09/16 16:05:06"
D,METER_DATA,GEN_DUID,1,"2015/09/16 16:10:00",MBAHNTH,50.343754,"2015/09/16 16:05:06"
D,METER_DATA,GEN_DUID,1,"2015/09/16 16:10:00",MLWF1,0.66,"2015/09/16 16:05:06"
D,METER_DATA,GEN_DUID,1,"2015/09/16 16:10:00",MTMILLAR,16.318796,"2015/09/16 16:05:06"
D,METER_DATA,GEN_DUID,1,"2015/09/16 16:10:00",PALOONA,19.93,"2015/09/16 16:05:06"
D,METER_DATA,GEN_DUID,1,"2015/09/16 16:10:00",PIONEER,44.299999,"2015/09/16 16:05:06"
D,METER_DATA,GEN_DUID,1,"2015/09/16 16:10:00",PORTWF,4.30,"2015/09/16 16:05:06"
D,METER_DATA,GEN_DUID,1,"2015/09/16 16:10:00",REPULSE,0,"2015/09/16 16:05:06"
D,METER_DATA,GEN_DUID,1,"2015/09/16 16:10:00",ROWALLAN,9.5069,"2015/09/16 16:05:06"
D,METER_DATA,GEN_DUID,1,"2015/09/16 16:10:00",RPCG,4.574268,"2015/09/16 16:05:06"
D,METER_DATA,GEN_DUID,1,"2015/09/16 16:10:00",RUBICON,0,"2015/09/16 16:05:06"
D,METER_DATA,GEN_DUID,1,"2015/09/16 16:10:00",STARHLWF,8.197610,"2015/09/16 16:05:06"
D,METER_DATA,GEN_DUID,1,"2015/09/16 16:10:00",WAUBRAWF,17.90,"2015/09/16 16:05:06"
D,METER_DATA,GEN_DUID,1,"2015/09/16 16:10:00",WOOLNTH1,53.420017,"2015/09/16 16:05:06"
D,METER_DATA,GEN_DUID,1,"2015/09/16 16:10:00",WPWF,0,"2015/09/16 16:05:06"
D,METER_DATA,GEN_DUID,1,"2015/09/16 16:10:00",YAMBUKWF,0.70,"2015/09/16 16:05:06"
D,METER_DATA,GEN_DUID,1,"2015/09/16 16:15:00",ANGAS1,0,"2015/09/16 16:10:11"
D,METER_DATA,GEN_DUID,1,"2015/09/16 16:15:00",ANGAS2,0,"2015/09/16 16:10:11"
D,METER_DATA,GEN_DUID,1,"2015/09/16 16:15:00",BUTLERSG,-0.000002,"2015/09/16 16:10:11"
D,METER_DATA,GEN_DUID,1,"2015/09/16 16:15:00",CALL_A_4,0,"2015/09/16 16:10:11"
D,METER_DATA,GEN_DUID,1,"2015/09/16 16:15:00",CAPTL_WF,39.720001,"2015/09/16 16:10:11"
D,METER_DATA,GEN_DUID,1,"2015/09/16 16:15:00",CATHROCK,14.77,"2015/09/16 16:10:11"
D,METER_DATA,GEN_DUID,1,"2015/09/16 16:15:00",CHALLHWF,0,"2015/09/16 16:10:11"
D,METER_DATA,GEN_DUID,1,"2015/09/16 16:15:00",CLOVER,12.07,"2015/09/16 16:10:11"
D,METER_DATA,GEN_DUID,1,"2015/09/16 16:15:00",CLUNY,4.0012,"2015/09/16 16:10:11"
D,METER_DATA,GEN_DUID,1,"2015/09/16 16:15:00",CNUNDAWF,3.103621,"2015/09/16 16:10:11"
D,METER_DATA,GEN_DUID,1,"2015/09/16 16:15:00",CULLRGWF,10.60,"2015/09/16 16:10:11"
D,METER_DATA,GEN_DUID,1,"2015/09/16 16:15:00",ERGT01,0,"2015/09/16 16:10:11"
D,METER_DATA,GEN_DUID,1,"2015/09/16 16:15:00",GB01,0.208096,"2015/09/16 16:10:11"
D,METER_DATA,GEN_DUID,1,"2015/09/16 16:15:00",GERMCRK,31.10,"2015/09/16 16:10:11"
D,METER_DATA,GEN_DUID,1,"2015/09/16 16:15:00",INVICTA,11.6750,"2015/09/16 16:10:11"
D,METER_DATA,GEN_DUID,1,"2015/09/16 16:15:00",LKBONNY1,6.519584,"2015/09/16 16:10:11"
D,METER_DATA,GEN_DUID,1,"2015/09/16 16:15:00",MBAHNTH,49.275002,"2015/09/16 16:10:11"
D,METER_DATA,GEN_DUID,1,"2015/09/16 16:15:00",MLWF1,0.75,"2015/09/16 16:10:11"
D,METER_DATA,GEN_DUID,1,"2015/09/16 16:15:00",MTMILLAR,18.752106,"2015/09/16 16:10:11"
D,METER_DATA,GEN_DUID,1,"2015/09/16 16:15:00",PALOONA,19.93,"2015/09/16 16:10:11"
D,METER_DATA,GEN_DUID,1,"2015/09/16 16:15:00",PIONEER,44.200001,"2015/09/16 16:10:11"
D,METER_DATA,GEN_DUID,1,"2015/09/16 16:15:00",PORTWF,4.70,"2015/09/16 16:10:11"
D,METER_DATA,GEN_DUID,1,"2015/09/16 16:15:00",REPULSE,0,"2015/09/16 16:10:11"
D,METER_DATA,GEN_DUID,1,"2015/09/16 16:15:00",ROWALLAN,9.4785,"2015/09/16 16:10:11"
D,METER_DATA,GEN_DUID,1,"2015/09/16 16:15:00",RPCG,0.284491,"2015/09/16 16:10:11"
D,METER_DATA,GEN_DUID,1,"2015/09/16 16:15:00",RUBICON,0,"2015/09/16 16:10:11"
D,METER_DATA,GEN_DUID,1,"2015/09/16 16:15:00",STARHLWF,8.597493,"2015/09/16 16:10:11"
D,METER_DATA,GEN_DUID,1,"2015/09/16 16:15:00",WAUBRAWF,14.6980,"2015/09/16 16:10:11"
D,METER_DATA,GEN_DUID,1,"2015/09/16 16:15:00",WOOLNTH1,53.790016,"2015/09/16 16:10:11"
D,METER_DATA,GEN_DUID,1,"2015/09/16 16:15:00",WPWF,0,"2015/09/16 16:10:11"
D,METER_DATA,GEN_DUID,1,"2015/09/16 16:15:00",YAMBUKWF,0.40,"2015/09/16 16:10:11"
D,METER_DATA,GEN_DUID,1,"2015/09/16 16:20:00",ANGAS1,0,"2015/09/16 16:15:11"
D,METER_DATA,GEN_DUID,1,"2015/09/16 16:20:00",ANGAS2,0,"2015/09/16 16:15:11"
D,METER_DATA,GEN_DUID,1,"2015/09/16 16:20:00",BUTLERSG,-0.000002,"2015/09/16 16:15:11"
D,METER_DATA,GEN_DUID,1,"2015/09/16 16:20:00",CALL_A_4,0,"2015/09/16 16:15:11"
D,METER_DATA,GEN_DUID,1,"2015/09/16 16:20:00",CAPTL_WF,42.011993,"2015/09/16 16:15:11"
D,METER_DATA,GEN_DUID,1,"2015/09/16 16:20:00",CATHROCK,15.249999,"2015/09/16 16:15:11"
D,METER_DATA,GEN_DUID,1,"2015/09/16 16:20:00",CHALLHWF,1.80,"2015/09/16 16:15:11"
D,METER_DATA,GEN_DUID,1,"2015/09/16 16:20:00",CLOVER,12.15,"2015/09/16 16:15:11"
D,METER_DATA,GEN_DUID,1,"2015/09/16 16:20:00",CLUNY,4.015490,"2015/09/16 16:15:11"
D,METER_DATA,GEN_DUID,1,"2015/09/16 16:20:00",CNUNDAWF,2.803270,"2015/09/16 16:15:11"
D,METER_DATA,GEN_DUID,1,"2015/09/16 16:20:00",CULLRGWF,13.30,"2015/09/16 16:15:11"
D,METER_DATA,GEN_DUID,1,"2015/09/16 16:20:00",ERGT01,0,"2015/09/16 16:15:11"
D,METER_DATA,GEN_DUID,1,"2015/09/16 16:20:00",GB01,0.208096,"2015/09/16 16:15:11"
D,METER_DATA,GEN_DUID,1,"2015/09/16 16:20:00",GERMCRK,31.200001,"2015/09/16 16:15:11"
D,METER_DATA,GEN_DUID,1,"2015/09/16 16:20:00",INVICTA,11.6750,"2015/09/16 16:15:11"
D,METER_DATA,GEN_DUID,1,"2015/09/16 16:20:00",LKBONNY1,4.644087,"2015/09/16 16:15:11"
D,METER_DATA,GEN_DUID,1,"2015/09/16 16:20:00",MBAHNTH,49.275002,"2015/09/16 16:15:11"
D,METER_DATA,GEN_DUID,1,"2015/09/16 16:20:00",MLWF1,1.08,"2015/09/16 16:15:11"
D,METER_DATA,GEN_DUID,1,"2015/09/16 16:20:00",MTMILLAR,15.031449,"2015/09/16 16:15:11"
D,METER_DATA,GEN_DUID,1,"2015/09/16 16:20:00",PALOONA,19.93,"2015/09/16 16:15:11"
D,METER_DATA,GEN_DUID,1,"2015/09/16 16:20:00",PIONEER,46.600002,"2015/09/16 16:15:11"
D,METER_DATA,GEN_DUID,1,"2015/09/16 16:20:00",PORTWF,5.10,"2015/09/16 16:15:11"
D,METER_DATA,GEN_DUID,1,"2015/09/16 16:20:00",REPULSE,4.115880,"2015/09/16 16:15:11"
D,METER_DATA,GEN_DUID,1,"2015/09/16 16:20:00",ROWALLAN,9.3791,"2015/09/16 16:15:11"
D,METER_DATA,GEN_DUID,1,"2015/09/16 16:20:00",RPCG,4.371661,"2015/09/16 16:15:11"
D,METER_DATA,GEN_DUID,1,"2015/09/16 16:20:00",RUBICON,0,"2015/09/16 16:15:11"
D,METER_DATA,GEN_DUID,1,"2015/09/16 16:20:00",STARHLWF,7.797726,"2015/09/16 16:15:11"
D,METER_DATA,GEN_DUID,1,"2015/09/16 16:20:00",WAUBRAWF,13.6030,"2015/09/16 16:15:11"
D,METER_DATA,GEN_DUID,1,"2015/09/16 16:20:00",WOOLNTH1,44.210014,"2015/09/16 16:15:11"
D,METER_DATA,GEN_DUID,1,"2015/09/16 16:20:00",WPWF,0,"2015/09/16 16:15:11"
D,METER_DATA,GEN_DUID,1,"2015/09/16 16:20:00",YAMBUKWF,0.50,"2015/09/16 16:15:11"
D,METER_DATA,GEN_DUID,1,"2015/09/16 16:25:00",ANGAS1,0,"2015/09/16 16:20:13"
D,METER_DATA,GEN_DUID,1,"2015/09/16 16:25:00",ANGAS2,0,"2015/09/16 16:20:13"
D,METER_DATA,GEN_DUID,1,"2015/09/16 16:25:00",BUTLERSG,-0.000002,"2015/09/16 16:20:13"
D,METER_DATA,GEN_DUID,1,"2015/09/16 16:25:00",CALL_A_4,0,"2015/09/16 16:20:13"
D,METER_DATA,GEN_DUID,1,"2015/09/16 16:25:00",CAPTL_WF,35.447998,"2015/09/16 16:20:13"
D,METER_DATA,GEN_DUID,1,"2015/09/16 16:25:00",CATHROCK,16.219999,"2015/09/16 16:20:13"
D,METER_DATA,GEN_DUID,1,"2015/09/16 16:25:00",CHALLHWF,6.80,"2015/09/16 16:20:13"
D,METER_DATA,GEN_DUID,1,"2015/09/16 16:25:00",CLOVER,11.52,"2015/09/16 16:20:13"
D,METER_DATA,GEN_DUID,1,"2015/09/16 16:25:00",CLUNY,4.058360,"2015/09/16 16:20:13"
D,METER_DATA,GEN_DUID,1,"2015/09/16 16:25:00",CNUNDAWF,2.502920,"2015/09/16 16:20:13"
D,METER_DATA,GEN_DUID,1,"2015/09/16 16:25:00",CULLRGWF,10.90,"2015/09/16 16:20:13"
D,METER_DATA,GEN_DUID,1,"2015/09/16 16:25:00",ERGT01,0,"2015/09/16 16:20:13"
D,METER_DATA,GEN_DUID,1,"2015/09/16 16:25:00",GB01,0.208096,"2015/09/16 16:20:13"
D,METER_DATA,GEN_DUID,1,"2015/09/16 16:25:00",GERMCRK,32.099998,"2015/09/16 16:20:13"
D,METER_DATA,GEN_DUID,1,"2015/09/16 16:25:00",INVICTA,11.6750,"2015/09/16 16:20:13"
D,METER_DATA,GEN_DUID,1,"2015/09/16 16:25:00",LKBONNY1,4.197540,"2015/09/16 16:20:13"
D,METER_DATA,GEN_DUID,1,"2015/09/16 16:25:00",MBAHNTH,49.275002,"2015/09/16 16:20:13"
D,METER_DATA,GEN_DUID,1,"2015/09/16 16:25:00",MLWF1,1.6050,"2015/09/16 16:20:13"
D,METER_DATA,GEN_DUID,1,"2015/09/16 16:25:00",MTMILLAR,11.243821,"2015/09/16 16:20:13"
D,METER_DATA,GEN_DUID,1,"2015/09/16 16:25:00",PALOONA,19.93,"2015/09/16 16:20:13"
D,METER_DATA,GEN_DUID,1,"2015/09/16 16:25:00",PIONEER,42.299999,"2015/09/16 16:20:13"
D,METER_DATA,GEN_DUID,1,"2015/09/16 16:25:00",PORTWF,5.50,"2015/09/16 16:20:13"
D,METER_DATA,GEN_DUID,1,"2015/09/16 16:25:00",REPULSE,3.963440,"2015/09/16 16:20:13"
D,METER_DATA,GEN_DUID,1,"2015/09/16 16:25:00",ROWALLAN,9.3862,"2015/09/16 16:20:13"
D,METER_DATA,GEN_DUID,1,"2015/09/16 16:25:00",RPCG,4.162307,"2015/09/16 16:20:13"
D,METER_DATA,GEN_DUID,1,"2015/09/16 16:25:00",RUBICON,0,"2015/09/16 16:20:13"
D,METER_DATA,GEN_DUID,1,"2015/09/16 16:25:00",STARHLWF,7.997668,"2015/09/16 16:20:13"
D,METER_DATA,GEN_DUID,1,"2015/09/16 16:25:00",WAUBRAWF,14.9410,"2015/09/16 16:20:13"
D,METER_DATA,GEN_DUID,1,"2015/09/16 16:25:00",WOOLNTH1,37.740013,"2015/09/16 16:20:13"
D,METER_DATA,GEN_DUID,1,"2015/09/16 16:25:00",WPWF,0,"2015/09/16 16:20:13"
D,METER_DATA,GEN_DUID,1,"2015/09/16 16:25:00",YAMBUKWF,0.40,"2015/09/16 16:20:13"
D,METER_DATA,GEN_DUID,1,"2015/09/16 16:30:00",ANGAS1,0,"2015/09/16 16:25:10"
D,METER_DATA,GEN_DUID,1,"2015/09/16 16:30:00",ANGAS2,0,"2015/09/16 16:25:10"
D,METER_DATA,GEN_DUID,1,"2015/09/16 16:30:00",BUTLERSG,-0.000002,"2015/09/16 16:25:10"
D,METER_DATA,GEN_DUID,1,"2015/09/16 16:30:00",CALL_A_4,0,"2015/09/16 16:25:10"
D,METER_DATA,GEN_DUID,1,"2015/09/16 16:30:00",CAPTL_WF,36.632004,"2015/09/16 16:25:10"
D,METER_DATA,GEN_DUID,1,"2015/09/16 16:30:00",CATHROCK,15.749999,"2015/09/16 16:25:10"
D,METER_DATA,GEN_DUID,1,"2015/09/16 16:30:00",CHALLHWF,8.40,"2015/09/16 16:25:10"
D,METER_DATA,GEN_DUID,1,"2015/09/16 16:30:00",CLOVER,11.349999,"2015/09/16 16:25:10"
D,METER_DATA,GEN_DUID,1,"2015/09/16 16:30:00",CLUNY,3.886880,"2015/09/16 16:25:10"
D,METER_DATA,GEN_DUID,1,"2015/09/16 16:30:00",CNUNDAWF,2.502920,"2015/09/16 16:25:10"
D,METER_DATA,GEN_DUID,1,"2015/09/16 16:30:00",CULLRGWF,11.21,"2015/09/16 16:25:10"
D,METER_DATA,GEN_DUID,1,"2015/09/16 16:30:00",ERGT01,0,"2015/09/16 16:25:10"
D,METER_DATA,GEN_DUID,1,"2015/09/16 16:30:00",GB01,0.208096,"2015/09/16 16:25:10"
D,METER_DATA,GEN_DUID,1,"2015/09/16 16:30:00",GERMCRK,26.799999,"2015/09/16 16:25:10"
D,METER_DATA,GEN_DUID,1,"2015/09/16 16:30:00",INVICTA,11.6750,"2015/09/16 16:25:10"
D,METER_DATA,GEN_DUID,1,"2015/09/16 16:30:00",LKBONNY1,4.376159,"2015/09/16 16:25:10"
D,METER_DATA,GEN_DUID,1,"2015/09/16 16:30:00",MBAHNTH,49.275002,"2015/09/16 16:25:10"
D,METER_DATA,GEN_DUID,1,"2015/09/16 16:30:00",MLWF1,1.1850,"2015/09/16 16:25:10"
D,METER_DATA,GEN_DUID,1,"2015/09/16 16:30:00",MTMILLAR,7.612462,"2015/09/16 16:25:10"
D,METER_DATA,GEN_DUID,1,"2015/09/16 16:30:00",PALOONA,19.93,"2015/09/16 16:25:10"
D,METER_DATA,GEN_DUID,1,"2015/09/16 16:30:00",PIONEER,42.600002,"2015/09/16 16:25:10"
D,METER_DATA,GEN_DUID,1,"2015/09/16 16:30:00",PORTWF,5.80,"2015/09/16 16:25:10"
D,METER_DATA,GEN_DUID,1,"2015/09/16 16:30:00",REPULSE,4.5732,"2015/09/16 16:25:10"
D,METER_DATA,GEN_DUID,1,"2015/09/16 16:30:00",ROWALLAN,9.4856,"2015/09/16 16:25:10"
D,METER_DATA,GEN_DUID,1,"2015/09/16 16:30:00",RPCG,4.240321,"2015/09/16 16:25:10"
D,METER_DATA,GEN_DUID,1,"2015/09/16 16:30:00",RUBICON,0,"2015/09/16 16:25:10"
D,METER_DATA,GEN_DUID,1,"2015/09/16 16:30:00",STARHLWF,9.097347,"2015/09/16 16:25:10"
D,METER_DATA,GEN_DUID,1,"2015/09/16 16:30:00",WAUBRAWF,15.6250,"2015/09/16 16:25:10"
D,METER_DATA,GEN_DUID,1,"2015/09/16 16:30:00",WOOLNTH1,29.810015,"2015/09/16 16:25:10"
D,METER_DATA,GEN_DUID,1,"2015/09/16 16:30:00",WPWF,1,"2015/09/16 16:25:10"
D,METER_DATA,GEN_DUID,1,"2015/09/16 16:30:00",YAMBUKWF,0.70,"2015/09/16 16:25:10"
D,METER_DATA,GEN_DUID,1,"2015/09/16 16:35:00",ANGAS1,0,"2015/09/16 16:30:11"
D,METER_DATA,GEN_DUID,1,"2015/09/16 16:35:00",ANGAS2,0,"2015/09/16 16:30:11"
D,METER_DATA,GEN_DUID,1,"2015/09/16 16:35:00",BUTLERSG,-0.000002,"2015/09/16 16:30:11"
D,METER_DATA,GEN_DUID,1,"2015/09/16 16:35:00",CALL_A_4,0,"2015/09/16 16:30:11"
D,METER_DATA,GEN_DUID,1,"2015/09/16 16:35:00",CAPTL_WF,34.739998,"2015/09/16 16:30:11"
D,METER_DATA,GEN_DUID,1,"2015/09/16 16:35:00",CATHROCK,20.559999,"2015/09/16 16:30:11"
D,METER_DATA,GEN_DUID,1,"2015/09/16 16:35:00",CHALLHWF,9.299999,"2015/09/16 16:30:11"
D,METER_DATA,GEN_DUID,1,"2015/09/16 16:35:00",CLOVER,11.389999,"2015/09/16 16:30:11"
D,METER_DATA,GEN_DUID,1,"2015/09/16 16:35:00",CLUNY,3.886880,"2015/09/16 16:30:11"
D,METER_DATA,GEN_DUID,1,"2015/09/16 16:35:00",CNUNDAWF,1.902219,"2015/09/16 16:30:11"
D,METER_DATA,GEN_DUID,1,"2015/09/16 16:35:00",CULLRGWF,11.82,"2015/09/16 16:30:11"
D,METER_DATA,GEN_DUID,1,"2015/09/16 16:35:00",ERGT01,0,"2015/09/16 16:30:11"
D,METER_DATA,GEN_DUID,1,"2015/09/16 16:35:00",GB01,0.208096,"2015/09/16 16:30:11"
D,METER_DATA,GEN_DUID,1,"2015/09/16 16:35:00",GERMCRK,28,"2015/09/16 16:30:11"
D,METER_DATA,GEN_DUID,1,"2015/09/16 16:35:00",INVICTA,11.6750,"2015/09/16 16:30:11"
D,METER_DATA,GEN_DUID,1,"2015/09/16 16:35:00",LKBONNY1,4.733396,"2015/09/16 16:30:11"
D,METER_DATA,GEN_DUID,1,"2015/09/16 16:35:00",MBAHNTH,49.275002,"2015/09/16 16:30:11"
D,METER_DATA,GEN_DUID,1,"2015/09/16 16:35:00",MLWF1,0.78,"2015/09/16 16:30:11"
D,METER_DATA,GEN_DUID,1,"2015/09/16 16:35:00",MTMILLAR,5.722369,"2015/09/16 16:30:11"
D,METER_DATA,GEN_DUID,1,"2015/09/16 16:35:00",PALOONA,19.93,"2015/09/16 16:30:11"
D,METER_DATA,GEN_DUID,1,"2015/09/16 16:35:00",PIONEER,42.799999,"2015/09/16 16:30:11"
D,METER_DATA,GEN_DUID,1,"2015/09/16 16:35:00",PORTWF,5.80,"2015/09/16 16:30:11"
D,METER_DATA,GEN_DUID,1,"2015/09/16 16:35:00",REPULSE,6.631140,"2015/09/16 16:30:11"
D,METER_DATA,GEN_DUID,1,"2015/09/16 16:35:00",ROWALLAN,9.4146,"2015/09/16 16:30:11"
D,METER_DATA,GEN_DUID,1,"2015/09/16 16:35:00",RPCG,4.467837,"2015/09/16 16:30:11"
D,METER_DATA,GEN_DUID,1,"2015/09/16 16:35:00",RUBICON,0,"2015/09/16 16:30:11"
D,METER_DATA,GEN_DUID,1,"2015/09/16 16:35:00",STARHLWF,11.796560,"2015/09/16 16:30:11"
D,METER_DATA,GEN_DUID,1,"2015/09/16 16:35:00",WAUBRAWF,15.8910,"2015/09/16 16:30:11"
D,METER_DATA,GEN_DUID,1,"2015/09/16 16:35:00",WOOLNTH1,26.100018,"2015/09/16 16:30:11"
D,METER_DATA,GEN_DUID,1,"2015/09/16 16:35:00",WPWF,2,"2015/09/16 16:30:11"
D,METER_DATA,GEN_DUID,1,"2015/09/16 16:35:00",YAMBUKWF,0.80,"2015/09/16 16:30:11"
D,METER_DATA,GEN_DUID,1,"2015/09/16 16:40:00",ANGAS1,0,"2015/09/16 16:35:10"
D,METER_DATA,GEN_DUID,1,"2015/09/16 16:40:00",ANGAS2,0,"2015/09/16 16:35:10"
D,METER_DATA,GEN_DUID,1,"2015/09/16 16:40:00",BUTLERSG,-0.000002,"2015/09/16 16:35:10"
D,METER_DATA,GEN_DUID,1,"2015/09/16 16:40:00",CALL_A_4,0,"2015/09/16 16:35:10"
D,METER_DATA,GEN_DUID,1,"2015/09/16 16:40:00",CAPTL_WF,36.635994,"2015/09/16 16:35:10"
D,METER_DATA,GEN_DUID,1,"2015/09/16 16:40:00",CATHROCK,17.629999,"2015/09/16 16:35:10"
D,METER_DATA,GEN_DUID,1,"2015/09/16 16:40:00",CHALLHWF,6.80,"2015/09/16 16:35:10"
D,METER_DATA,GEN_DUID,1,"2015/09/16 16:40:00",CLOVER,11.41,"2015/09/16 16:35:10"
D,METER_DATA,GEN_DUID,1,"2015/09/16 16:40:00",CLUNY,5.244430,"2015/09/16 16:35:10"
D,METER_DATA,GEN_DUID,1,"2015/09/16 16:40:00",CNUNDAWF,2.703153,"2015/09/16 16:35:10"
D,METER_DATA,GEN_DUID,1,"2015/09/16 16:40:00",CULLRGWF,11.78,"2015/09/16 16:35:10"
D,METER_DATA,GEN_DUID,1,"2015/09/16 16:40:00",ERGT01,0,"2015/09/16 16:35:10"
D,METER_DATA,GEN_DUID,1,"2015/09/16 16:40:00",GB01,0.208096,"2015/09/16 16:35:10"
D,METER_DATA,GEN_DUID,1,"2015/09/16 16:40:00",GERMCRK,27.700001,"2015/09/16 16:35:10"
D,METER_DATA,GEN_DUID,1,"2015/09/16 16:40:00",INVICTA,11.6750,"2015/09/16 16:35:10"
D,METER_DATA,GEN_DUID,1,"2015/09/16 16:40:00",LKBONNY1,5.001324,"2015/09/16 16:35:10"
D,METER_DATA,GEN_DUID,1,"2015/09/16 16:40:00",MBAHNTH,49.275002,"2015/09/16 16:35:10"
D,METER_DATA,GEN_DUID,1,"2015/09/16 16:40:00",MLWF1,0.6750,"2015/09/16 16:35:10"
D,METER_DATA,GEN_DUID,1,"2015/09/16 16:40:00",MTMILLAR,5.447040,"2015/09/16 16:35:10"
D,METER_DATA,GEN_DUID,1,"2015/09/16 16:40:00",PALOONA,19.93,"2015/09/16 16:35:10"
D,METER_DATA,GEN_DUID,1,"2015/09/16 16:40:00",PIONEER,41.50,"2015/09/16 16:35:10"
D,METER_DATA,GEN_DUID,1,"2015/09/16 16:40:00",PORTWF,5.80,"2015/09/16 16:35:10"
D,METER_DATA,GEN_DUID,1,"2015/09/16 16:40:00",REPULSE,7.793495,"2015/09/16 16:35:10"
D,METER_DATA,GEN_DUID,1,"2015/09/16 16:40:00",ROWALLAN,9.4075,"2015/09/16 16:35:10"
D,METER_DATA,GEN_DUID,1,"2015/09/16 16:40:00",RPCG,7.349494,"2015/09/16 16:35:10"
D,METER_DATA,GEN_DUID,1,"2015/09/16 16:40:00",RUBICON,0,"2015/09/16 16:35:10"
D,METER_DATA,GEN_DUID,1,"2015/09/16 16:40:00",STARHLWF,12.396385,"2015/09/16 16:35:10"
D,METER_DATA,GEN_DUID,1,"2015/09/16 16:40:00",WAUBRAWF,15.7950,"2015/09/16 16:35:10"
D,METER_DATA,GEN_DUID,1,"2015/09/16 16:40:00",WOOLNTH1,30.450016,"2015/09/16 16:35:10"
D,METER_DATA,GEN_DUID,1,"2015/09/16 16:40:00",WPWF,3,"2015/09/16 16:35:10"
D,METER_DATA,GEN_DUID,1,"2015/09/16 16:40:00",YAMBUKWF,0.70,"2015/09/16 16:35:10"
D,METER_DATA,GEN_DUID,1,"2015/09/16 16:45:00",ANGAS1,0,"2015/09/16 16:40:12"
D,METER_DATA,GEN_DUID,1,"2015/09/16 16:45:00",ANGAS2,0,"2015/09/16 16:40:12"
D,METER_DATA,GEN_DUID,1,"2015/09/16 16:45:00",BUTLERSG,-0.000002,"2015/09/16 16:40:12"
D,METER_DATA,GEN_DUID,1,"2015/09/16 16:45:00",CALL_A_4,0,"2015/09/16 16:40:12"
D,METER_DATA,GEN_DUID,1,"2015/09/16 16:45:00",CAPTL_WF,39.580002,"2015/09/16 16:40:12"
D,METER_DATA,GEN_DUID,1,"2015/09/16 16:45:00",CATHROCK,19.039999,"2015/09/16 16:40:12"
D,METER_DATA,GEN_DUID,1,"2015/09/16 16:45:00",CHALLHWF,5.80,"2015/09/16 16:40:12"
D,METER_DATA,GEN_DUID,1,"2015/09/16 16:45:00",CLOVER,11.54,"2015/09/16 16:40:12"
D,METER_DATA,GEN_DUID,1,"2015/09/16 16:45:00",CLUNY,9.688621,"2015/09/16 16:40:12"
D,METER_DATA,GEN_DUID,1,"2015/09/16 16:45:00",CNUNDAWF,2.703153,"2015/09/16 16:40:12"
D,METER_DATA,GEN_DUID,1,"2015/09/16 16:45:00",CULLRGWF,12.92,"2015/09/16 16:40:12"
D,METER_DATA,GEN_DUID,1,"2015/09/16 16:45:00",ERGT01,0,"2015/09/16 16:40:12"
D,METER_DATA,GEN_DUID,1,"2015/09/16 16:45:00",GB01,0.208096,"2015/09/16 16:40:12"
D,METER_DATA,GEN_DUID,1,"2015/09/16 16:45:00",GERMCRK,27.40,"2015/09/16 16:40:12"
D,METER_DATA,GEN_DUID,1,"2015/09/16 16:45:00",INVICTA,11.6750,"2015/09/16 16:40:12"
D,METER_DATA,GEN_DUID,1,"2015/09/16 16:45:00",LKBONNY1,5.537180,"2015/09/16 16:40:12"
D,METER_DATA,GEN_DUID,1,"2015/09/16 16:45:00",MBAHNTH,49.275002,"2015/09/16 16:40:12"
D,METER_DATA,GEN_DUID,1,"2015/09/16 16:45:00",MLWF1,0.8850,"2015/09/16 16:40:12"
D,METER_DATA,GEN_DUID,1,"2015/09/16 16:45:00",MTMILLAR,5.372627,"2015/09/16 16:40:12"
D,METER_DATA,GEN_DUID,1,"2015/09/16 16:45:00",PALOONA,19.93,"2015/09/16 16:40:12"
D,METER_DATA,GEN_DUID,1,"2015/09/16 16:45:00",PIONEER,40.900002,"2015/09/16 16:40:12"
D,METER_DATA,GEN_DUID,1,"2015/09/16 16:45:00",PORTWF,5.20,"2015/09/16 16:40:12"
D,METER_DATA,GEN_DUID,1,"2015/09/16 16:45:00",REPULSE,14.4818,"2015/09/16 16:40:12"
D,METER_DATA,GEN_DUID,1,"2015/09/16 16:45:00",ROWALLAN,9.3436,"2015/09/16 16:40:12"
D,METER_DATA,GEN_DUID,1,"2015/09/16 16:45:00",RPCG,0.378660,"2015/09/16 16:40:12"
D,METER_DATA,GEN_DUID,1,"2015/09/16 16:45:00",RUBICON,0,"2015/09/16 16:40:12"
D,METER_DATA,GEN_DUID,1,"2015/09/16 16:45:00",STARHLWF,11.996502,"2015/09/16 16:40:12"
D,METER_DATA,GEN_DUID,1,"2015/09/16 16:45:00",WAUBRAWF,12.4450,"2015/09/16 16:40:12"
D,METER_DATA,GEN_DUID,1,"2015/09/16 16:45:00",WOOLNTH1,29.450016,"2015/09/16 16:40:12"
D,METER_DATA,GEN_DUID,1,"2015/09/16 16:45:00",WPWF,2,"2015/09/16 16:40:12"
D,METER_DATA,GEN_DUID,1,"2015/09/16 16:45:00",YAMBUKWF,0.70,"2015/09/16 16:40:12"
D,METER_DATA,GEN_DUID,1,"2015/09/16 16:50:00",ANGAS1,0,"2015/09/16 16:45:12"
D,METER_DATA,GEN_DUID,1,"2015/09/16 16:50:00",ANGAS2,0,"2015/09/16 16:45:12"
D,METER_DATA,GEN_DUID,1,"2015/09/16 16:50:00",BUTLERSG,-0.000002,"2015/09/16 16:45:12"
D,METER_DATA,GEN_DUID,1,"2015/09/16 16:50:00",CALL_A_4,0,"2015/09/16 16:45:12"
D,METER_DATA,GEN_DUID,1,"2015/09/16 16:50:00",CAPTL_WF,37.608002,"2015/09/16 16:45:12"
D,METER_DATA,GEN_DUID,1,"2015/09/16 16:50:00",CATHROCK,20.779999,"2015/09/16 16:45:12"
D,METER_DATA,GEN_DUID,1,"2015/09/16 16:50:00",CHALLHWF,5.50,"2015/09/16 16:45:12"
D,METER_DATA,GEN_DUID,1,"2015/09/16 16:50:00",CLOVER,12.03,"2015/09/16 16:45:12"
D,METER_DATA,GEN_DUID,1,"2015/09/16 16:50:00",CLUNY,8.988410,"2015/09/16 16:45:12"
D,METER_DATA,GEN_DUID,1,"2015/09/16 16:50:00",CNUNDAWF,1.902219,"2015/09/16 16:45:12"
D,METER_DATA,GEN_DUID,1,"2015/09/16 16:50:00",CULLRGWF,12.67,"2015/09/16 16:45:12"
D,METER_DATA,GEN_DUID,1,"2015/09/16 16:50:00",ERGT01,0,"2015/09/16 16:45:12"
D,METER_DATA,GEN_DUID,1,"2015/09/16 16:50:00",GB01,0.208096,"2015/09/16 16:45:12"
D,METER_DATA,GEN_DUID,1,"2015/09/16 16:50:00",GERMCRK,27.10,"2015/09/16 16:45:12"
D,METER_DATA,GEN_DUID,1,"2015/09/16 16:50:00",INVICTA,11.6750,"2015/09/16 16:45:12"
D,METER_DATA,GEN_DUID,1,"2015/09/16 16:50:00",LKBONNY1,4.554778,"2015/09/16 16:45:12"
D,METER_DATA,GEN_DUID,1,"2015/09/16 16:50:00",MBAHNTH,49.275002,"2015/09/16 16:45:12"
D,METER_DATA,GEN_DUID,1,"2015/09/16 16:50:00",MLWF1,0.57,"2015/09/16 16:45:12"
D,METER_DATA,GEN_DUID,1,"2015/09/16 16:50:00",MTMILLAR,4.680585,"2015/09/16 16:45:12"
D,METER_DATA,GEN_DUID,1,"2015/09/16 16:50:00",PALOONA,19.93,"2015/09/16 16:45:12"
D,METER_DATA,GEN_DUID,1,"2015/09/16 16:50:00",PIONEER,39.50,"2015/09/16 16:45:12"
D,METER_DATA,GEN_DUID,1,"2015/09/16 16:50:00",PORTWF,4,"2015/09/16 16:45:12"
D,METER_DATA,GEN_DUID,1,"2015/09/16 16:50:00",REPULSE,13.471885,"2015/09/16 16:45:12"
D,METER_DATA,GEN_DUID,1,"2015/09/16 16:50:00",ROWALLAN,9.4217,"2015/09/16 16:45:12"
D,METER_DATA,GEN_DUID,1,"2015/09/16 16:50:00",RPCG,4.480841,"2015/09/16 16:45:12"
D,METER_DATA,GEN_DUID,1,"2015/09/16 16:50:00",RUBICON,0,"2015/09/16 16:45:12"
D,METER_DATA,GEN_DUID,1,"2015/09/16 16:50:00",STARHLWF,11.096765,"2015/09/16 16:45:12"
D,METER_DATA,GEN_DUID,1,"2015/09/16 16:50:00",WAUBRAWF,12.6640,"2015/09/16 16:45:12"
D,METER_DATA,GEN_DUID,1,"2015/09/16 16:50:00",WOOLNTH1,26.090015,"2015/09/16 16:45:12"
D,METER_DATA,GEN_DUID,1,"2015/09/16 16:50:00",WPWF,5,"2015/09/16 16:45:12"
D,METER_DATA,GEN_DUID,1,"2015/09/16 16:50:00",YAMBUKWF,1.10,"2015/09/16 16:45:12"
D,METER_DATA,GEN_DUID,1,"2015/09/16 16:55:00",ANGAS1,0,"2015/09/16 16:50:10"
D,METER_DATA,GEN_DUID,1,"2015/09/16 16:55:00",ANGAS2,0,"2015/09/16 16:50:10"
D,METER_DATA,GEN_DUID,1,"2015/09/16 16:55:00",BUTLERSG,-0.000002,"2015/09/16 16:50:10"
D,METER_DATA,GEN_DUID,1,"2015/09/16 16:55:00",CALL_A_4,0,"2015/09/16 16:50:10"
D,METER_DATA,GEN_DUID,1,"2015/09/16 16:55:00",CAPTL_WF,49.940002,"2015/09/16 16:50:10"
D,METER_DATA,GEN_DUID,1,"2015/09/16 16:55:00",CATHROCK,15.009999,"2015/09/16 16:50:10"
D,METER_DATA,GEN_DUID,1,"2015/09/16 16:55:00",CHALLHWF,5.30,"2015/09/16 16:50:10"
D,METER_DATA,GEN_DUID,1,"2015/09/16 16:55:00",CLOVER,12.05,"2015/09/16 16:50:10"
D,METER_DATA,GEN_DUID,1,"2015/09/16 16:55:00",CLUNY,9.016991,"2015/09/16 16:50:10"
D,METER_DATA,GEN_DUID,1,"2015/09/16 16:55:00",CNUNDAWF,2.703153,"2015/09/16 16:50:10"
D,METER_DATA,GEN_DUID,1,"2015/09/16 16:55:00",CULLRGWF,12.70,"2015/09/16 16:50:10"
D,METER_DATA,GEN_DUID,1,"2015/09/16 16:55:00",ERGT01,0,"2015/09/16 16:50:10"
D,METER_DATA,GEN_DUID,1,"2015/09/16 16:55:00",GB01,0.208096,"2015/09/16 16:50:10"
D,METER_DATA,GEN_DUID,1,"2015/09/16 16:55:00",GERMCRK,28,"2015/09/16 16:50:10"
D,METER_DATA,GEN_DUID,1,"2015/09/16 16:55:00",INVICTA,11.6750,"2015/09/16 16:50:10"
D,METER_DATA,GEN_DUID,1,"2015/09/16 16:55:00",LKBONNY1,5.179943,"2015/09/16 16:50:10"
D,METER_DATA,GEN_DUID,1,"2015/09/16 16:55:00",MBAHNTH,49.275002,"2015/09/16 16:50:10"
D,METER_DATA,GEN_DUID,1,"2015/09/16 16:55:00",MLWF1,0.6750,"2015/09/16 16:50:10"
D,METER_DATA,GEN_DUID,1,"2015/09/16 16:55:00",MTMILLAR,4.628496,"2015/09/16 16:50:10"
D,METER_DATA,GEN_DUID,1,"2015/09/16 16:55:00",PALOONA,19.93,"2015/09/16 16:50:10"
D,METER_DATA,GEN_DUID,1,"2015/09/16 16:55:00",PIONEER,43.900002,"2015/09/16 16:50:10"
D,METER_DATA,GEN_DUID,1,"2015/09/16 16:55:00",PORTWF,4.60,"2015/09/16 16:50:10"
D,METER_DATA,GEN_DUID,1,"2015/09/16 16:55:00",REPULSE,13.376610,"2015/09/16 16:50:10"
D,METER_DATA,GEN_DUID,1,"2015/09/16 16:55:00",ROWALLAN,9.4075,"2015/09/16 16:50:10"
D,METER_DATA,GEN_DUID,1,"2015/09/16 16:55:00",RPCG,4.572693,"2015/09/16 16:50:10"
D,METER_DATA,GEN_DUID,1,"2015/09/16 16:55:00",RUBICON,0,"2015/09/16 16:50:10"
D,METER_DATA,GEN_DUID,1,"2015/09/16 16:55:00",STARHLWF,12.196444,"2015/09/16 16:50:10"
D,METER_DATA,GEN_DUID,1,"2015/09/16 16:55:00",WAUBRAWF,13.7320,"2015/09/16 16:50:10"
D,METER_DATA,GEN_DUID,1,"2015/09/16 16:55:00",WOOLNTH1,34.200016,"2015/09/16 16:50:10"
D,METER_DATA,GEN_DUID,1,"2015/09/16 16:55:00",WPWF,8,"2015/09/16 16:50:10"
D,METER_DATA,GEN_DUID,1,"2015/09/16 16:55:00",YAMBUKWF,1.30,"2015/09/16 16:50:10"
D,METER_DATA,GEN_DUID,1,"2015/09/16 17:00:00",ANGAS1,0,"2015/09/16 16:55:10"
D,METER_DATA,GEN_DUID,1,"2015/09/16 17:00:00",ANGAS2,0,"2015/09/16 16:55:10"
D,METER_DATA,GEN_DUID,1,"2015/09/16 17:00:00",BUTLERSG,-0.000002,"2015/09/16 16:55:10"
D,METER_DATA,GEN_DUID,1,"2015/09/16 17:00:00",CALL_A_4,0,"2015/09/16 16:55:10"
D,METER_DATA,GEN_DUID,1,"2015/09/16 17:00:00",CAPTL_WF,49.540001,"2015/09/16 16:55:10"
D,METER_DATA,GEN_DUID,1,"2015/09/16 17:00:00",CATHROCK,14.709999,"2015/09/16 16:55:10"
D,METER_DATA,GEN_DUID,1,"2015/09/16 17:00:00",CHALLHWF,6.20,"2015/09/16 16:55:10"
D,METER_DATA,GEN_DUID,1,"2015/09/16 17:00:00",CLOVER,11.20,"2015/09/16 16:55:10"
D,METER_DATA,GEN_DUID,1,"2015/09/16 17:00:00",CLUNY,8.659740,"2015/09/16 16:55:10"
D,METER_DATA,GEN_DUID,1,"2015/09/16 17:00:00",CNUNDAWF,3.504088,"2015/09/16 16:55:10"
D,METER_DATA,GEN_DUID,1,"2015/09/16 17:00:00",CULLRGWF,14.70,"2015/09/16 16:55:10"
D,METER_DATA,GEN_DUID,1,"2015/09/16 17:00:00",ERGT01,0,"2015/09/16 16:55:10"
D,METER_DATA,GEN_DUID,1,"2015/09/16 17:00:00",GB01,0.208096,"2015/09/16 16:55:10"
D,METER_DATA,GEN_DUID,1,"2015/09/16 17:00:00",GERMCRK,25.90,"2015/09/16 16:55:10"
D,METER_DATA,GEN_DUID,1,"2015/09/16 17:00:00",INVICTA,11.6750,"2015/09/16 16:55:10"
D,METER_DATA,GEN_DUID,1,"2015/09/16 17:00:00",LKBONNY1,5.001324,"2015/09/16 16:55:10"
D,METER_DATA,GEN_DUID,1,"2015/09/16 17:00:00",MBAHNTH,50.456253,"2015/09/16 16:55:10"
D,METER_DATA,GEN_DUID,1,"2015/09/16 17:00:00",MLWF1,0.8850,"2015/09/16 16:55:10"
D,METER_DATA,GEN_DUID,1,"2015/09/16 17:00:00",MTMILLAR,5.067533,"2015/09/16 16:55:10"
D,METER_DATA,GEN_DUID,1,"2015/09/16 17:00:00",PALOONA,19.93,"2015/09/16 16:55:10"
D,METER_DATA,GEN_DUID,1,"2015/09/16 17:00:00",PIONEER,44.900002,"2015/09/16 16:55:10"
D,METER_DATA,GEN_DUID,1,"2015/09/16 17:00:00",PORTWF,5.10,"2015/09/16 16:55:10"
D,METER_DATA,GEN_DUID,1,"2015/09/16 17:00:00",REPULSE,13.624325,"2015/09/16 16:55:10"
D,METER_DATA,GEN_DUID,1,"2015/09/16 17:00:00",ROWALLAN,9.4146,"2015/09/16 16:55:10"
D,METER_DATA,GEN_DUID,1,"2015/09/16 17:00:00",RPCG,0.297015,"2015/09/16 16:55:10"
D,METER_DATA,GEN_DUID,1,"2015/09/16 17:00:00",RUBICON,0,"2015/09/16 16:55:10"
D,METER_DATA,GEN_DUID,1,"2015/09/16 17:00:00",STARHLWF,13.096181,"2015/09/16 16:55:10"
D,METER_DATA,GEN_DUID,1,"2015/09/16 17:00:00",WAUBRAWF,15.1590,"2015/09/16 16:55:10"
D,METER_DATA,GEN_DUID,1,"2015/09/16 17:00:00",WOOLNTH1,48.460014,"2015/09/16 16:55:10"
D,METER_DATA,GEN_DUID,1,"2015/09/16 17:00:00",WPWF,11,"2015/09/16 16:55:10"
D,METER_DATA,GEN_DUID,1,"2015/09/16 17:00:00",YAMBUKWF,1.20,"2015/09/16 16:55:10"
D,METER_DATA,GEN_DUID,1,"2015/09/16 17:05:00",ANGAS1,0,"2015/09/16 17:00:10"
D,METER_DATA,GEN_DUID,1,"2015/09/16 17:05:00",ANGAS2,0,"2015/09/16 17:00:10"
D,METER_DATA,GEN_DUID,1,"2015/09/16 17:05:00",BUTLERSG,-0.000002,"2015/09/16 17:00:10"
D,METER_DATA,GEN_DUID,1,"2015/09/16 17:05:00",CALL_A_4,0,"2015/09/16 17:00:10"
D,METER_DATA,GEN_DUID,1,"2015/09/16 17:05:00",CAPTL_WF,52.487999,"2015/09/16 17:00:10"
D,METER_DATA,GEN_DUID,1,"2015/09/16 17:05:00",CATHROCK,17.109999,"2015/09/16 17:00:10"
D,METER_DATA,GEN_DUID,1,"2015/09/16 17:05:00",CHALLHWF,5.90,"2015/09/16 17:00:10"
D,METER_DATA,GEN_DUID,1,"2015/09/16 17:05:00",CLOVER,11.27,"2015/09/16 17:00:10"
D,METER_DATA,GEN_DUID,1,"2015/09/16 17:05:00",CLUNY,9.417110,"2015/09/16 17:00:10"
D,METER_DATA,GEN_DUID,1,"2015/09/16 17:05:00",CNUNDAWF,2.703153,"2015/09/16 17:00:10"
D,METER_DATA,GEN_DUID,1,"2015/09/16 17:05:00",CULLRGWF,16.26,"2015/09/16 17:00:10"
D,METER_DATA,GEN_DUID,1,"2015/09/16 17:05:00",ERGT01,0,"2015/09/16 17:00:10"
D,METER_DATA,GEN_DUID,1,"2015/09/16 17:05:00",GB01,0.208096,"2015/09/16 17:00:10"
D,METER_DATA,GEN_DUID,1,"2015/09/16 17:05:00",GERMCRK,26.700001,"2015/09/16 17:00:10"
D,METER_DATA,GEN_DUID,1,"2015/09/16 17:05:00",INVICTA,11.6750,"2015/09/16 17:00:10"
D,METER_DATA,GEN_DUID,1,"2015/09/16 17:05:00",LKBONNY1,4.822706,"2015/09/16 17:00:10"
D,METER_DATA,GEN_DUID,1,"2015/09/16 17:05:00",MBAHNTH,50.456253,"2015/09/16 17:00:10"
D,METER_DATA,GEN_DUID,1,"2015/09/16 17:05:00",MLWF1,1.20,"2015/09/16 17:00:10"
D,METER_DATA,GEN_DUID,1,"2015/09/16 17:05:00",MTMILLAR,6.332556,"2015/09/16 17:00:10"
D,METER_DATA,GEN_DUID,1,"2015/09/16 17:05:00",PALOONA,20.059999,"2015/09/16 17:00:10"
D,METER_DATA,GEN_DUID,1,"2015/09/16 17:05:00",PIONEER,46,"2015/09/16 17:00:10"
D,METER_DATA,GEN_DUID,1,"2015/09/16 17:05:00",PORTWF,5.20,"2015/09/16 17:00:10"
D,METER_DATA,GEN_DUID,1,"2015/09/16 17:05:00",REPULSE,14.119755,"2015/09/16 17:00:10"
D,METER_DATA,GEN_DUID,1,"2015/09/16 17:05:00",ROWALLAN,9.3862,"2015/09/16 17:00:10"
D,METER_DATA,GEN_DUID,1,"2015/09/16 17:05:00",RPCG,4.549541,"2015/09/16 17:00:10"
D,METER_DATA,GEN_DUID,1,"2015/09/16 17:05:00",RUBICON,0,"2015/09/16 17:00:10"
D,METER_DATA,GEN_DUID,1,"2015/09/16 17:05:00",STARHLWF,13.995918,"2015/09/16 17:00:10"
D,METER_DATA,GEN_DUID,1,"2015/09/16 17:05:00",WAUBRAWF,17.7680,"2015/09/16 17:00:10"
D,METER_DATA,GEN_DUID,1,"2015/09/16 17:05:00",WOOLNTH1,43.570015,"2015/09/16 17:00:10"
D,METER_DATA,GEN_DUID,1,"2015/09/16 17:05:00",WPWF,14,"2015/09/16 17:00:10"
D,METER_DATA,GEN_DUID,1,"2015/09/16 17:05:00",YAMBUKWF,0.50,"2015/09/16 17:00:10"
D,METER_DATA,GEN_DUID,1,"2015/09/16 17:10:00",ANGAS1,0,"2015/09/16 17:05:12"
D,METER_DATA,GEN_DUID,1,"2015/09/16 17:10:00",ANGAS2,0,"2015/09/16 17:05:12"
D,METER_DATA,GEN_DUID,1,"2015/09/16 17:10:00",BUTLERSG,-0.000002,"2015/09/16 17:05:12"
D,METER_DATA,GEN_DUID,1,"2015/09/16 17:10:00",CALL_A_4,0,"2015/09/16 17:05:12"
D,METER_DATA,GEN_DUID,1,"2015/09/16 17:10:00",CAPTL_WF,54.267998,"2015/09/16 17:05:12"
D,METER_DATA,GEN_DUID,1,"2015/09/16 17:10:00",CATHROCK,15.409999,"2015/09/16 17:05:12"
D,METER_DATA,GEN_DUID,1,"2015/09/16 17:10:00",CHALLHWF,4,"2015/09/16 17:05:12"
D,METER_DATA,GEN_DUID,1,"2015/09/16 17:10:00",CLOVER,11.59,"2015/09/16 17:05:12"
D,METER_DATA,GEN_DUID,1,"2015/09/16 17:10:00",CLUNY,9.445690,"2015/09/16 17:05:12"
D,METER_DATA,GEN_DUID,1,"2015/09/16 17:10:00",CNUNDAWF,2.703153,"2015/09/16 17:05:12"
D,METER_DATA,GEN_DUID,1,"2015/09/16 17:10:00",CULLRGWF,15.46,"2015/09/16 17:05:12"
D,METER_DATA,GEN_DUID,1,"2015/09/16 17:10:00",ERGT01,0,"2015/09/16 17:05:12"
D,METER_DATA,GEN_DUID,1,"2015/09/16 17:10:00",GB01,0.208096,"2015/09/16 17:05:12"
D,METER_DATA,GEN_DUID,1,"2015/09/16 17:10:00",GERMCRK,26.299999,"2015/09/16 17:05:12"
D,METER_DATA,GEN_DUID,1,"2015/09/16 17:10:00",INVICTA,11.6750,"2015/09/16 17:05:12"
D,METER_DATA,GEN_DUID,1,"2015/09/16 17:10:00",LKBONNY1,5.805109,"2015/09/16 17:05:12"
D,METER_DATA,GEN_DUID,1,"2015/09/16 17:10:00",MBAHNTH,50.456253,"2015/09/16 17:05:12"
D,METER_DATA,GEN_DUID,1,"2015/09/16 17:10:00",MLWF1,1.3050,"2015/09/16 17:05:12"
D,METER_DATA,GEN_DUID,1,"2015/09/16 17:10:00",MTMILLAR,11.191732,"2015/09/16 17:05:12"
D,METER_DATA,GEN_DUID,1,"2015/09/16 17:10:00",PALOONA,19.959999,"2015/09/16 17:05:12"
D,METER_DATA,GEN_DUID,1,"2015/09/16 17:10:00",PIONEER,46.700001,"2015/09/16 17:05:12"
D,METER_DATA,GEN_DUID,1,"2015/09/16 17:10:00",PORTWF,6,"2015/09/16 17:05:12"
D,METER_DATA,GEN_DUID,1,"2015/09/16 17:10:00",REPULSE,14.748569,"2015/09/16 17:05:12"
D,METER_DATA,GEN_DUID,1,"2015/09/16 17:10:00",ROWALLAN,9.3862,"2015/09/16 17:05:12"
D,METER_DATA,GEN_DUID,1,"2015/09/16 17:10:00",RPCG,4.439486,"2015/09/16 17:05:12"
D,METER_DATA,GEN_DUID,1,"2015/09/16 17:10:00",RUBICON,0,"2015/09/16 17:05:12"
D,METER_DATA,GEN_DUID,1,"2015/09/16 17:10:00",STARHLWF,13.096181,"2015/09/16 17:05:12"
D,METER_DATA,GEN_DUID,1,"2015/09/16 17:10:00",WAUBRAWF,17.7750,"2015/09/16 17:05:12"
D,METER_DATA,GEN_DUID,1,"2015/09/16 17:10:00",WOOLNTH1,42.330017,"2015/09/16 17:05:12"
D,METER_DATA,GEN_DUID,1,"2015/09/16 17:10:00",WPWF,17,"2015/09/16 17:05:12"
D,METER_DATA,GEN_DUID,1,"2015/09/16 17:10:00",YAMBUKWF,0.40,"2015/09/16 17:05:12"
D,METER_DATA,GEN_DUID,1,"2015/09/16 17:15:00",ANGAS1,0,"2015/09/16 17:10:11"
D,METER_DATA,GEN_DUID,1,"2015/09/16 17:15:00",ANGAS2,0,"2015/09/16 17:10:11"
D,METER_DATA,GEN_DUID,1,"2015/09/16 17:15:00",BUTLERSG,-0.000002,"2015/09/16 17:10:11"
D,METER_DATA,GEN_DUID,1,"2015/09/16 17:15:00",CALL_A_4,0,"2015/09/16 17:10:11"
D,METER_DATA,GEN_DUID,1,"2015/09/16 17:15:00",CAPTL_WF,59.50,"2015/09/16 17:10:11"
D,METER_DATA,GEN_DUID,1,"2015/09/16 17:15:00",CATHROCK,15.699999,"2015/09/16 17:10:11"
D,METER_DATA,GEN_DUID,1,"2015/09/16 17:15:00",CHALLHWF,2.90,"2015/09/16 17:10:11"
D,METER_DATA,GEN_DUID,1,"2015/09/16 17:15:00",CLOVER,21.18,"2015/09/16 17:10:11"
D,METER_DATA,GEN_DUID,1,"2015/09/16 17:15:00",CLUNY,8.702610,"2015/09/16 17:10:11"
D,METER_DATA,GEN_DUID,1,"2015/09/16 17:15:00",CNUNDAWF,2.703153,"2015/09/16 17:10:11"
D,METER_DATA,GEN_DUID,1,"2015/09/16 17:15:00",CULLRGWF,14.89,"2015/09/16 17:10:11"
D,METER_DATA,GEN_DUID,1,"2015/09/16 17:15:00",ERGT01,0,"2015/09/16 17:10:11"
D,METER_DATA,GEN_DUID,1,"2015/09/16 17:15:00",GB01,0.208096,"2015/09/16 17:10:11"
D,METER_DATA,GEN_DUID,1,"2015/09/16 17:15:00",GERMCRK,30.50,"2015/09/16 17:10:11"
D,METER_DATA,GEN_DUID,1,"2015/09/16 17:15:00",INVICTA,11.6750,"2015/09/16 17:10:11"
D,METER_DATA,GEN_DUID,1,"2015/09/16 17:15:00",LKBONNY1,5.001324,"2015/09/16 17:10:11"
D,METER_DATA,GEN_DUID,1,"2015/09/16 17:15:00",MBAHNTH,50.456253,"2015/09/16 17:10:11"
D,METER_DATA,GEN_DUID,1,"2015/09/16 17:15:00",MLWF1,1.50,"2015/09/16 17:10:11"
D,METER_DATA,GEN_DUID,1,"2015/09/16 17:15:00",MTMILLAR,10.827108,"2015/09/16 17:10:11"
D,METER_DATA,GEN_DUID,1,"2015/09/16 17:15:00",PALOONA,19.959999,"2015/09/16 17:10:11"
D,METER_DATA,GEN_DUID,1,"2015/09/16 17:15:00",PIONEER,45.100002,"2015/09/16 17:10:11"
D,METER_DATA,GEN_DUID,1,"2015/09/16 17:15:00",PORTWF,4.20,"2015/09/16 17:10:11"
D,METER_DATA,GEN_DUID,1,"2015/09/16 17:15:00",REPULSE,13.681490,"2015/09/16 17:10:11"
D,METER_DATA,GEN_DUID,1,"2015/09/16 17:15:00",ROWALLAN,9.4359,"2015/09/16 17:10:11"
D,METER_DATA,GEN_DUID,1,"2015/09/16 17:15:00",RPCG,0.200712,"2015/09/16 17:10:11"
D,METER_DATA,GEN_DUID,1,"2015/09/16 17:15:00",RUBICON,0,"2015/09/16 17:10:11"
D,METER_DATA,GEN_DUID,1,"2015/09/16 17:15:00",STARHLWF,12.996210,"2015/09/16 17:10:11"
D,METER_DATA,GEN_DUID,1,"2015/09/16 17:15:00",WAUBRAWF,15.85,"2015/09/16 17:10:11"
D,METER_DATA,GEN_DUID,1,"2015/09/16 17:15:00",WOOLNTH1,42.170013,"2015/09/16 17:10:11"
D,METER_DATA,GEN_DUID,1,"2015/09/16 17:15:00",WPWF,22,"2015/09/16 17:10:11"
D,METER_DATA,GEN_DUID,1,"2015/09/16 17:15:00",YAMBUKWF,0.10,"2015/09/16 17:10:11"
D,METER_DATA,GEN_DUID,1,"2015/09/16 17:20:00",ANGAS1,0,"2015/09/16 17:15:11"
D,METER_DATA,GEN_DUID,1,"2015/09/16 17:20:00",ANGAS2,0,"2015/09/16 17:15:11"
D,METER_DATA,GEN_DUID,1,"2015/09/16 17:20:00",BUTLERSG,-0.000002,"2015/09/16 17:15:11"
D,METER_DATA,GEN_DUID,1,"2015/09/16 17:20:00",CALL_A_4,0,"2015/09/16 17:15:11"
D,METER_DATA,GEN_DUID,1,"2015/09/16 17:20:00",CAPTL_WF,56.82,"2015/09/16 17:15:11"
D,METER_DATA,GEN_DUID,1,"2015/09/16 17:20:00",CATHROCK,18.109999,"2015/09/16 17:15:11"
D,METER_DATA,GEN_DUID,1,"2015/09/16 17:20:00",CHALLHWF,2.60,"2015/09/16 17:15:11"
D,METER_DATA,GEN_DUID,1,"2015/09/16 17:20:00",CLOVER,23.349998,"2015/09/16 17:15:11"
D,METER_DATA,GEN_DUID,1,"2015/09/16 17:20:00",CLUNY,8.216750,"2015/09/16 17:15:11"
D,METER_DATA,GEN_DUID,1,"2015/09/16 17:20:00",CNUNDAWF,3.103621,"2015/09/16 17:15:11"
D,METER_DATA,GEN_DUID,1,"2015/09/16 17:20:00",CULLRGWF,13.81,"2015/09/16 17:15:11"
D,METER_DATA,GEN_DUID,1,"2015/09/16 17:20:00",ERGT01,0,"2015/09/16 17:15:11"
D,METER_DATA,GEN_DUID,1,"2015/09/16 17:20:00",GB01,0.208096,"2015/09/16 17:15:11"
D,METER_DATA,GEN_DUID,1,"2015/09/16 17:20:00",GERMCRK,30.799999,"2015/09/16 17:15:11"
D,METER_DATA,GEN_DUID,1,"2015/09/16 17:20:00",INVICTA,11.6750,"2015/09/16 17:15:11"
D,METER_DATA,GEN_DUID,1,"2015/09/16 17:20:00",LKBONNY1,7.055439,"2015/09/16 17:15:11"
D,METER_DATA,GEN_DUID,1,"2015/09/16 17:20:00",MBAHNTH,50.456253,"2015/09/16 17:15:11"
D,METER_DATA,GEN_DUID,1,"2015/09/16 17:20:00",MLWF1,1.8150,"2015/09/16 17:15:11"
D,METER_DATA,GEN_DUID,1,"2015/09/16 17:20:00",MTMILLAR,7.530607,"2015/09/16 17:15:11"
D,METER_DATA,GEN_DUID,1,"2015/09/16 17:20:00",PALOONA,20.09,"2015/09/16 17:15:11"
D,METER_DATA,GEN_DUID,1,"2015/09/16 17:20:00",PIONEER,45.799999,"2015/09/16 17:15:11"
D,METER_DATA,GEN_DUID,1,"2015/09/16 17:20:00",PORTWF,4.60,"2015/09/16 17:15:11"
D,METER_DATA,GEN_DUID,1,"2015/09/16 17:20:00",REPULSE,13.033620,"2015/09/16 17:15:11"
D,METER_DATA,GEN_DUID,1,"2015/09/16 17:20:00",ROWALLAN,9.4501,"2015/09/16 17:15:11"
D,METER_DATA,GEN_DUID,1,"2015/09/16 17:20:00",RPCG,5.141456,"2015/09/16 17:15:11"
D,METER_DATA,GEN_DUID,1,"2015/09/16 17:20:00",RUBICON,0,"2015/09/16 17:15:11"
D,METER_DATA,GEN_DUID,1,"2015/09/16 17:20:00",STARHLWF,12.896239,"2015/09/16 17:15:11"
D,METER_DATA,GEN_DUID,1,"2015/09/16 17:20:00",WAUBRAWF,14.3470,"2015/09/16 17:15:11"
D,METER_DATA,GEN_DUID,1,"2015/09/16 17:20:00",WOOLNTH1,37.320015,"2015/09/16 17:15:11"
D,METER_DATA,GEN_DUID,1,"2015/09/16 17:20:00",WPWF,29,"2015/09/16 17:15:11"
D,METER_DATA,GEN_DUID,1,"2015/09/16 17:20:00",YAMBUKWF,0.30,"2015/09/16 17:15:11"
D,METER_DATA,GEN_DUID,1,"2015/09/16 17:25:00",ANGAS1,0,"2015/09/16 17:20:09"
D,METER_DATA,GEN_DUID,1,"2015/09/16 17:25:00",ANGAS2,0,"2015/09/16 17:20:09"
D,METER_DATA,GEN_DUID,1,"2015/09/16 17:25:00",BUTLERSG,-0.000002,"2015/09/16 17:20:09"
D,METER_DATA,GEN_DUID,1,"2015/09/16 17:25:00",CALL_A_4,0,"2015/09/16 17:20:09"
D,METER_DATA,GEN_DUID,1,"2015/09/16 17:25:00",CAPTL_WF,56.104004,"2015/09/16 17:20:09"
D,METER_DATA,GEN_DUID,1,"2015/09/16 17:25:00",CATHROCK,14.839999,"2015/09/16 17:20:09"
D,METER_DATA,GEN_DUID,1,"2015/09/16 17:25:00",CHALLHWF,1.50,"2015/09/16 17:20:09"
D,METER_DATA,GEN_DUID,1,"2015/09/16 17:25:00",CLOVER,22.970001,"2015/09/16 17:20:09"
D,METER_DATA,GEN_DUID,1,"2015/09/16 17:25:00",CLUNY,9.117021,"2015/09/16 17:20:09"
D,METER_DATA,GEN_DUID,1,"2015/09/16 17:25:00",CNUNDAWF,3.103621,"2015/09/16 17:20:09"
D,METER_DATA,GEN_DUID,1,"2015/09/16 17:25:00",CULLRGWF,15.61,"2015/09/16 17:20:09"
D,METER_DATA,GEN_DUID,1,"2015/09/16 17:25:00",ERGT01,0,"2015/09/16 17:20:09"
D,METER_DATA,GEN_DUID,1,"2015/09/16 17:25:00",GB01,0.208096,"2015/09/16 17:20:09"
D,METER_DATA,GEN_DUID,1,"2015/09/16 17:25:00",GERMCRK,31.60,"2015/09/16 17:20:09"
D,METER_DATA,GEN_DUID,1,"2015/09/16 17:25:00",INVICTA,11.6750,"2015/09/16 17:20:09"
D,METER_DATA,GEN_DUID,1,"2015/09/16 17:25:00",LKBONNY1,5.805109,"2015/09/16 17:20:09"
D,METER_DATA,GEN_DUID,1,"2015/09/16 17:25:00",MBAHNTH,50.456253,"2015/09/16 17:20:09"
D,METER_DATA,GEN_DUID,1,"2015/09/16 17:25:00",MLWF1,2.8650,"2015/09/16 17:20:09"
D,METER_DATA,GEN_DUID,1,"2015/09/16 17:25:00",MTMILLAR,6.741828,"2015/09/16 17:20:09"
D,METER_DATA,GEN_DUID,1,"2015/09/16 17:25:00",PALOONA,20.09,"2015/09/16 17:20:09"
D,METER_DATA,GEN_DUID,1,"2015/09/16 17:25:00",PIONEER,46.50,"2015/09/16 17:20:09"
D,METER_DATA,GEN_DUID,1,"2015/09/16 17:25:00",PORTWF,6,"2015/09/16 17:20:09"
D,METER_DATA,GEN_DUID,1,"2015/09/16 17:25:00",REPULSE,14.234085,"2015/09/16 17:20:09"
D,METER_DATA,GEN_DUID,1,"2015/09/16 17:25:00",ROWALLAN,9.4288,"2015/09/16 17:20:09"
D,METER_DATA,GEN_DUID,1,"2015/09/16 17:25:00",RPCG,5.048535,"2015/09/16 17:20:09"
D,METER_DATA,GEN_DUID,1,"2015/09/16 17:25:00",RUBICON,0,"2015/09/16 17:20:09"
D,METER_DATA,GEN_DUID,1,"2015/09/16 17:25:00",STARHLWF,12.596327,"2015/09/16 17:20:09"
D,METER_DATA,GEN_DUID,1,"2015/09/16 17:25:00",WAUBRAWF,11.1510,"2015/09/16 17:20:09"
D,METER_DATA,GEN_DUID,1,"2015/09/16 17:25:00",WOOLNTH1,42.400017,"2015/09/16 17:20:09"
D,METER_DATA,GEN_DUID,1,"2015/09/16 17:25:00",WPWF,32,"2015/09/16 17:20:09"
D,METER_DATA,GEN_DUID,1,"2015/09/16 17:25:00",YAMBUKWF,0.30,"2015/09/16 17:20:09"
D,METER_DATA,GEN_DUID,1,"2015/09/16 17:30:00",ANGAS1,0,"2015/09/16 17:25:11"
D,METER_DATA,GEN_DUID,1,"2015/09/16 17:30:00",ANGAS2,0,"2015/09/16 17:25:11"
D,METER_DATA,GEN_DUID,1,"2015/09/16 17:30:00",BUTLERSG,-0.000002,"2015/09/16 17:25:11"
D,METER_DATA,GEN_DUID,1,"2015/09/16 17:30:00",CALL_A_4,0,"2015/09/16 17:25:11"
D,METER_DATA,GEN_DUID,1,"2015/09/16 17:30:00",CAPTL_WF,53.2080,"2015/09/16 17:25:11"
D,METER_DATA,GEN_DUID,1,"2015/09/16 17:30:00",CATHROCK,15.52,"2015/09/16 17:25:11"
D,METER_DATA,GEN_DUID,1,"2015/09/16 17:30:00",CHALLHWF,1.20,"2015/09/16 17:25:11"
D,METER_DATA,GEN_DUID,1,"2015/09/16 17:30:00",CLOVER,23,"2015/09/16 17:25:11"
D,METER_DATA,GEN_DUID,1,"2015/09/16 17:30:00",CLUNY,9.274210,"2015/09/16 17:25:11"
D,METER_DATA,GEN_DUID,1,"2015/09/16 17:30:00",CNUNDAWF,2.302686,"2015/09/16 17:25:11"
D,METER_DATA,GEN_DUID,1,"2015/09/16 17:30:00",CULLRGWF,17.42,"2015/09/16 17:25:11"
D,METER_DATA,GEN_DUID,1,"2015/09/16 17:30:00",ERGT01,0,"2015/09/16 17:25:11"
D,METER_DATA,GEN_DUID,1,"2015/09/16 17:30:00",GB01,0.208096,"2015/09/16 17:25:11"
D,METER_DATA,GEN_DUID,1,"2015/09/16 17:30:00",GERMCRK,31.10,"2015/09/16 17:25:11"
D,METER_DATA,GEN_DUID,1,"2015/09/16 17:30:00",INVICTA,11.6750,"2015/09/16 17:25:11"
D,METER_DATA,GEN_DUID,1,"2015/09/16 17:30:00",LKBONNY1,5.626490,"2015/09/16 17:25:11"
D,METER_DATA,GEN_DUID,1,"2015/09/16 17:30:00",MBAHNTH,50.456253,"2015/09/16 17:25:11"
D,METER_DATA,GEN_DUID,1,"2015/09/16 17:30:00",MLWF1,3.72,"2015/09/16 17:25:11"
D,METER_DATA,GEN_DUID,1,"2015/09/16 17:30:00",MTMILLAR,6.734387,"2015/09/16 17:25:11"
D,METER_DATA,GEN_DUID,1,"2015/09/16 17:30:00",PALOONA,20.09,"2015/09/16 17:25:11"
D,METER_DATA,GEN_DUID,1,"2015/09/16 17:30:00",PIONEER,48,"2015/09/16 17:25:11"
D,METER_DATA,GEN_DUID,1,"2015/09/16 17:30:00",PORTWF,3.60,"2015/09/16 17:25:11"
D,METER_DATA,GEN_DUID,1,"2015/09/16 17:30:00",REPULSE,14.424635,"2015/09/16 17:25:11"
D,METER_DATA,GEN_DUID,1,"2015/09/16 17:30:00",ROWALLAN,9.3436,"2015/09/16 17:25:11"
D,METER_DATA,GEN_DUID,1,"2015/09/16 17:30:00",RPCG,0.629084,"2015/09/16 17:25:11"
D,METER_DATA,GEN_DUID,1,"2015/09/16 17:30:00",RUBICON,0,"2015/09/16 17:25:11"
D,METER_DATA,GEN_DUID,1,"2015/09/16 17:30:00",STARHLWF,11.996502,"2015/09/16 17:25:11"
D,METER_DATA,GEN_DUID,1,"2015/09/16 17:30:00",WAUBRAWF,11.6720,"2015/09/16 17:25:11"
D,METER_DATA,GEN_DUID,1,"2015/09/16 17:30:00",WOOLNTH1,49.510017,"2015/09/16 17:25:11"
D,METER_DATA,GEN_DUID,1,"2015/09/16 17:30:00",WPWF,33,"2015/09/16 17:25:11"
D,METER_DATA,GEN_DUID,1,"2015/09/16 17:30:00",YAMBUKWF,0.30,"2015/09/16 17:25:11"
D,METER_DATA,GEN_DUID,1,"2015/09/16 17:35:00",ANGAS1,0,"2015/09/16 17:30:10"
D,METER_DATA,GEN_DUID,1,"2015/09/16 17:35:00",ANGAS2,0,"2015/09/16 17:30:10"
D,METER_DATA,GEN_DUID,1,"2015/09/16 17:35:00",BUTLERSG,-0.000002,"2015/09/16 17:30:10"
D,METER_DATA,GEN_DUID,1,"2015/09/16 17:35:00",CALL_A_4,0,"2015/09/16 17:30:10"
D,METER_DATA,GEN_DUID,1,"2015/09/16 17:35:00",CAPTL_WF,53.6120,"2015/09/16 17:30:10"
D,METER_DATA,GEN_DUID,1,"2015/09/16 17:35:00",CATHROCK,12.759999,"2015/09/16 17:30:10"
D,METER_DATA,GEN_DUID,1,"2015/09/16 17:35:00",CHALLHWF,1.70,"2015/09/16 17:30:10"
D,METER_DATA,GEN_DUID,1,"2015/09/16 17:35:00",CLOVER,22.83,"2015/09/16 17:30:10"
D,METER_DATA,GEN_DUID,1,"2015/09/16 17:35:00",CLUNY,9.1456,"2015/09/16 17:30:10"
D,METER_DATA,GEN_DUID,1,"2015/09/16 17:35:00",CNUNDAWF,2.603037,"2015/09/16 17:30:10"
D,METER_DATA,GEN_DUID,1,"2015/09/16 17:35:00",CULLRGWF,16.32,"2015/09/16 17:30:10"
D,METER_DATA,GEN_DUID,1,"2015/09/16 17:35:00",ERGT01,0,"2015/09/16 17:30:10"
D,METER_DATA,GEN_DUID,1,"2015/09/16 17:35:00",GB01,0.208096,"2015/09/16 17:30:10"
D,METER_DATA,GEN_DUID,1,"2015/09/16 17:35:00",GERMCRK,31.60,"2015/09/16 17:30:10"
D,METER_DATA,GEN_DUID,1,"2015/09/16 17:35:00",INVICTA,11.6750,"2015/09/16 17:30:10"
D,METER_DATA,GEN_DUID,1,"2015/09/16 17:35:00",LKBONNY1,4.733396,"2015/09/16 17:30:10"
D,METER_DATA,GEN_DUID,1,"2015/09/16 17:35:00",MBAHNTH,51.506252,"2015/09/16 17:30:10"
D,METER_DATA,GEN_DUID,1,"2015/09/16 17:35:00",MLWF1,2.34,"2015/09/16 17:30:10"
D,METER_DATA,GEN_DUID,1,"2015/09/16 17:35:00",MTMILLAR,7.508283,"2015/09/16 17:30:10"
D,METER_DATA,GEN_DUID,1,"2015/09/16 17:35:00",PALOONA,20.09,"2015/09/16 17:30:10"
D,METER_DATA,GEN_DUID,1,"2015/09/16 17:35:00",PIONEER,47.50,"2015/09/16 17:30:10"
D,METER_DATA,GEN_DUID,1,"2015/09/16 17:35:00",PORTWF,4.20,"2015/09/16 17:30:10"
D,METER_DATA,GEN_DUID,1,"2015/09/16 17:35:00",REPULSE,14.272195,"2015/09/16 17:30:10"
D,METER_DATA,GEN_DUID,1,"2015/09/16 17:35:00",ROWALLAN,9.4146,"2015/09/16 17:30:10"
D,METER_DATA,GEN_DUID,1,"2015/09/16 17:35:00",RPCG,0.571410,"2015/09/16 17:30:10"
D,METER_DATA,GEN_DUID,1,"2015/09/16 17:35:00",RUBICON,0,"2015/09/16 17:30:10"
D,METER_DATA,GEN_DUID,1,"2015/09/16 17:35:00",STARHLWF,11.896531,"2015/09/16 17:30:10"
D,METER_DATA,GEN_DUID,1,"2015/09/16 17:35:00",WAUBRAWF,9.6870,"2015/09/16 17:30:10"
D,METER_DATA,GEN_DUID,1,"2015/09/16 17:35:00",WOOLNTH1,52.860016,"2015/09/16 17:30:10"
D,METER_DATA,GEN_DUID,1,"2015/09/16 17:35:00",WPWF,36,"2015/09/16 17:30:10"
D,METER_DATA,GEN_DUID,1,"2015/09/16 17:35:00",YAMBUKWF,0,"2015/09/16 17:30:10"
D,METER_DATA,GEN_DUID,1,"2015/09/16 17:40:00",ANGAS1,0,"2015/09/16 17:35:12"
D,METER_DATA,GEN_DUID,1,"2015/09/16 17:40:00",ANGAS2,0,"2015/09/16 17:35:12"
D,METER_DATA,GEN_DUID,1,"2015/09/16 17:40:00",BUTLERSG,-0.000002,"2015/09/16 17:35:12"
D,METER_DATA,GEN_DUID,1,"2015/09/16 17:40:00",CALL_A_4,0,"2015/09/16 17:35:12"
D,METER_DATA,GEN_DUID,1,"2015/09/16 17:40:00",CAPTL_WF,50.071999,"2015/09/16 17:35:12"
D,METER_DATA,GEN_DUID,1,"2015/09/16 17:40:00",CATHROCK,15.539999,"2015/09/16 17:35:12"
D,METER_DATA,GEN_DUID,1,"2015/09/16 17:40:00",CHALLHWF,1.40,"2015/09/16 17:35:12"
D,METER_DATA,GEN_DUID,1,"2015/09/16 17:40:00",CLOVER,22.90,"2015/09/16 17:35:12"
D,METER_DATA,GEN_DUID,1,"2015/09/16 17:40:00",CLUNY,9.159890,"2015/09/16 17:35:12"
D,METER_DATA,GEN_DUID,1,"2015/09/16 17:40:00",CNUNDAWF,3.504088,"2015/09/16 17:35:12"
D,METER_DATA,GEN_DUID,1,"2015/09/16 17:40:00",CULLRGWF,16.639999,"2015/09/16 17:35:12"
D,METER_DATA,GEN_DUID,1,"2015/09/16 17:40:00",ERGT01,0,"2015/09/16 17:35:12"
D,METER_DATA,GEN_DUID,1,"2015/09/16 17:40:00",GB01,0.208096,"2015/09/16 17:35:12"
D,METER_DATA,GEN_DUID,1,"2015/09/16 17:40:00",GERMCRK,30.90,"2015/09/16 17:35:12"
D,METER_DATA,GEN_DUID,1,"2015/09/16 17:40:00",INVICTA,11.6750,"2015/09/16 17:35:12"
D,METER_DATA,GEN_DUID,1,"2015/09/16 17:40:00",LKBONNY1,5.537180,"2015/09/16 17:35:12"
D,METER_DATA,GEN_DUID,1,"2015/09/16 17:40:00",MBAHNTH,51.506252,"2015/09/16 17:35:12"
D,METER_DATA,GEN_DUID,1,"2015/09/16 17:40:00",MLWF1,1.92,"2015/09/16 17:35:12"
D,METER_DATA,GEN_DUID,1,"2015/09/16 17:40:00",MTMILLAR,7.009716,"2015/09/16 17:35:12"
D,METER_DATA,GEN_DUID,1,"2015/09/16 17:40:00",PALOONA,20.09,"2015/09/16 17:35:12"
D,METER_DATA,GEN_DUID,1,"2015/09/16 17:40:00",PIONEER,46.799999,"2015/09/16 17:35:12"
D,METER_DATA,GEN_DUID,1,"2015/09/16 17:40:00",PORTWF,4.50,"2015/09/16 17:35:12"
D,METER_DATA,GEN_DUID,1,"2015/09/16 17:40:00",REPULSE,14.329360,"2015/09/16 17:35:12"
D,METER_DATA,GEN_DUID,1,"2015/09/16 17:40:00",ROWALLAN,9.4927,"2015/09/16 17:35:12"
D,METER_DATA,GEN_DUID,1,"2015/09/16 17:40:00",RPCG,0.615877,"2015/09/16 17:35:12"
D,METER_DATA,GEN_DUID,1,"2015/09/16 17:40:00",RUBICON,0,"2015/09/16 17:35:12"
D,METER_DATA,GEN_DUID,1,"2015/09/16 17:40:00",STARHLWF,13.196152,"2015/09/16 17:35:12"
D,METER_DATA,GEN_DUID,1,"2015/09/16 17:40:00",WAUBRAWF,11.0910,"2015/09/16 17:35:12"
D,METER_DATA,GEN_DUID,1,"2015/09/16 17:40:00",WOOLNTH1,61.490017,"2015/09/16 17:35:12"
D,METER_DATA,GEN_DUID,1,"2015/09/16 17:40:00",WPWF,40,"2015/09/16 17:35:12"
D,METER_DATA,GEN_DUID,1,"2015/09/16 17:40:00",YAMBUKWF,0,"2015/09/16 17:35:12"
D,METER_DATA,GEN_DUID,1,"2015/09/16 17:45:00",ANGAS1,0,"2015/09/16 17:40:10"
D,METER_DATA,GEN_DUID,1,"2015/09/16 17:45:00",ANGAS2,0,"2015/09/16 17:40:10"
D,METER_DATA,GEN_DUID,1,"2015/09/16 17:45:00",BUTLERSG,-0.000002,"2015/09/16 17:40:10"
D,METER_DATA,GEN_DUID,1,"2015/09/16 17:45:00",CALL_A_4,0,"2015/09/16 17:40:10"
D,METER_DATA,GEN_DUID,1,"2015/09/16 17:45:00",CAPTL_WF,51.776001,"2015/09/16 17:40:10"
D,METER_DATA,GEN_DUID,1,"2015/09/16 17:45:00",CATHROCK,16.15,"2015/09/16 17:40:10"
D,METER_DATA,GEN_DUID,1,"2015/09/16 17:45:00",CHALLHWF,1.90,"2015/09/16 17:40:10"
D,METER_DATA,GEN_DUID,1,"2015/09/16 17:45:00",CLOVER,23.049999,"2015/09/16 17:40:10"
D,METER_DATA,GEN_DUID,1,"2015/09/16 17:45:00",CLUNY,9.402821,"2015/09/16 17:40:10"
D,METER_DATA,GEN_DUID,1,"2015/09/16 17:45:00",CNUNDAWF,2.703153,"2015/09/16 17:40:10"
D,METER_DATA,GEN_DUID,1,"2015/09/16 17:45:00",CULLRGWF,16.889999,"2015/09/16 17:40:10"
D,METER_DATA,GEN_DUID,1,"2015/09/16 17:45:00",ERGT01,0,"2015/09/16 17:40:10"
D,METER_DATA,GEN_DUID,1,"2015/09/16 17:45:00",GB01,0.208096,"2015/09/16 17:40:10"
D,METER_DATA,GEN_DUID,1,"2015/09/16 17:45:00",GERMCRK,31.799999,"2015/09/16 17:40:10"
D,METER_DATA,GEN_DUID,1,"2015/09/16 17:45:00",INVICTA,11.6750,"2015/09/16 17:40:10"
D,METER_DATA,GEN_DUID,1,"2015/09/16 17:45:00",LKBONNY1,6.251656,"2015/09/16 17:40:10"
D,METER_DATA,GEN_DUID,1,"2015/09/16 17:45:00",MBAHNTH,51.506252,"2015/09/16 17:40:10"
D,METER_DATA,GEN_DUID,1,"2015/09/16 17:45:00",MLWF1,1.6350,"2015/09/16 17:40:10"
D,METER_DATA,GEN_DUID,1,"2015/09/16 17:45:00",MTMILLAR,8.364034,"2015/09/16 17:40:10"
D,METER_DATA,GEN_DUID,1,"2015/09/16 17:45:00",PALOONA,20.09,"2015/09/16 17:40:10"
D,METER_DATA,GEN_DUID,1,"2015/09/16 17:45:00",PIONEER,46.50,"2015/09/16 17:40:10"
D,METER_DATA,GEN_DUID,1,"2015/09/16 17:45:00",PORTWF,3.30,"2015/09/16 17:40:10"
D,METER_DATA,GEN_DUID,1,"2015/09/16 17:45:00",REPULSE,14.062590,"2015/09/16 17:40:10"
D,METER_DATA,GEN_DUID,1,"2015/09/16 17:45:00",ROWALLAN,9.5140,"2015/09/16 17:40:10"
D,METER_DATA,GEN_DUID,1,"2015/09/16 17:45:00",RPCG,4.782227,"2015/09/16 17:40:10"
D,METER_DATA,GEN_DUID,1,"2015/09/16 17:45:00",RUBICON,0,"2015/09/16 17:40:10"
D,METER_DATA,GEN_DUID,1,"2015/09/16 17:45:00",STARHLWF,12.496356,"2015/09/16 17:40:10"
D,METER_DATA,GEN_DUID,1,"2015/09/16 17:45:00",WAUBRAWF,14.4010,"2015/09/16 17:40:10"
D,METER_DATA,GEN_DUID,1,"2015/09/16 17:45:00",WOOLNTH1,62.090019,"2015/09/16 17:40:10"
D,METER_DATA,GEN_DUID,1,"2015/09/16 17:45:00",WPWF,43,"2015/09/16 17:40:10"
D,METER_DATA,GEN_DUID,1,"2015/09/16 17:45:00",YAMBUKWF,-0.20,"2015/09/16 17:40:10"
D,METER_DATA,GEN_DUID,1,"2015/09/16 17:50:00",ANGAS1,0,"2015/09/16 17:45:12"
D,METER_DATA,GEN_DUID,1,"2015/09/16 17:50:00",ANGAS2,0,"2015/09/16 17:45:12"
D,METER_DATA,GEN_DUID,1,"2015/09/16 17:50:00",BUTLERSG,-0.000002,"2015/09/16 17:45:12"
D,METER_DATA,GEN_DUID,1,"2015/09/16 17:50:00",CALL_A_4,0,"2015/09/16 17:45:12"
D,METER_DATA,GEN_DUID,1,"2015/09/16 17:50:00",CAPTL_WF,49.540001,"2015/09/16 17:45:12"
D,METER_DATA,GEN_DUID,1,"2015/09/16 17:50:00",CATHROCK,14.489999,"2015/09/16 17:45:12"
D,METER_DATA,GEN_DUID,1,"2015/09/16 17:50:00",CHALLHWF,2.40,"2015/09/16 17:45:12"
D,METER_DATA,GEN_DUID,1,"2015/09/16 17:50:00",CLOVER,22.82,"2015/09/16 17:45:12"
D,METER_DATA,GEN_DUID,1,"2015/09/16 17:50:00",CLUNY,8.831221,"2015/09/16 17:45:12"
D,METER_DATA,GEN_DUID,1,"2015/09/16 17:50:00",CNUNDAWF,3.504088,"2015/09/16 17:45:12"
D,METER_DATA,GEN_DUID,1,"2015/09/16 17:50:00",CULLRGWF,18.41,"2015/09/16 17:45:12"
D,METER_DATA,GEN_DUID,1,"2015/09/16 17:50:00",ERGT01,0,"2015/09/16 17:45:12"
D,METER_DATA,GEN_DUID,1,"2015/09/16 17:50:00",GB01,0.208096,"2015/09/16 17:45:12"
D,METER_DATA,GEN_DUID,1,"2015/09/16 17:50:00",GERMCRK,32.299999,"2015/09/16 17:45:12"
D,METER_DATA,GEN_DUID,1,"2015/09/16 17:50:00",INVICTA,11.6750,"2015/09/16 17:45:12"
D,METER_DATA,GEN_DUID,1,"2015/09/16 17:50:00",LKBONNY1,6.608893,"2015/09/16 17:45:12"
D,METER_DATA,GEN_DUID,1,"2015/09/16 17:50:00",MBAHNTH,51.506252,"2015/09/16 17:45:12"
D,METER_DATA,GEN_DUID,1,"2015/09/16 17:50:00",MLWF1,0.90,"2015/09/16 17:45:12"
D,METER_DATA,GEN_DUID,1,"2015/09/16 17:50:00",MTMILLAR,8.602156,"2015/09/16 17:45:12"
D,METER_DATA,GEN_DUID,1,"2015/09/16 17:50:00",PALOONA,20.09,"2015/09/16 17:45:12"
D,METER_DATA,GEN_DUID,1,"2015/09/16 17:50:00",PIONEER,47.900002,"2015/09/16 17:45:12"
D,METER_DATA,GEN_DUID,1,"2015/09/16 17:50:00",PORTWF,3,"2015/09/16 17:45:12"
D,METER_DATA,GEN_DUID,1,"2015/09/16 17:50:00",REPULSE,13.433775,"2015/09/16 17:45:12"
D,METER_DATA,GEN_DUID,1,"2015/09/16 17:50:00",ROWALLAN,9.4217,"2015/09/16 17:45:12"
D,METER_DATA,GEN_DUID,1,"2015/09/16 17:50:00",RPCG,0.739690,"2015/09/16 17:45:12"
D,METER_DATA,GEN_DUID,1,"2015/09/16 17:50:00",RUBICON,0,"2015/09/16 17:45:12"
D,METER_DATA,GEN_DUID,1,"2015/09/16 17:50:00",STARHLWF,12.996210,"2015/09/16 17:45:12"
D,METER_DATA,GEN_DUID,1,"2015/09/16 17:50:00",WAUBRAWF,15.3430,"2015/09/16 17:45:12"
D,METER_DATA,GEN_DUID,1,"2015/09/16 17:50:00",WOOLNTH1,60.800018,"2015/09/16 17:45:12"
D,METER_DATA,GEN_DUID,1,"2015/09/16 17:50:00",WPWF,43,"2015/09/16 17:45:12"
D,METER_DATA,GEN_DUID,1,"2015/09/16 17:50:00",YAMBUKWF,-0.30,"2015/09/16 17:45:12"
D,METER_DATA,GEN_DUID,1,"2015/09/16 17:55:00",ANGAS1,0,"2015/09/16 17:50:12"
D,METER_DATA,GEN_DUID,1,"2015/09/16 17:55:00",ANGAS2,0,"2015/09/16 17:50:12"
D,METER_DATA,GEN_DUID,1,"2015/09/16 17:55:00",BUTLERSG,-0.000002,"2015/09/16 17:50:12"
D,METER_DATA,GEN_DUID,1,"2015/09/16 17:55:00",CALL_A_4,0,"2015/09/16 17:50:12"
D,METER_DATA,GEN_DUID,1,"2015/09/16 17:55:00",CAPTL_WF,47.7080,"2015/09/16 17:50:12"
D,METER_DATA,GEN_DUID,1,"2015/09/16 17:55:00",CATHROCK,17.029999,"2015/09/16 17:50:12"
D,METER_DATA,GEN_DUID,1,"2015/09/16 17:55:00",CHALLHWF,2.50,"2015/09/16 17:50:12"
D,METER_DATA,GEN_DUID,1,"2015/09/16 17:55:00",CLOVER,22.66,"2015/09/16 17:50:12"
D,METER_DATA,GEN_DUID,1,"2015/09/16 17:55:00",CLUNY,8.559711,"2015/09/16 17:50:12"
D,METER_DATA,GEN_DUID,1,"2015/09/16 17:55:00",CNUNDAWF,3.504088,"2015/09/16 17:50:12"
D,METER_DATA,GEN_DUID,1,"2015/09/16 17:55:00",CULLRGWF,18.530001,"2015/09/16 17:50:12"
D,METER_DATA,GEN_DUID,1,"2015/09/16 17:55:00",ERGT01,0,"2015/09/16 17:50:12"
D,METER_DATA,GEN_DUID,1,"2015/09/16 17:55:00",GB01,0.208096,"2015/09/16 17:50:12"
D,METER_DATA,GEN_DUID,1,"2015/09/16 17:55:00",GERMCRK,31.50,"2015/09/16 17:50:12"
D,METER_DATA,GEN_DUID,1,"2015/09/16 17:55:00",INVICTA,11.6750,"2015/09/16 17:50:12"
D,METER_DATA,GEN_DUID,1,"2015/09/16 17:55:00",LKBONNY1,6.073037,"2015/09/16 17:50:12"
D,METER_DATA,GEN_DUID,1,"2015/09/16 17:55:00",MBAHNTH,51.506252,"2015/09/16 17:50:12"
D,METER_DATA,GEN_DUID,1,"2015/09/16 17:55:00",MLWF1,0.7950,"2015/09/16 17:50:12"
D,METER_DATA,GEN_DUID,1,"2015/09/16 17:55:00",MTMILLAR,8.237532,"2015/09/16 17:50:12"
D,METER_DATA,GEN_DUID,1,"2015/09/16 17:55:00",PALOONA,20.09,"2015/09/16 17:50:12"
D,METER_DATA,GEN_DUID,1,"2015/09/16 17:55:00",PIONEER,47.100002,"2015/09/16 17:50:12"
D,METER_DATA,GEN_DUID,1,"2015/09/16 17:55:00",PORTWF,2.80,"2015/09/16 17:50:12"
D,METER_DATA,GEN_DUID,1,"2015/09/16 17:55:00",REPULSE,13.910150,"2015/09/16 17:50:12"
D,METER_DATA,GEN_DUID,1,"2015/09/16 17:55:00",ROWALLAN,9.4288,"2015/09/16 17:50:12"
D,METER_DATA,GEN_DUID,1,"2015/09/16 17:55:00",RPCG,0.716723,"2015/09/16 17:50:12"
D,METER_DATA,GEN_DUID,1,"2015/09/16 17:55:00",RUBICON,0,"2015/09/16 17:50:12"
D,METER_DATA,GEN_DUID,1,"2015/09/16 17:55:00",STARHLWF,13.596035,"2015/09/16 17:50:12"
D,METER_DATA,GEN_DUID,1,"2015/09/16 17:55:00",WAUBRAWF,17.0830,"2015/09/16 17:50:12"
D,METER_DATA,GEN_DUID,1,"2015/09/16 17:55:00",WOOLNTH1,64.240021,"2015/09/16 17:50:12"
D,METER_DATA,GEN_DUID,1,"2015/09/16 17:55:00",WPWF,50,"2015/09/16 17:50:12"
D,METER_DATA,GEN_DUID,1,"2015/09/16 17:55:00",YAMBUKWF,-0.20,"2015/09/16 17:50:12"
D,METER_DATA,GEN_DUID,1,"2015/09/16 18:00:00",ANGAS1,0,"2015/09/16 17:55:11"
D,METER_DATA,GEN_DUID,1,"2015/09/16 18:00:00",ANGAS2,0,"2015/09/16 17:55:11"
D,METER_DATA,GEN_DUID,1,"2015/09/16 18:00:00",BUTLERSG,-0.000002,"2015/09/16 17:55:11"
D,METER_DATA,GEN_DUID,1,"2015/09/16 18:00:00",CALL_A_4,0,"2015/09/16 17:55:11"
D,METER_DATA,GEN_DUID,1,"2015/09/16 18:00:00",CAPTL_WF,49.1520,"2015/09/16 17:55:11"
D,METER_DATA,GEN_DUID,1,"2015/09/16 18:00:00",CATHROCK,17.699999,"2015/09/16 17:55:11"
D,METER_DATA,GEN_DUID,1,"2015/09/16 18:00:00",CHALLHWF,2.20,"2015/09/16 17:55:11"
D,METER_DATA,GEN_DUID,1,"2015/09/16 18:00:00",CLOVER,22.759998,"2015/09/16 17:55:11"
D,METER_DATA,GEN_DUID,1,"2015/09/16 18:00:00",CLUNY,8.688320,"2015/09/16 17:55:11"
D,METER_DATA,GEN_DUID,1,"2015/09/16 18:00:00",CNUNDAWF,2.803270,"2015/09/16 17:55:11"
D,METER_DATA,GEN_DUID,1,"2015/09/16 18:00:00",CULLRGWF,19.25,"2015/09/16 17:55:11"
D,METER_DATA,GEN_DUID,1,"2015/09/16 18:00:00",ERGT01,0,"2015/09/16 17:55:11"
D,METER_DATA,GEN_DUID,1,"2015/09/16 18:00:00",GB01,0.208096,"2015/09/16 17:55:11"
D,METER_DATA,GEN_DUID,1,"2015/09/16 18:00:00",GERMCRK,31.200001,"2015/09/16 17:55:11"
D,METER_DATA,GEN_DUID,1,"2015/09/16 18:00:00",INVICTA,11.6750,"2015/09/16 17:55:11"
D,METER_DATA,GEN_DUID,1,"2015/09/16 18:00:00",LKBONNY1,6.608893,"2015/09/16 17:55:11"
D,METER_DATA,GEN_DUID,1,"2015/09/16 18:00:00",MBAHNTH,51.506252,"2015/09/16 17:55:11"
D,METER_DATA,GEN_DUID,1,"2015/09/16 18:00:00",MLWF1,1.0050,"2015/09/16 17:55:11"
D,METER_DATA,GEN_DUID,1,"2015/09/16 18:00:00",MTMILLAR,8.207767,"2015/09/16 17:55:11"
D,METER_DATA,GEN_DUID,1,"2015/09/16 18:00:00",PALOONA,20.09,"2015/09/16 17:55:11"
D,METER_DATA,GEN_DUID,1,"2015/09/16 18:00:00",PIONEER,48.400002,"2015/09/16 17:55:11"
D,METER_DATA,GEN_DUID,1,"2015/09/16 18:00:00",PORTWF,2.80,"2015/09/16 17:55:11"
D,METER_DATA,GEN_DUID,1,"2015/09/16 18:00:00",REPULSE,14.176920,"2015/09/16 17:55:11"
D,METER_DATA,GEN_DUID,1,"2015/09/16 18:00:00",ROWALLAN,9.4856,"2015/09/16 17:55:11"
D,METER_DATA,GEN_DUID,1,"2015/09/16 18:00:00",RPCG,4.912132,"2015/09/16 17:55:11"
D,METER_DATA,GEN_DUID,1,"2015/09/16 18:00:00",RUBICON,0,"2015/09/16 17:55:11"
D,METER_DATA,GEN_DUID,1,"2015/09/16 18:00:00",STARHLWF,12.996210,"2015/09/16 17:55:11"
D,METER_DATA,GEN_DUID,1,"2015/09/16 18:00:00",WAUBRAWF,20.542999,"2015/09/16 17:55:11"
D,METER_DATA,GEN_DUID,1,"2015/09/16 18:00:00",WOOLNTH1,71.470016,"2015/09/16 17:55:11"
D,METER_DATA,GEN_DUID,1,"2015/09/16 18:00:00",WPWF,51,"2015/09/16 17:55:11"
D,METER_DATA,GEN_DUID,1,"2015/09/16 18:00:00",YAMBUKWF,-0.10,"2015/09/16 17:55:11"
D,METER_DATA,GEN_DUID,1,"2015/09/16 18:05:00",ANGAS1,0,"2015/09/16 18:00:13"
D,METER_DATA,GEN_DUID,1,"2015/09/16 18:05:00",ANGAS2,0,"2015/09/16 18:00:13"
D,METER_DATA,GEN_DUID,1,"2015/09/16 18:05:00",BUTLERSG,-0.000002,"2015/09/16 18:00:13"
D,METER_DATA,GEN_DUID,1,"2015/09/16 18:05:00",CALL_A_4,0,"2015/09/16 18:00:13"
D,METER_DATA,GEN_DUID,1,"2015/09/16 18:05:00",CAPTL_WF,47.048004,"2015/09/16 18:00:13"
D,METER_DATA,GEN_DUID,1,"2015/09/16 18:05:00",CATHROCK,23.679998,"2015/09/16 18:00:13"
D,METER_DATA,GEN_DUID,1,"2015/09/16 18:05:00",CHALLHWF,1,"2015/09/16 18:00:13"
D,METER_DATA,GEN_DUID,1,"2015/09/16 18:05:00",CLOVER,22.68,"2015/09/16 18:00:13"
D,METER_DATA,GEN_DUID,1,"2015/09/16 18:05:00",CLUNY,8.7169,"2015/09/16 18:00:13"
D,METER_DATA,GEN_DUID,1,"2015/09/16 18:05:00",CNUNDAWF,2.803270,"2015/09/16 18:00:13"
D,METER_DATA,GEN_DUID,1,"2015/09/16 18:05:00",CULLRGWF,18.52,"2015/09/16 18:00:13"
D,METER_DATA,GEN_DUID,1,"2015/09/16 18:05:00",ERGT01,0,"2015/09/16 18:00:13"
D,METER_DATA,GEN_DUID,1,"2015/09/16 18:05:00",GB01,0.208096,"2015/09/16 18:00:13"
D,METER_DATA,GEN_DUID,1,"2015/09/16 18:05:00",GERMCRK,31.60,"2015/09/16 18:00:13"
D,METER_DATA,GEN_DUID,1,"2015/09/16 18:05:00",INVICTA,11.6750,"2015/09/16 18:00:13"
D,METER_DATA,GEN_DUID,1,"2015/09/16 18:05:00",LKBONNY1,6.519584,"2015/09/16 18:00:13"
D,METER_DATA,GEN_DUID,1,"2015/09/16 18:05:00",MBAHNTH,51.506252,"2015/09/16 18:00:13"
D,METER_DATA,GEN_DUID,1,"2015/09/16 18:05:00",MLWF1,1.11,"2015/09/16 18:00:13"
D,METER_DATA,GEN_DUID,1,"2015/09/16 18:05:00",MTMILLAR,6.496265,"2015/09/16 18:00:13"
D,METER_DATA,GEN_DUID,1,"2015/09/16 18:05:00",PALOONA,20.09,"2015/09/16 18:00:13"
D,METER_DATA,GEN_DUID,1,"2015/09/16 18:05:00",PIONEER,43.600002,"2015/09/16 18:00:13"
D,METER_DATA,GEN_DUID,1,"2015/09/16 18:05:00",PORTWF,3.60,"2015/09/16 18:00:13"
D,METER_DATA,GEN_DUID,1,"2015/09/16 18:05:00",REPULSE,14.253139,"2015/09/16 18:00:13"
D,METER_DATA,GEN_DUID,1,"2015/09/16 18:05:00",ROWALLAN,9.3507,"2015/09/16 18:00:13"
D,METER_DATA,GEN_DUID,1,"2015/09/16 18:05:00",RPCG,4.893514,"2015/09/16 18:00:13"
D,METER_DATA,GEN_DUID,1,"2015/09/16 18:05:00",RUBICON,0,"2015/09/16 18:00:13"
D,METER_DATA,GEN_DUID,1,"2015/09/16 18:05:00",STARHLWF,12.096473,"2015/09/16 18:00:13"
D,METER_DATA,GEN_DUID,1,"2015/09/16 18:05:00",WAUBRAWF,23.455999,"2015/09/16 18:00:13"
D,METER_DATA,GEN_DUID,1,"2015/09/16 18:05:00",WOOLNTH1,76.780014,"2015/09/16 18:00:13"
D,METER_DATA,GEN_DUID,1,"2015/09/16 18:05:00",WPWF,52,"2015/09/16 18:00:13"
D,METER_DATA,GEN_DUID,1,"2015/09/16 18:05:00",YAMBUKWF,0,"2015/09/16 18:00:13"
D,METER_DATA,GEN_DUID,1,"2015/09/16 18:10:00",ANGAS1,0,"2015/09/16 18:05:14"
D,METER_DATA,GEN_DUID,1,"2015/09/16 18:10:00",ANGAS2,0,"2015/09/16 18:05:14"
D,METER_DATA,GEN_DUID,1,"2015/09/16 18:10:00",BUTLERSG,-0.000002,"2015/09/16 18:05:14"
D,METER_DATA,GEN_DUID,1,"2015/09/16 18:10:00",CALL_A_4,0,"2015/09/16 18:05:14"
D,METER_DATA,GEN_DUID,1,"2015/09/16 18:10:00",CAPTL_WF,48.951996,"2015/09/16 18:05:14"
D,METER_DATA,GEN_DUID,1,"2015/09/16 18:10:00",CATHROCK,24.619999,"2015/09/16 18:05:14"
D,METER_DATA,GEN_DUID,1,"2015/09/16 18:10:00",CHALLHWF,0.70,"2015/09/16 18:05:14"
D,METER_DATA,GEN_DUID,1,"2015/09/16 18:10:00",CLOVER,22.950001,"2015/09/16 18:05:14"
D,METER_DATA,GEN_DUID,1,"2015/09/16 18:10:00",CLUNY,11.246230,"2015/09/16 18:05:14"
D,METER_DATA,GEN_DUID,1,"2015/09/16 18:10:00",CNUNDAWF,2.402803,"2015/09/16 18:05:14"
D,METER_DATA,GEN_DUID,1,"2015/09/16 18:10:00",CULLRGWF,18.370001,"2015/09/16 18:05:14"
D,METER_DATA,GEN_DUID,1,"2015/09/16 18:10:00",ERGT01,0,"2015/09/16 18:05:14"
D,METER_DATA,GEN_DUID,1,"2015/09/16 18:10:00",GB01,0.208096,"2015/09/16 18:05:14"
D,METER_DATA,GEN_DUID,1,"2015/09/16 18:10:00",GERMCRK,32.099998,"2015/09/16 18:05:14"
D,METER_DATA,GEN_DUID,1,"2015/09/16 18:10:00",INVICTA,11.6750,"2015/09/16 18:05:14"
D,METER_DATA,GEN_DUID,1,"2015/09/16 18:10:00",LKBONNY1,6.519584,"2015/09/16 18:05:14"
D,METER_DATA,GEN_DUID,1,"2015/09/16 18:10:00",MBAHNTH,51.506252,"2015/09/16 18:05:14"
D,METER_DATA,GEN_DUID,1,"2015/09/16 18:10:00",MLWF1,1.11,"2015/09/16 18:05:14"
D,METER_DATA,GEN_DUID,1,"2015/09/16 18:10:00",MTMILLAR,5.506570,"2015/09/16 18:05:14"
D,METER_DATA,GEN_DUID,1,"2015/09/16 18:10:00",PALOONA,20.09,"2015/09/16 18:05:14"
D,METER_DATA,GEN_DUID,1,"2015/09/16 18:10:00",PIONEER,42.600002,"2015/09/16 18:05:14"
D,METER_DATA,GEN_DUID,1,"2015/09/16 18:10:00",PORTWF,3.20,"2015/09/16 18:05:14"
D,METER_DATA,GEN_DUID,1,"2015/09/16 18:10:00",REPULSE,18.788229,"2015/09/16 18:05:14"
D,METER_DATA,GEN_DUID,1,"2015/09/16 18:10:00",ROWALLAN,9.4572,"2015/09/16 18:05:14"
D,METER_DATA,GEN_DUID,1,"2015/09/16 18:10:00",RPCG,4.944642,"2015/09/16 18:05:14"
D,METER_DATA,GEN_DUID,1,"2015/09/16 18:10:00",RUBICON,0,"2015/09/16 18:05:14"
D,METER_DATA,GEN_DUID,1,"2015/09/16 18:10:00",STARHLWF,14.195861,"2015/09/16 18:05:14"
D,METER_DATA,GEN_DUID,1,"2015/09/16 18:10:00",WAUBRAWF,21.969999,"2015/09/16 18:05:14"
D,METER_DATA,GEN_DUID,1,"2015/09/16 18:10:00",WOOLNTH1,64.170013,"2015/09/16 18:05:14"
D,METER_DATA,GEN_DUID,1,"2015/09/16 18:10:00",WPWF,48,"2015/09/16 18:05:14"
D,METER_DATA,GEN_DUID,1,"2015/09/16 18:10:00",YAMBUKWF,0,"2015/09/16 18:05:14"
D,METER_DATA,GEN_DUID,1,"2015/09/16 18:15:00",ANGAS1,0,"2015/09/16 18:10:13"
D,METER_DATA,GEN_DUID,1,"2015/09/16 18:15:00",ANGAS2,0,"2015/09/16 18:10:13"
D,METER_DATA,GEN_DUID,1,"2015/09/16 18:15:00",BUTLERSG,-0.000002,"2015/09/16 18:10:13"
D,METER_DATA,GEN_DUID,1,"2015/09/16 18:15:00",CALL_A_4,0,"2015/09/16 18:10:13"
D,METER_DATA,GEN_DUID,1,"2015/09/16 18:15:00",CAPTL_WF,48.099998,"2015/09/16 18:10:13"
D,METER_DATA,GEN_DUID,1,"2015/09/16 18:15:00",CATHROCK,27.319998,"2015/09/16 18:10:13"
D,METER_DATA,GEN_DUID,1,"2015/09/16 18:15:00",CHALLHWF,0.10,"2015/09/16 18:10:13"
D,METER_DATA,GEN_DUID,1,"2015/09/16 18:15:00",CLOVER,23.130001,"2015/09/16 18:10:13"
D,METER_DATA,GEN_DUID,1,"2015/09/16 18:15:00",CLUNY,16.990810,"2015/09/16 18:10:13"
D,METER_DATA,GEN_DUID,1,"2015/09/16 18:15:00",CNUNDAWF,2.402803,"2015/09/16 18:10:13"
D,METER_DATA,GEN_DUID,1,"2015/09/16 18:15:00",CULLRGWF,19.60,"2015/09/16 18:10:13"
D,METER_DATA,GEN_DUID,1,"2015/09/16 18:15:00",ERGT01,0,"2015/09/16 18:10:13"
D,METER_DATA,GEN_DUID,1,"2015/09/16 18:15:00",GB01,0.208096,"2015/09/16 18:10:13"
D,METER_DATA,GEN_DUID,1,"2015/09/16 18:15:00",GERMCRK,31.299999,"2015/09/16 18:10:13"
D,METER_DATA,GEN_DUID,1,"2015/09/16 18:15:00",INVICTA,10.2250,"2015/09/16 18:10:13"
D,METER_DATA,GEN_DUID,1,"2015/09/16 18:15:00",LKBONNY1,6.340965,"2015/09/16 18:10:13"
D,METER_DATA,GEN_DUID,1,"2015/09/16 18:15:00",MBAHNTH,51.506252,"2015/09/16 18:10:13"
D,METER_DATA,GEN_DUID,1,"2015/09/16 18:15:00",MLWF1,1.53,"2015/09/16 18:10:13"
D,METER_DATA,GEN_DUID,1,"2015/09/16 18:15:00",MTMILLAR,6.109317,"2015/09/16 18:10:13"
D,METER_DATA,GEN_DUID,1,"2015/09/16 18:15:00",PALOONA,20.09,"2015/09/16 18:10:13"
D,METER_DATA,GEN_DUID,1,"2015/09/16 18:15:00",PIONEER,42.400002,"2015/09/16 18:10:13"
D,METER_DATA,GEN_DUID,1,"2015/09/16 18:15:00",PORTWF,2,"2015/09/16 18:10:13"
D,METER_DATA,GEN_DUID,1,"2015/09/16 18:15:00",REPULSE,31.421694,"2015/09/16 18:10:13"
D,METER_DATA,GEN_DUID,1,"2015/09/16 18:15:00",ROWALLAN,9.5992,"2015/09/16 18:10:13"
D,METER_DATA,GEN_DUID,1,"2015/09/16 18:15:00",RPCG,4.817673,"2015/09/16 18:10:13"
D,METER_DATA,GEN_DUID,1,"2015/09/16 18:15:00",RUBICON,0,"2015/09/16 18:10:13"
D,METER_DATA,GEN_DUID,1,"2015/09/16 18:15:00",STARHLWF,13.596035,"2015/09/16 18:10:13"
D,METER_DATA,GEN_DUID,1,"2015/09/16 18:15:00",WAUBRAWF,20.7850,"2015/09/16 18:10:13"
D,METER_DATA,GEN_DUID,1,"2015/09/16 18:15:00",WOOLNTH1,62.660019,"2015/09/16 18:10:13"
D,METER_DATA,GEN_DUID,1,"2015/09/16 18:15:00",WPWF,52,"2015/09/16 18:10:13"
D,METER_DATA,GEN_DUID,1,"2015/09/16 18:15:00",YAMBUKWF,0.10,"2015/09/16 18:10:13"
D,METER_DATA,GEN_DUID,1,"2015/09/16 18:20:00",ANGAS1,0,"2015/09/16 18:15:12"
D,METER_DATA,GEN_DUID,1,"2015/09/16 18:20:00",ANGAS2,0,"2015/09/16 18:15:12"
D,METER_DATA,GEN_DUID,1,"2015/09/16 18:20:00",BUTLERSG,-0.000002,"2015/09/16 18:15:12"
D,METER_DATA,GEN_DUID,1,"2015/09/16 18:20:00",CALL_A_4,0,"2015/09/16 18:15:12"
D,METER_DATA,GEN_DUID,1,"2015/09/16 18:20:00",CAPTL_WF,49.607994,"2015/09/16 18:15:12"
D,METER_DATA,GEN_DUID,1,"2015/09/16 18:20:00",CATHROCK,21.15,"2015/09/16 18:15:12"
D,METER_DATA,GEN_DUID,1,"2015/09/16 18:20:00",CHALLHWF,0.50,"2015/09/16 18:15:12"
D,METER_DATA,GEN_DUID,1,"2015/09/16 18:20:00",CLOVER,22.84,"2015/09/16 18:15:12"
D,METER_DATA,GEN_DUID,1,"2015/09/16 18:20:00",CLUNY,17.362350,"2015/09/16 18:15:12"
D,METER_DATA,GEN_DUID,1,"2015/09/16 18:20:00",CNUNDAWF,2.402803,"2015/09/16 18:15:12"
D,METER_DATA,GEN_DUID,1,"2015/09/16 18:20:00",CULLRGWF,18.940001,"2015/09/16 18:15:12"
D,METER_DATA,GEN_DUID,1,"2015/09/16 18:20:00",ERGT01,0,"2015/09/16 18:15:12"
D,METER_DATA,GEN_DUID,1,"2015/09/16 18:20:00",GB01,0.208096,"2015/09/16 18:15:12"
D,METER_DATA,GEN_DUID,1,"2015/09/16 18:20:00",GERMCRK,32,"2015/09/16 18:15:12"
D,METER_DATA,GEN_DUID,1,"2015/09/16 18:20:00",INVICTA,10.2250,"2015/09/16 18:15:12"
D,METER_DATA,GEN_DUID,1,"2015/09/16 18:20:00",LKBONNY1,6.251656,"2015/09/16 18:15:12"
D,METER_DATA,GEN_DUID,1,"2015/09/16 18:20:00",MBAHNTH,51.506252,"2015/09/16 18:15:12"
D,METER_DATA,GEN_DUID,1,"2015/09/16 18:20:00",MLWF1,2.16,"2015/09/16 18:15:12"
D,METER_DATA,GEN_DUID,1,"2015/09/16 18:20:00",MTMILLAR,6.704622,"2015/09/16 18:15:12"
D,METER_DATA,GEN_DUID,1,"2015/09/16 18:20:00",PALOONA,20.09,"2015/09/16 18:15:12"
D,METER_DATA,GEN_DUID,1,"2015/09/16 18:20:00",PIONEER,38.200001,"2015/09/16 18:15:12"
D,METER_DATA,GEN_DUID,1,"2015/09/16 18:20:00",PORTWF,3.20,"2015/09/16 18:15:12"
D,METER_DATA,GEN_DUID,1,"2015/09/16 18:20:00",REPULSE,29.573359,"2015/09/16 18:15:12"
D,METER_DATA,GEN_DUID,1,"2015/09/16 18:20:00",ROWALLAN,9.3507,"2015/09/16 18:15:12"
D,METER_DATA,GEN_DUID,1,"2015/09/16 18:20:00",RPCG,4.693093,"2015/09/16 18:15:12"
D,METER_DATA,GEN_DUID,1,"2015/09/16 18:20:00",RUBICON,0,"2015/09/16 18:15:12"
D,METER_DATA,GEN_DUID,1,"2015/09/16 18:20:00",STARHLWF,15.195569,"2015/09/16 18:15:12"
D,METER_DATA,GEN_DUID,1,"2015/09/16 18:20:00",WAUBRAWF,18.8050,"2015/09/16 18:15:12"
D,METER_DATA,GEN_DUID,1,"2015/09/16 18:20:00",WOOLNTH1,63.960014,"2015/09/16 18:15:12"
D,METER_DATA,GEN_DUID,1,"2015/09/16 18:20:00",WPWF,57,"2015/09/16 18:15:12"
D,METER_DATA,GEN_DUID,1,"2015/09/16 18:20:00",YAMBUKWF,0.30,"2015/09/16 18:15:12"
D,METER_DATA,GEN_DUID,1,"2015/09/16 18:25:00",ANGAS1,0,"2015/09/16 18:20:11"
D,METER_DATA,GEN_DUID,1,"2015/09/16 18:25:00",ANGAS2,0,"2015/09/16 18:20:11"
D,METER_DATA,GEN_DUID,1,"2015/09/16 18:25:00",BUTLERSG,-0.000002,"2015/09/16 18:20:11"
D,METER_DATA,GEN_DUID,1,"2015/09/16 18:25:00",CALL_A_4,0,"2015/09/16 18:20:11"
D,METER_DATA,GEN_DUID,1,"2015/09/16 18:25:00",CAPTL_WF,50.919998,"2015/09/16 18:20:11"
D,METER_DATA,GEN_DUID,1,"2015/09/16 18:25:00",CATHROCK,21.919998,"2015/09/16 18:20:11"
D,METER_DATA,GEN_DUID,1,"2015/09/16 18:25:00",CHALLHWF,0.50,"2015/09/16 18:20:11"
D,METER_DATA,GEN_DUID,1,"2015/09/16 18:25:00",CLOVER,22.610001,"2015/09/16 18:20:11"
D,METER_DATA,GEN_DUID,1,"2015/09/16 18:25:00",CLUNY,17.0051,"2015/09/16 18:20:11"
D,METER_DATA,GEN_DUID,1,"2015/09/16 18:25:00",CNUNDAWF,3.203737,"2015/09/16 18:20:11"
D,METER_DATA,GEN_DUID,1,"2015/09/16 18:25:00",CULLRGWF,20.02,"2015/09/16 18:20:11"
D,METER_DATA,GEN_DUID,1,"2015/09/16 18:25:00",ERGT01,0,"2015/09/16 18:20:11"
D,METER_DATA,GEN_DUID,1,"2015/09/16 18:25:00",GB01,0.208096,"2015/09/16 18:20:11"
D,METER_DATA,GEN_DUID,1,"2015/09/16 18:25:00",GERMCRK,31.799999,"2015/09/16 18:20:11"
D,METER_DATA,GEN_DUID,1,"2015/09/16 18:25:00",INVICTA,10.2250,"2015/09/16 18:20:11"
D,METER_DATA,GEN_DUID,1,"2015/09/16 18:25:00",LKBONNY1,-0.538647,"2015/09/16 18:20:11"
D,METER_DATA,GEN_DUID,1,"2015/09/16 18:25:00",MBAHNTH,51.506252,"2015/09/16 18:20:11"
D,METER_DATA,GEN_DUID,1,"2015/09/16 18:25:00",MLWF1,2.3550,"2015/09/16 18:20:11"
D,METER_DATA,GEN_DUID,1,"2015/09/16 18:25:00",MTMILLAR,6.622767,"2015/09/16 18:20:11"
D,METER_DATA,GEN_DUID,1,"2015/09/16 18:25:00",PALOONA,20.17,"2015/09/16 18:20:11"
D,METER_DATA,GEN_DUID,1,"2015/09/16 18:25:00",PIONEER,41.900002,"2015/09/16 18:20:11"
D,METER_DATA,GEN_DUID,1,"2015/09/16 18:25:00",PORTWF,2.60,"2015/09/16 18:20:11"
D,METER_DATA,GEN_DUID,1,"2015/09/16 18:25:00",REPULSE,29.7258,"2015/09/16 18:20:11"
D,METER_DATA,GEN_DUID,1,"2015/09/16 18:25:00",ROWALLAN,9.3507,"2015/09/16 18:20:11"
D,METER_DATA,GEN_DUID,1,"2015/09/16 18:25:00",RPCG,4.845946,"2015/09/16 18:20:11"
D,METER_DATA,GEN_DUID,1,"2015/09/16 18:25:00",RUBICON,0,"2015/09/16 18:20:11"
D,METER_DATA,GEN_DUID,1,"2015/09/16 18:25:00",STARHLWF,16.795103,"2015/09/16 18:20:11"
D,METER_DATA,GEN_DUID,1,"2015/09/16 18:25:00",WAUBRAWF,17.0660,"2015/09/16 18:20:11"
D,METER_DATA,GEN_DUID,1,"2015/09/16 18:25:00",WOOLNTH1,56.440018,"2015/09/16 18:20:11"
D,METER_DATA,GEN_DUID,1,"2015/09/16 18:25:00",WPWF,50,"2015/09/16 18:20:11"
D,METER_DATA,GEN_DUID,1,"2015/09/16 18:25:00",YAMBUKWF,0.30,"2015/09/16 18:20:11"
D,METER_DATA,GEN_DUID,1,"2015/09/16 18:30:00",ANGAS1,0,"2015/09/16 18:25:12"
D,METER_DATA,GEN_DUID,1,"2015/09/16 18:30:00",ANGAS2,0,"2015/09/16 18:25:12"
D,METER_DATA,GEN_DUID,1,"2015/09/16 18:30:00",BUTLERSG,-0.000002,"2015/09/16 18:25:12"
D,METER_DATA,GEN_DUID,1,"2015/09/16 18:30:00",CALL_A_4,0,"2015/09/16 18:25:12"
D,METER_DATA,GEN_DUID,1,"2015/09/16 18:30:00",CAPTL_WF,49.3480,"2015/09/16 18:25:12"
D,METER_DATA,GEN_DUID,1,"2015/09/16 18:30:00",CATHROCK,21.329998,"2015/09/16 18:25:12"
D,METER_DATA,GEN_DUID,1,"2015/09/16 18:30:00",CHALLHWF,0.60,"2015/09/16 18:25:12"
D,METER_DATA,GEN_DUID,1,"2015/09/16 18:30:00",CLOVER,22.860001,"2015/09/16 18:25:12"
D,METER_DATA,GEN_DUID,1,"2015/09/16 18:30:00",CLUNY,16.805040,"2015/09/16 18:25:12"
D,METER_DATA,GEN_DUID,1,"2015/09/16 18:30:00",CNUNDAWF,2.002336,"2015/09/16 18:25:12"
D,METER_DATA,GEN_DUID,1,"2015/09/16 18:30:00",CULLRGWF,19.77,"2015/09/16 18:25:12"
D,METER_DATA,GEN_DUID,1,"2015/09/16 18:30:00",ERGT01,0,"2015/09/16 18:25:12"
D,METER_DATA,GEN_DUID,1,"2015/09/16 18:30:00",GB01,0.208096,"2015/09/16 18:25:12"
D,METER_DATA,GEN_DUID,1,"2015/09/16 18:30:00",GERMCRK,31.799999,"2015/09/16 18:25:12"
D,METER_DATA,GEN_DUID,1,"2015/09/16 18:30:00",INVICTA,10.2250,"2015/09/16 18:25:12"
D,METER_DATA,GEN_DUID,1,"2015/09/16 18:30:00",LKBONNY1,-0.538647,"2015/09/16 18:25:12"
D,METER_DATA,GEN_DUID,1,"2015/09/16 18:30:00",MBAHNTH,51.506252,"2015/09/16 18:25:12"
D,METER_DATA,GEN_DUID,1,"2015/09/16 18:30:00",MLWF1,2.46,"2015/09/16 18:25:12"
D,METER_DATA,GEN_DUID,1,"2015/09/16 18:30:00",MTMILLAR,6.399528,"2015/09/16 18:25:12"
D,METER_DATA,GEN_DUID,1,"2015/09/16 18:30:00",PALOONA,19.90,"2015/09/16 18:25:12"
D,METER_DATA,GEN_DUID,1,"2015/09/16 18:30:00",PIONEER,46.600002,"2015/09/16 18:25:12"
D,METER_DATA,GEN_DUID,1,"2015/09/16 18:30:00",PORTWF,2.80,"2015/09/16 18:25:12"
D,METER_DATA,GEN_DUID,1,"2015/09/16 18:30:00",REPULSE,30.278395,"2015/09/16 18:25:12"
D,METER_DATA,GEN_DUID,1,"2015/09/16 18:30:00",ROWALLAN,9.5140,"2015/09/16 18:25:12"
D,METER_DATA,GEN_DUID,1,"2015/09/16 18:30:00",RPCG,4.803377,"2015/09/16 18:25:12"
D,METER_DATA,GEN_DUID,1,"2015/09/16 18:30:00",RUBICON,0,"2015/09/16 18:25:12"
D,METER_DATA,GEN_DUID,1,"2015/09/16 18:30:00",STARHLWF,19.794228,"2015/09/16 18:25:12"
D,METER_DATA,GEN_DUID,1,"2015/09/16 18:30:00",WAUBRAWF,15.7130,"2015/09/16 18:25:12"
D,METER_DATA,GEN_DUID,1,"2015/09/16 18:30:00",WOOLNTH1,54.480019,"2015/09/16 18:25:12"
D,METER_DATA,GEN_DUID,1,"2015/09/16 18:30:00",WPWF,47,"2015/09/16 18:25:12"
D,METER_DATA,GEN_DUID,1,"2015/09/16 18:30:00",YAMBUKWF,0.50,"2015/09/16 18:25:12"
D,METER_DATA,GEN_DUID,1,"2015/09/16 18:35:00",ANGAS1,0,"2015/09/16 18:30:11"
D,METER_DATA,GEN_DUID,1,"2015/09/16 18:35:00",ANGAS2,0,"2015/09/16 18:30:11"
D,METER_DATA,GEN_DUID,1,"2015/09/16 18:35:00",BUTLERSG,-0.000002,"2015/09/16 18:30:11"
D,METER_DATA,GEN_DUID,1,"2015/09/16 18:35:00",CALL_A_4,0,"2015/09/16 18:30:11"
D,METER_DATA,GEN_DUID,1,"2015/09/16 18:35:00",CAPTL_WF,49.087997,"2015/09/16 18:30:11"
D,METER_DATA,GEN_DUID,1,"2015/09/16 18:35:00",CATHROCK,20.889999,"2015/09/16 18:30:11"
D,METER_DATA,GEN_DUID,1,"2015/09/16 18:35:00",CHALLHWF,1.10,"2015/09/16 18:30:11"
D,METER_DATA,GEN_DUID,1,"2015/09/16 18:35:00",CLOVER,22.889999,"2015/09/16 18:30:11"
D,METER_DATA,GEN_DUID,1,"2015/09/16 18:35:00",CLUNY,16.747881,"2015/09/16 18:30:11"
D,METER_DATA,GEN_DUID,1,"2015/09/16 18:35:00",CNUNDAWF,1.802102,"2015/09/16 18:30:11"
D,METER_DATA,GEN_DUID,1,"2015/09/16 18:35:00",CULLRGWF,18.620001,"2015/09/16 18:30:11"
D,METER_DATA,GEN_DUID,1,"2015/09/16 18:35:00",ERGT01,0,"2015/09/16 18:30:11"
D,METER_DATA,GEN_DUID,1,"2015/09/16 18:35:00",GB01,0.208096,"2015/09/16 18:30:11"
D,METER_DATA,GEN_DUID,1,"2015/09/16 18:35:00",GERMCRK,31.799999,"2015/09/16 18:30:11"
D,METER_DATA,GEN_DUID,1,"2015/09/16 18:35:00",INVICTA,13.7250,"2015/09/16 18:30:11"
D,METER_DATA,GEN_DUID,1,"2015/09/16 18:35:00",LKBONNY1,-0.538647,"2015/09/16 18:30:11"
D,METER_DATA,GEN_DUID,1,"2015/09/16 18:35:00",MBAHNTH,51.506252,"2015/09/16 18:30:11"
D,METER_DATA,GEN_DUID,1,"2015/09/16 18:35:00",MLWF1,2.4750,"2015/09/16 18:30:11"
D,METER_DATA,GEN_DUID,1,"2015/09/16 18:35:00",MTMILLAR,8.3938,"2015/09/16 18:30:11"
D,METER_DATA,GEN_DUID,1,"2015/09/16 18:35:00",PALOONA,20.109999,"2015/09/16 18:30:11"
D,METER_DATA,GEN_DUID,1,"2015/09/16 18:35:00",PIONEER,45.100002,"2015/09/16 18:30:11"
D,METER_DATA,GEN_DUID,1,"2015/09/16 18:35:00",PORTWF,3.20,"2015/09/16 18:30:11"
D,METER_DATA,GEN_DUID,1,"2015/09/16 18:35:00",REPULSE,30.106899,"2015/09/16 18:30:11"
D,METER_DATA,GEN_DUID,1,"2015/09/16 18:35:00",ROWALLAN,9.4714,"2015/09/16 18:30:11"
D,METER_DATA,GEN_DUID,1,"2015/09/16 18:35:00",RPCG,4.757765,"2015/09/16 18:30:11"
D,METER_DATA,GEN_DUID,1,"2015/09/16 18:35:00",RUBICON,0,"2015/09/16 18:30:11"
D,METER_DATA,GEN_DUID,1,"2015/09/16 18:35:00",STARHLWF,22.293499,"2015/09/16 18:30:11"
D,METER_DATA,GEN_DUID,1,"2015/09/16 18:35:00",WAUBRAWF,16.537001,"2015/09/16 18:30:11"
D,METER_DATA,GEN_DUID,1,"2015/09/16 18:35:00",WOOLNTH1,52.530014,"2015/09/16 18:30:11"
D,METER_DATA,GEN_DUID,1,"2015/09/16 18:35:00",WPWF,42,"2015/09/16 18:30:11"
D,METER_DATA,GEN_DUID,1,"2015/09/16 18:35:00",YAMBUKWF,0.10,"2015/09/16 18:30:11"
D,METER_DATA,GEN_DUID,1,"2015/09/16 18:40:00",ANGAS1,0,"2015/09/16 18:35:12"
D,METER_DATA,GEN_DUID,1,"2015/09/16 18:40:00",ANGAS2,0,"2015/09/16 18:35:12"
D,METER_DATA,GEN_DUID,1,"2015/09/16 18:40:00",BUTLERSG,-0.000002,"2015/09/16 18:35:12"
D,METER_DATA,GEN_DUID,1,"2015/09/16 18:40:00",CALL_A_4,0,"2015/09/16 18:35:12"
D,METER_DATA,GEN_DUID,1,"2015/09/16 18:40:00",CAPTL_WF,51.639999,"2015/09/16 18:35:12"
D,METER_DATA,GEN_DUID,1,"2015/09/16 18:40:00",CATHROCK,23.599998,"2015/09/16 18:35:12"
D,METER_DATA,GEN_DUID,1,"2015/09/16 18:40:00",CHALLHWF,1,"2015/09/16 18:35:12"
D,METER_DATA,GEN_DUID,1,"2015/09/16 18:40:00",CLOVER,22.860001,"2015/09/16 18:35:12"
D,METER_DATA,GEN_DUID,1,"2015/09/16 18:40:00",CLUNY,14.018490,"2015/09/16 18:35:12"
D,METER_DATA,GEN_DUID,1,"2015/09/16 18:40:00",CNUNDAWF,1.401635,"2015/09/16 18:35:12"
D,METER_DATA,GEN_DUID,1,"2015/09/16 18:40:00",CULLRGWF,16.59,"2015/09/16 18:35:12"
D,METER_DATA,GEN_DUID,1,"2015/09/16 18:40:00",ERGT01,0,"2015/09/16 18:35:12"
D,METER_DATA,GEN_DUID,1,"2015/09/16 18:40:00",GB01,0.208096,"2015/09/16 18:35:12"
D,METER_DATA,GEN_DUID,1,"2015/09/16 18:40:00",GERMCRK,31.700001,"2015/09/16 18:35:12"
D,METER_DATA,GEN_DUID,1,"2015/09/16 18:40:00",INVICTA,14.80,"2015/09/16 18:35:12"
D,METER_DATA,GEN_DUID,1,"2015/09/16 18:40:00",LKBONNY1,-0.538647,"2015/09/16 18:35:12"
D,METER_DATA,GEN_DUID,1,"2015/09/16 18:40:00",MBAHNTH,51.506252,"2015/09/16 18:35:12"
D,METER_DATA,GEN_DUID,1,"2015/09/16 18:40:00",MLWF1,2.5950,"2015/09/16 18:35:12"
D,METER_DATA,GEN_DUID,1,"2015/09/16 18:40:00",MTMILLAR,7.709198,"2015/09/16 18:35:12"
D,METER_DATA,GEN_DUID,1,"2015/09/16 18:40:00",PALOONA,19.98,"2015/09/16 18:35:12"
D,METER_DATA,GEN_DUID,1,"2015/09/16 18:40:00",PIONEER,44,"2015/09/16 18:35:12"
D,METER_DATA,GEN_DUID,1,"2015/09/16 18:40:00",PORTWF,3.80,"2015/09/16 18:35:12"
D,METER_DATA,GEN_DUID,1,"2015/09/16 18:40:00",REPULSE,24.790554,"2015/09/16 18:35:12"
D,METER_DATA,GEN_DUID,1,"2015/09/16 18:40:00",ROWALLAN,9.4288,"2015/09/16 18:35:12"
D,METER_DATA,GEN_DUID,1,"2015/09/16 18:40:00",RPCG,4.658896,"2015/09/16 18:35:12"
D,METER_DATA,GEN_DUID,1,"2015/09/16 18:40:00",RUBICON,0,"2015/09/16 18:35:12"
D,METER_DATA,GEN_DUID,1,"2015/09/16 18:40:00",STARHLWF,22.693382,"2015/09/16 18:35:12"
D,METER_DATA,GEN_DUID,1,"2015/09/16 18:40:00",WAUBRAWF,17.77,"2015/09/16 18:35:12"
D,METER_DATA,GEN_DUID,1,"2015/09/16 18:40:00",WOOLNTH1,45.430016,"2015/09/16 18:35:12"
D,METER_DATA,GEN_DUID,1,"2015/09/16 18:40:00",WPWF,41,"2015/09/16 18:35:12"
D,METER_DATA,GEN_DUID,1,"2015/09/16 18:40:00",YAMBUKWF,0.20,"2015/09/16 18:35:12"
D,METER_DATA,GEN_DUID,1,"2015/09/16 18:45:00",ANGAS1,0,"2015/09/16 18:40:12"
D,METER_DATA,GEN_DUID,1,"2015/09/16 18:45:00",ANGAS2,0,"2015/09/16 18:40:12"
D,METER_DATA,GEN_DUID,1,"2015/09/16 18:45:00",BUTLERSG,-0.000002,"2015/09/16 18:40:12"
D,METER_DATA,GEN_DUID,1,"2015/09/16 18:45:00",CALL_A_4,0,"2015/09/16 18:40:12"
D,METER_DATA,GEN_DUID,1,"2015/09/16 18:45:00",CAPTL_WF,46.659996,"2015/09/16 18:40:12"
D,METER_DATA,GEN_DUID,1,"2015/09/16 18:45:00",CATHROCK,21.079998,"2015/09/16 18:40:12"
D,METER_DATA,GEN_DUID,1,"2015/09/16 18:45:00",CHALLHWF,1.50,"2015/09/16 18:40:12"
D,METER_DATA,GEN_DUID,1,"2015/09/16 18:45:00",CLOVER,22.889999,"2015/09/16 18:40:12"
D,METER_DATA,GEN_DUID,1,"2015/09/16 18:45:00",CLUNY,8.774060,"2015/09/16 18:40:12"
D,METER_DATA,GEN_DUID,1,"2015/09/16 18:45:00",CNUNDAWF,1.401635,"2015/09/16 18:40:12"
D,METER_DATA,GEN_DUID,1,"2015/09/16 18:45:00",CULLRGWF,16.51,"2015/09/16 18:40:12"
D,METER_DATA,GEN_DUID,1,"2015/09/16 18:45:00",ERGT01,0,"2015/09/16 18:40:12"
D,METER_DATA,GEN_DUID,1,"2015/09/16 18:45:00",GB01,0.208096,"2015/09/16 18:40:12"
D,METER_DATA,GEN_DUID,1,"2015/09/16 18:45:00",GERMCRK,32,"2015/09/16 18:40:12"
D,METER_DATA,GEN_DUID,1,"2015/09/16 18:45:00",INVICTA,18.300001,"2015/09/16 18:40:12"
D,METER_DATA,GEN_DUID,1,"2015/09/16 18:45:00",LKBONNY1,-0.538647,"2015/09/16 18:40:12"
D,METER_DATA,GEN_DUID,1,"2015/09/16 18:45:00",MBAHNTH,51.506252,"2015/09/16 18:40:12"
D,METER_DATA,GEN_DUID,1,"2015/09/16 18:45:00",MLWF1,1.95,"2015/09/16 18:40:12"
D,METER_DATA,GEN_DUID,1,"2015/09/16 18:45:00",MTMILLAR,6.860889,"2015/09/16 18:40:12"
D,METER_DATA,GEN_DUID,1,"2015/09/16 18:45:00",PALOONA,20.109999,"2015/09/16 18:40:12"
D,METER_DATA,GEN_DUID,1,"2015/09/16 18:45:00",PIONEER,46.200001,"2015/09/16 18:40:12"
D,METER_DATA,GEN_DUID,1,"2015/09/16 18:45:00",PORTWF,3.20,"2015/09/16 18:40:12"
D,METER_DATA,GEN_DUID,1,"2015/09/16 18:45:00",REPULSE,13.586215,"2015/09/16 18:40:12"
D,METER_DATA,GEN_DUID,1,"2015/09/16 18:45:00",ROWALLAN,9.5495,"2015/09/16 18:40:12"
D,METER_DATA,GEN_DUID,1,"2015/09/16 18:45:00",RPCG,0.131340,"2015/09/16 18:40:12"
D,METER_DATA,GEN_DUID,1,"2015/09/16 18:45:00",RUBICON,0,"2015/09/16 18:40:12"
D,METER_DATA,GEN_DUID,1,"2015/09/16 18:45:00",STARHLWF,22.793354,"2015/09/16 18:40:12"
D,METER_DATA,GEN_DUID,1,"2015/09/16 18:45:00",WAUBRAWF,17.6110,"2015/09/16 18:40:12"
D,METER_DATA,GEN_DUID,1,"2015/09/16 18:45:00",WOOLNTH1,49.460014,"2015/09/16 18:40:12"
D,METER_DATA,GEN_DUID,1,"2015/09/16 18:45:00",WPWF,40,"2015/09/16 18:40:12"
D,METER_DATA,GEN_DUID,1,"2015/09/16 18:45:00",YAMBUKWF,0,"2015/09/16 18:40:12"
D,METER_DATA,GEN_DUID,1,"2015/09/16 18:50:00",ANGAS1,0,"2015/09/16 18:45:09"
D,METER_DATA,GEN_DUID,1,"2015/09/16 18:50:00",ANGAS2,0,"2015/09/16 18:45:09"
D,METER_DATA,GEN_DUID,1,"2015/09/16 18:50:00",BUTLERSG,-0.000002,"2015/09/16 18:45:09"
D,METER_DATA,GEN_DUID,1,"2015/09/16 18:50:00",CALL_A_4,0,"2015/09/16 18:45:09"
D,METER_DATA,GEN_DUID,1,"2015/09/16 18:50:00",CAPTL_WF,33.884003,"2015/09/16 18:45:09"
D,METER_DATA,GEN_DUID,1,"2015/09/16 18:50:00",CATHROCK,22.759998,"2015/09/16 18:45:09"
D,METER_DATA,GEN_DUID,1,"2015/09/16 18:50:00",CHALLHWF,2,"2015/09/16 18:45:09"
D,METER_DATA,GEN_DUID,1,"2015/09/16 18:50:00",CLOVER,22.799999,"2015/09/16 18:45:09"
D,METER_DATA,GEN_DUID,1,"2015/09/16 18:50:00",CLUNY,9.074150,"2015/09/16 18:45:09"
D,METER_DATA,GEN_DUID,1,"2015/09/16 18:50:00",CNUNDAWF,1.401635,"2015/09/16 18:45:09"
D,METER_DATA,GEN_DUID,1,"2015/09/16 18:50:00",CULLRGWF,12.56,"2015/09/16 18:45:09"
D,METER_DATA,GEN_DUID,1,"2015/09/16 18:50:00",ERGT01,0,"2015/09/16 18:45:09"
D,METER_DATA,GEN_DUID,1,"2015/09/16 18:50:00",GB01,0.208096,"2015/09/16 18:45:09"
D,METER_DATA,GEN_DUID,1,"2015/09/16 18:50:00",GERMCRK,32.200001,"2015/09/16 18:45:09"
D,METER_DATA,GEN_DUID,1,"2015/09/16 18:50:00",INVICTA,22.700001,"2015/09/16 18:45:09"
D,METER_DATA,GEN_DUID,1,"2015/09/16 18:50:00",LKBONNY1,-0.538647,"2015/09/16 18:45:09"
D,METER_DATA,GEN_DUID,1,"2015/09/16 18:50:00",MBAHNTH,51.506252,"2015/09/16 18:45:09"
D,METER_DATA,GEN_DUID,1,"2015/09/16 18:50:00",MLWF1,1.41,"2015/09/16 18:45:09"
D,METER_DATA,GEN_DUID,1,"2015/09/16 18:50:00",MTMILLAR,7.054363,"2015/09/16 18:45:09"
D,METER_DATA,GEN_DUID,1,"2015/09/16 18:50:00",PALOONA,20.109999,"2015/09/16 18:45:09"
D,METER_DATA,GEN_DUID,1,"2015/09/16 18:50:00",PIONEER,43.900002,"2015/09/16 18:45:09"
D,METER_DATA,GEN_DUID,1,"2015/09/16 18:50:00",PORTWF,3.20,"2015/09/16 18:45:09"
D,METER_DATA,GEN_DUID,1,"2015/09/16 18:50:00",REPULSE,13.757710,"2015/09/16 18:45:09"
D,METER_DATA,GEN_DUID,1,"2015/09/16 18:50:00",ROWALLAN,9.4075,"2015/09/16 18:45:09"
D,METER_DATA,GEN_DUID,1,"2015/09/16 18:50:00",RPCG,4.675950,"2015/09/16 18:45:09"
D,METER_DATA,GEN_DUID,1,"2015/09/16 18:50:00",RUBICON,0,"2015/09/16 18:45:09"
D,METER_DATA,GEN_DUID,1,"2015/09/16 18:50:00",STARHLWF,25.092684,"2015/09/16 18:45:09"
D,METER_DATA,GEN_DUID,1,"2015/09/16 18:50:00",WAUBRAWF,17.7010,"2015/09/16 18:45:09"
D,METER_DATA,GEN_DUID,1,"2015/09/16 18:50:00",WOOLNTH1,51.710014,"2015/09/16 18:45:09"
D,METER_DATA,GEN_DUID,1,"2015/09/16 18:50:00",WPWF,39,"2015/09/16 18:45:09"
D,METER_DATA,GEN_DUID,1,"2015/09/16 18:50:00",YAMBUKWF,0,"2015/09/16 18:45:09"
D,METER_DATA,GEN_DUID,1,"2015/09/16 18:55:00",ANGAS1,0,"2015/09/16 18:50:13"
D,METER_DATA,GEN_DUID,1,"2015/09/16 18:55:00",ANGAS2,0,"2015/09/16 18:50:13"
D,METER_DATA,GEN_DUID,1,"2015/09/16 18:55:00",BUTLERSG,-0.000002,"2015/09/16 18:50:13"
D,METER_DATA,GEN_DUID,1,"2015/09/16 18:55:00",CALL_A_4,0,"2015/09/16 18:50:13"
D,METER_DATA,GEN_DUID,1,"2015/09/16 18:55:00",CAPTL_WF,30.352005,"2015/09/16 18:50:13"
D,METER_DATA,GEN_DUID,1,"2015/09/16 18:55:00",CATHROCK,21.449999,"2015/09/16 18:50:13"
D,METER_DATA,GEN_DUID,1,"2015/09/16 18:55:00",CHALLHWF,2.30,"2015/09/16 18:50:13"
D,METER_DATA,GEN_DUID,1,"2015/09/16 18:55:00",CLOVER,22.76,"2015/09/16 18:50:13"
D,METER_DATA,GEN_DUID,1,"2015/09/16 18:55:00",CLUNY,9.159890,"2015/09/16 18:50:13"
D,METER_DATA,GEN_DUID,1,"2015/09/16 18:55:00",CNUNDAWF,1.001168,"2015/09/16 18:50:13"
D,METER_DATA,GEN_DUID,1,"2015/09/16 18:55:00",CULLRGWF,11.24,"2015/09/16 18:50:13"
D,METER_DATA,GEN_DUID,1,"2015/09/16 18:55:00",ERGT01,0,"2015/09/16 18:50:13"
D,METER_DATA,GEN_DUID,1,"2015/09/16 18:55:00",GB01,0.208096,"2015/09/16 18:50:13"
D,METER_DATA,GEN_DUID,1,"2015/09/16 18:55:00",GERMCRK,32.099998,"2015/09/16 18:50:13"
D,METER_DATA,GEN_DUID,1,"2015/09/16 18:55:00",INVICTA,22.300001,"2015/09/16 18:50:13"
D,METER_DATA,GEN_DUID,1,"2015/09/16 18:55:00",LKBONNY1,-0.449338,"2015/09/16 18:50:13"
D,METER_DATA,GEN_DUID,1,"2015/09/16 18:55:00",MBAHNTH,51.506252,"2015/09/16 18:50:13"
D,METER_DATA,GEN_DUID,1,"2015/09/16 18:55:00",MLWF1,0.9750,"2015/09/16 18:50:13"
D,METER_DATA,GEN_DUID,1,"2015/09/16 18:55:00",MTMILLAR,6.697180,"2015/09/16 18:50:13"
D,METER_DATA,GEN_DUID,1,"2015/09/16 18:55:00",PALOONA,20.129999,"2015/09/16 18:50:13"
D,METER_DATA,GEN_DUID,1,"2015/09/16 18:55:00",PIONEER,43.299999,"2015/09/16 18:50:13"
D,METER_DATA,GEN_DUID,1,"2015/09/16 18:55:00",PORTWF,3.20,"2015/09/16 18:50:13"
D,METER_DATA,GEN_DUID,1,"2015/09/16 18:55:00",REPULSE,13.872040,"2015/09/16 18:50:13"
D,METER_DATA,GEN_DUID,1,"2015/09/16 18:55:00",ROWALLAN,9.4004,"2015/09/16 18:50:13"
D,METER_DATA,GEN_DUID,1,"2015/09/16 18:55:00",RPCG,4.972595,"2015/09/16 18:50:13"
D,METER_DATA,GEN_DUID,1,"2015/09/16 18:55:00",RUBICON,0,"2015/09/16 18:50:13"
D,METER_DATA,GEN_DUID,1,"2015/09/16 18:55:00",STARHLWF,22.293499,"2015/09/16 18:50:13"
D,METER_DATA,GEN_DUID,1,"2015/09/16 18:55:00",WAUBRAWF,21.5390,"2015/09/16 18:50:13"
D,METER_DATA,GEN_DUID,1,"2015/09/16 18:55:00",WOOLNTH1,58.550018,"2015/09/16 18:50:13"
D,METER_DATA,GEN_DUID,1,"2015/09/16 18:55:00",WPWF,44,"2015/09/16 18:50:13"
D,METER_DATA,GEN_DUID,1,"2015/09/16 18:55:00",YAMBUKWF,-0.20,"2015/09/16 18:50:13"
D,METER_DATA,GEN_DUID,1,"2015/09/16 19:00:00",ANGAS1,0,"2015/09/16 18:55:11"
D,METER_DATA,GEN_DUID,1,"2015/09/16 19:00:00",ANGAS2,0,"2015/09/16 18:55:11"
D,METER_DATA,GEN_DUID,1,"2015/09/16 19:00:00",BUTLERSG,-0.000002,"2015/09/16 18:55:11"
D,METER_DATA,GEN_DUID,1,"2015/09/16 19:00:00",CALL_A_4,0,"2015/09/16 18:55:11"
D,METER_DATA,GEN_DUID,1,"2015/09/16 19:00:00",CAPTL_WF,30.012001,"2015/09/16 18:55:11"
D,METER_DATA,GEN_DUID,1,"2015/09/16 19:00:00",CATHROCK,23.049999,"2015/09/16 18:55:11"
D,METER_DATA,GEN_DUID,1,"2015/09/16 19:00:00",CHALLHWF,2.70,"2015/09/16 18:55:11"
D,METER_DATA,GEN_DUID,1,"2015/09/16 19:00:00",CLOVER,22.90,"2015/09/16 18:55:11"
D,METER_DATA,GEN_DUID,1,"2015/09/16 19:00:00",CLUNY,9.560010,"2015/09/16 18:55:11"
D,METER_DATA,GEN_DUID,1,"2015/09/16 19:00:00",CNUNDAWF,1.701985,"2015/09/16 18:55:11"
D,METER_DATA,GEN_DUID,1,"2015/09/16 19:00:00",CULLRGWF,10.99,"2015/09/16 18:55:11"
D,METER_DATA,GEN_DUID,1,"2015/09/16 19:00:00",ERGT01,0,"2015/09/16 18:55:11"
D,METER_DATA,GEN_DUID,1,"2015/09/16 19:00:00",GB01,0.208096,"2015/09/16 18:55:11"
D,METER_DATA,GEN_DUID,1,"2015/09/16 19:00:00",GERMCRK,32,"2015/09/16 18:55:11"
D,METER_DATA,GEN_DUID,1,"2015/09/16 19:00:00",INVICTA,22.300001,"2015/09/16 18:55:11"
D,METER_DATA,GEN_DUID,1,"2015/09/16 19:00:00",LKBONNY1,-0.538647,"2015/09/16 18:55:11"
D,METER_DATA,GEN_DUID,1,"2015/09/16 19:00:00",MBAHNTH,51.506252,"2015/09/16 18:55:11"
D,METER_DATA,GEN_DUID,1,"2015/09/16 19:00:00",MLWF1,0.87,"2015/09/16 18:55:11"
D,METER_DATA,GEN_DUID,1,"2015/09/16 19:00:00",MTMILLAR,5.863753,"2015/09/16 18:55:11"
D,METER_DATA,GEN_DUID,1,"2015/09/16 19:00:00",PALOONA,20.049999,"2015/09/16 18:55:11"
D,METER_DATA,GEN_DUID,1,"2015/09/16 19:00:00",PIONEER,42.50,"2015/09/16 18:55:11"
D,METER_DATA,GEN_DUID,1,"2015/09/16 19:00:00",PORTWF,3.20,"2015/09/16 18:55:11"
D,METER_DATA,GEN_DUID,1,"2015/09/16 19:00:00",REPULSE,14.367470,"2015/09/16 18:55:11"
D,METER_DATA,GEN_DUID,1,"2015/09/16 19:00:00",ROWALLAN,9.6205,"2015/09/16 18:55:11"
D,METER_DATA,GEN_DUID,1,"2015/09/16 19:00:00",RPCG,4.794572,"2015/09/16 18:55:11"
D,METER_DATA,GEN_DUID,1,"2015/09/16 19:00:00",RUBICON,0,"2015/09/16 18:55:11"
D,METER_DATA,GEN_DUID,1,"2015/09/16 19:00:00",STARHLWF,22.493441,"2015/09/16 18:55:11"
D,METER_DATA,GEN_DUID,1,"2015/09/16 19:00:00",WAUBRAWF,24.3440,"2015/09/16 18:55:11"
D,METER_DATA,GEN_DUID,1,"2015/09/16 19:00:00",WOOLNTH1,60.150017,"2015/09/16 18:55:11"
D,METER_DATA,GEN_DUID,1,"2015/09/16 19:00:00",WPWF,50,"2015/09/16 18:55:11"
D,METER_DATA,GEN_DUID,1,"2015/09/16 19:00:00",YAMBUKWF,-0.10,"2015/09/16 18:55:11"
D,METER_DATA,GEN_DUID,1,"2015/09/16 19:05:00",ANGAS1,0,"2015/09/16 19:00:12"
D,METER_DATA,GEN_DUID,1,"2015/09/16 19:05:00",ANGAS2,0,"2015/09/16 19:00:12"
D,METER_DATA,GEN_DUID,1,"2015/09/16 19:05:00",BUTLERSG,-0.000002,"2015/09/16 19:00:12"
D,METER_DATA,GEN_DUID,1,"2015/09/16 19:05:00",CALL_A_4,0,"2015/09/16 19:00:12"
D,METER_DATA,GEN_DUID,1,"2015/09/16 19:05:00",CAPTL_WF,30.799995,"2015/09/16 19:00:12"
D,METER_DATA,GEN_DUID,1,"2015/09/16 19:05:00",CATHROCK,27.129999,"2015/09/16 19:00:12"
D,METER_DATA,GEN_DUID,1,"2015/09/16 19:05:00",CHALLHWF,2.50,"2015/09/16 19:00:12"
D,METER_DATA,GEN_DUID,1,"2015/09/16 19:05:00",CLOVER,22.73,"2015/09/16 19:00:12"
D,METER_DATA,GEN_DUID,1,"2015/09/16 19:05:00",CLUNY,8.959830,"2015/09/16 19:00:12"
D,METER_DATA,GEN_DUID,1,"2015/09/16 19:05:00",CNUNDAWF,2.102453,"2015/09/16 19:00:12"
D,METER_DATA,GEN_DUID,1,"2015/09/16 19:05:00",CULLRGWF,11.77,"2015/09/16 19:00:12"
D,METER_DATA,GEN_DUID,1,"2015/09/16 19:05:00",ERGT01,0,"2015/09/16 19:00:12"
D,METER_DATA,GEN_DUID,1,"2015/09/16 19:05:00",GB01,0.208096,"2015/09/16 19:00:12"
D,METER_DATA,GEN_DUID,1,"2015/09/16 19:05:00",GERMCRK,32.099998,"2015/09/16 19:00:12"
D,METER_DATA,GEN_DUID,1,"2015/09/16 19:05:00",INVICTA,27.825001,"2015/09/16 19:00:12"
D,METER_DATA,GEN_DUID,1,"2015/09/16 19:05:00",LKBONNY1,-0.449338,"2015/09/16 19:00:12"
D,METER_DATA,GEN_DUID,1,"2015/09/16 19:05:00",MBAHNTH,51.506252,"2015/09/16 19:00:12"
D,METER_DATA,GEN_DUID,1,"2015/09/16 19:05:00",MLWF1,0.78,"2015/09/16 19:00:12"
D,METER_DATA,GEN_DUID,1,"2015/09/16 19:05:00",MTMILLAR,5.640514,"2015/09/16 19:00:12"
D,METER_DATA,GEN_DUID,1,"2015/09/16 19:05:00",PALOONA,20.049999,"2015/09/16 19:00:12"
D,METER_DATA,GEN_DUID,1,"2015/09/16 19:05:00",PIONEER,43,"2015/09/16 19:00:12"
D,METER_DATA,GEN_DUID,1,"2015/09/16 19:05:00",PORTWF,3.30,"2015/09/16 19:00:12"
D,METER_DATA,GEN_DUID,1,"2015/09/16 19:05:00",REPULSE,13.814875,"2015/09/16 19:00:12"
D,METER_DATA,GEN_DUID,1,"2015/09/16 19:05:00",ROWALLAN,9.3152,"2015/09/16 19:00:12"
D,METER_DATA,GEN_DUID,1,"2015/09/16 19:05:00",RPCG,4.933716,"2015/09/16 19:00:12"
D,METER_DATA,GEN_DUID,1,"2015/09/16 19:05:00",RUBICON,0,"2015/09/16 19:00:12"
D,METER_DATA,GEN_DUID,1,"2015/09/16 19:05:00",STARHLWF,21.793644,"2015/09/16 19:00:12"
D,METER_DATA,GEN_DUID,1,"2015/09/16 19:05:00",WAUBRAWF,25.629999,"2015/09/16 19:00:12"
D,METER_DATA,GEN_DUID,1,"2015/09/16 19:05:00",WOOLNTH1,58.820015,"2015/09/16 19:00:12"
D,METER_DATA,GEN_DUID,1,"2015/09/16 19:05:00",WPWF,55,"2015/09/16 19:00:12"
D,METER_DATA,GEN_DUID,1,"2015/09/16 19:05:00",YAMBUKWF,-0.20,"2015/09/16 19:00:12"
D,METER_DATA,GEN_DUID,1,"2015/09/16 19:10:00",ANGAS1,0,"2015/09/16 19:05:09"
D,METER_DATA,GEN_DUID,1,"2015/09/16 19:10:00",ANGAS2,0,"2015/09/16 19:05:09"
D,METER_DATA,GEN_DUID,1,"2015/09/16 19:10:00",BUTLERSG,-0.000002,"2015/09/16 19:05:09"
D,METER_DATA,GEN_DUID,1,"2015/09/16 19:10:00",CALL_A_4,0,"2015/09/16 19:05:09"
D,METER_DATA,GEN_DUID,1,"2015/09/16 19:10:00",CAPTL_WF,29.688004,"2015/09/16 19:05:09"
D,METER_DATA,GEN_DUID,1,"2015/09/16 19:10:00",CATHROCK,23.519999,"2015/09/16 19:05:09"
D,METER_DATA,GEN_DUID,1,"2015/09/16 19:10:00",CHALLHWF,2.80,"2015/09/16 19:05:09"
D,METER_DATA,GEN_DUID,1,"2015/09/16 19:10:00",CLOVER,23.07,"2015/09/16 19:05:09"
D,METER_DATA,GEN_DUID,1,"2015/09/16 19:10:00",CLUNY,9.631460,"2015/09/16 19:05:09"
D,METER_DATA,GEN_DUID,1,"2015/09/16 19:10:00",CNUNDAWF,2.102453,"2015/09/16 19:05:09"
D,METER_DATA,GEN_DUID,1,"2015/09/16 19:10:00",CULLRGWF,11.86,"2015/09/16 19:05:09"
D,METER_DATA,GEN_DUID,1,"2015/09/16 19:10:00",ERGT01,0,"2015/09/16 19:05:09"
D,METER_DATA,GEN_DUID,1,"2015/09/16 19:10:00",GB01,0.208096,"2015/09/16 19:05:09"
D,METER_DATA,GEN_DUID,1,"2015/09/16 19:10:00",GERMCRK,31.799999,"2015/09/16 19:05:09"
D,METER_DATA,GEN_DUID,1,"2015/09/16 19:10:00",INVICTA,30.25,"2015/09/16 19:05:09"
D,METER_DATA,GEN_DUID,1,"2015/09/16 19:10:00",LKBONNY1,-0.449338,"2015/09/16 19:05:09"
D,METER_DATA,GEN_DUID,1,"2015/09/16 19:10:00",MBAHNTH,50.400002,"2015/09/16 19:05:09"
D,METER_DATA,GEN_DUID,1,"2015/09/16 19:10:00",MLWF1,0.4650,"2015/09/16 19:05:09"
D,METER_DATA,GEN_DUID,1,"2015/09/16 19:10:00",MTMILLAR,6.950185,"2015/09/16 19:05:09"
D,METER_DATA,GEN_DUID,1,"2015/09/16 19:10:00",PALOONA,20.049999,"2015/09/16 19:05:09"
D,METER_DATA,GEN_DUID,1,"2015/09/16 19:10:00",PIONEER,44.900002,"2015/09/16 19:05:09"
D,METER_DATA,GEN_DUID,1,"2015/09/16 19:10:00",PORTWF,3,"2015/09/16 19:05:09"
D,METER_DATA,GEN_DUID,1,"2015/09/16 19:10:00",REPULSE,14.805735,"2015/09/16 19:05:09"
D,METER_DATA,GEN_DUID,1,"2015/09/16 19:10:00",ROWALLAN,9.6063,"2015/09/16 19:05:09"
D,METER_DATA,GEN_DUID,1,"2015/09/16 19:10:00",RPCG,0.632456,"2015/09/16 19:05:09"
D,METER_DATA,GEN_DUID,1,"2015/09/16 19:10:00",RUBICON,0,"2015/09/16 19:05:09"
D,METER_DATA,GEN_DUID,1,"2015/09/16 19:10:00",STARHLWF,19.894199,"2015/09/16 19:05:09"
D,METER_DATA,GEN_DUID,1,"2015/09/16 19:10:00",WAUBRAWF,25.27,"2015/09/16 19:05:09"
D,METER_DATA,GEN_DUID,1,"2015/09/16 19:10:00",WOOLNTH1,57.200016,"2015/09/16 19:05:09"
D,METER_DATA,GEN_DUID,1,"2015/09/16 19:10:00",WPWF,46,"2015/09/16 19:05:09"
D,METER_DATA,GEN_DUID,1,"2015/09/16 19:10:00",YAMBUKWF,0,"2015/09/16 19:05:09"
D,METER_DATA,GEN_DUID,1,"2015/09/16 19:15:00",ANGAS1,0,"2015/09/16 19:10:11"
D,METER_DATA,GEN_DUID,1,"2015/09/16 19:15:00",ANGAS2,0,"2015/09/16 19:10:11"
D,METER_DATA,GEN_DUID,1,"2015/09/16 19:15:00",BUTLERSG,-0.000002,"2015/09/16 19:10:11"
D,METER_DATA,GEN_DUID,1,"2015/09/16 19:15:00",CALL_A_4,0,"2015/09/16 19:10:11"
D,METER_DATA,GEN_DUID,1,"2015/09/16 19:15:00",CAPTL_WF,27.204002,"2015/09/16 19:10:11"
D,METER_DATA,GEN_DUID,1,"2015/09/16 19:15:00",CATHROCK,23.799999,"2015/09/16 19:10:11"
D,METER_DATA,GEN_DUID,1,"2015/09/16 19:15:00",CHALLHWF,3,"2015/09/16 19:10:11"
D,METER_DATA,GEN_DUID,1,"2015/09/16 19:15:00",CLOVER,22.940001,"2015/09/16 19:10:11"
D,METER_DATA,GEN_DUID,1,"2015/09/16 19:15:00",CLUNY,8.631160,"2015/09/16 19:10:11"
D,METER_DATA,GEN_DUID,1,"2015/09/16 19:15:00",CNUNDAWF,1.701985,"2015/09/16 19:10:11"
D,METER_DATA,GEN_DUID,1,"2015/09/16 19:15:00",CULLRGWF,14.01,"2015/09/16 19:10:11"
D,METER_DATA,GEN_DUID,1,"2015/09/16 19:15:00",ERGT01,0,"2015/09/16 19:10:11"
D,METER_DATA,GEN_DUID,1,"2015/09/16 19:15:00",GB01,0.208096,"2015/09/16 19:10:11"
D,METER_DATA,GEN_DUID,1,"2015/09/16 19:15:00",GERMCRK,31.799999,"2015/09/16 19:10:11"
D,METER_DATA,GEN_DUID,1,"2015/09/16 19:15:00",INVICTA,30.25,"2015/09/16 19:10:11"
D,METER_DATA,GEN_DUID,1,"2015/09/16 19:15:00",LKBONNY1,-0.538647,"2015/09/16 19:10:11"
D,METER_DATA,GEN_DUID,1,"2015/09/16 19:15:00",MBAHNTH,50.400002,"2015/09/16 19:10:11"
D,METER_DATA,GEN_DUID,1,"2015/09/16 19:15:00",MLWF1,0.45,"2015/09/16 19:10:11"
D,METER_DATA,GEN_DUID,1,"2015/09/16 19:15:00",MTMILLAR,6.637650,"2015/09/16 19:10:11"
D,METER_DATA,GEN_DUID,1,"2015/09/16 19:15:00",PALOONA,20.049999,"2015/09/16 19:10:11"
D,METER_DATA,GEN_DUID,1,"2015/09/16 19:15:00",PIONEER,43.50,"2015/09/16 19:10:11"
D,METER_DATA,GEN_DUID,1,"2015/09/16 19:15:00",PORTWF,2.40,"2015/09/16 19:10:11"
D,METER_DATA,GEN_DUID,1,"2015/09/16 19:15:00",REPULSE,14.672350,"2015/09/16 19:10:11"
D,METER_DATA,GEN_DUID,1,"2015/09/16 19:15:00",ROWALLAN,9.4714,"2015/09/16 19:10:11"
D,METER_DATA,GEN_DUID,1,"2015/09/16 19:15:00",RPCG,0.622121,"2015/09/16 19:10:11"
D,METER_DATA,GEN_DUID,1,"2015/09/16 19:15:00",RUBICON,0,"2015/09/16 19:10:11"
D,METER_DATA,GEN_DUID,1,"2015/09/16 19:15:00",STARHLWF,20.993877,"2015/09/16 19:10:11"
D,METER_DATA,GEN_DUID,1,"2015/09/16 19:15:00",WAUBRAWF,25.10,"2015/09/16 19:10:11"
D,METER_DATA,GEN_DUID,1,"2015/09/16 19:15:00",WOOLNTH1,51.110016,"2015/09/16 19:10:11"
D,METER_DATA,GEN_DUID,1,"2015/09/16 19:15:00",WPWF,50,"2015/09/16 19:10:11"
D,METER_DATA,GEN_DUID,1,"2015/09/16 19:15:00",YAMBUKWF,0,"2015/09/16 19:10:11"
D,METER_DATA,GEN_DUID,1,"2015/09/16 19:20:00",ANGAS1,0,"2015/09/16 19:15:16"
D,METER_DATA,GEN_DUID,1,"2015/09/16 19:20:00",ANGAS2,0,"2015/09/16 19:15:16"
D,METER_DATA,GEN_DUID,1,"2015/09/16 19:20:00",BUTLERSG,-0.000002,"2015/09/16 19:15:16"
D,METER_DATA,GEN_DUID,1,"2015/09/16 19:20:00",CALL_A_4,0,"2015/09/16 19:15:16"
D,METER_DATA,GEN_DUID,1,"2015/09/16 19:20:00",CAPTL_WF,29.231995,"2015/09/16 19:15:16"
D,METER_DATA,GEN_DUID,1,"2015/09/16 19:20:00",CATHROCK,22.249998,"2015/09/16 19:15:16"
D,METER_DATA,GEN_DUID,1,"2015/09/16 19:20:00",CHALLHWF,3.10,"2015/09/16 19:15:16"
D,METER_DATA,GEN_DUID,1,"2015/09/16 19:20:00",CLOVER,23.040001,"2015/09/16 19:15:16"
D,METER_DATA,GEN_DUID,1,"2015/09/16 19:20:00",CLUNY,8.7169,"2015/09/16 19:15:16"
D,METER_DATA,GEN_DUID,1,"2015/09/16 19:20:00",CNUNDAWF,2.102453,"2015/09/16 19:15:16"
D,METER_DATA,GEN_DUID,1,"2015/09/16 19:20:00",CULLRGWF,14.71,"2015/09/16 19:15:16"
D,METER_DATA,GEN_DUID,1,"2015/09/16 19:20:00",ERGT01,0,"2015/09/16 19:15:16"
D,METER_DATA,GEN_DUID,1,"2015/09/16 19:20:00",GB01,0.208096,"2015/09/16 19:15:16"
D,METER_DATA,GEN_DUID,1,"2015/09/16 19:20:00",GERMCRK,32.200001,"2015/09/16 19:15:16"
D,METER_DATA,GEN_DUID,1,"2015/09/16 19:20:00",INVICTA,31.300001,"2015/09/16 19:15:16"
D,METER_DATA,GEN_DUID,1,"2015/09/16 19:20:00",LKBONNY1,-0.538647,"2015/09/16 19:15:16"
D,METER_DATA,GEN_DUID,1,"2015/09/16 19:20:00",MBAHNTH,50.400002,"2015/09/16 19:15:16"
D,METER_DATA,GEN_DUID,1,"2015/09/16 19:20:00",MLWF1,0.2550,"2015/09/16 19:15:16"
D,METER_DATA,GEN_DUID,1,"2015/09/16 19:20:00",MTMILLAR,6.801359,"2015/09/16 19:15:16"
D,METER_DATA,GEN_DUID,1,"2015/09/16 19:20:00",PALOONA,20.049999,"2015/09/16 19:15:16"
D,METER_DATA,GEN_DUID,1,"2015/09/16 19:20:00",PIONEER,44.700001,"2015/09/16 19:15:16"
D,METER_DATA,GEN_DUID,1,"2015/09/16 19:20:00",PORTWF,2.10,"2015/09/16 19:15:16"
D,METER_DATA,GEN_DUID,1,"2015/09/16 19:20:00",REPULSE,14.062590,"2015/09/16 19:15:16"
D,METER_DATA,GEN_DUID,1,"2015/09/16 19:20:00",ROWALLAN,9.4998,"2015/09/16 19:15:16"
D,METER_DATA,GEN_DUID,1,"2015/09/16 19:20:00",RPCG,4.634030,"2015/09/16 19:15:16"
D,METER_DATA,GEN_DUID,1,"2015/09/16 19:20:00",RUBICON,0,"2015/09/16 19:15:16"
D,METER_DATA,GEN_DUID,1,"2015/09/16 19:20:00",STARHLWF,16.395220,"2015/09/16 19:15:16"
D,METER_DATA,GEN_DUID,1,"2015/09/16 19:20:00",WAUBRAWF,25.188999,"2015/09/16 19:15:16"
D,METER_DATA,GEN_DUID,1,"2015/09/16 19:20:00",WOOLNTH1,54.930016,"2015/09/16 19:15:16"
D,METER_DATA,GEN_DUID,1,"2015/09/16 19:20:00",WPWF,58,"2015/09/16 19:15:16"
D,METER_DATA,GEN_DUID,1,"2015/09/16 19:20:00",YAMBUKWF,0,"2015/09/16 19:15:16"
D,METER_DATA,GEN_DUID,1,"2015/09/16 19:25:00",ANGAS1,0,"2015/09/16 19:20:10"
D,METER_DATA,GEN_DUID,1,"2015/09/16 19:25:00",ANGAS2,0,"2015/09/16 19:20:10"
D,METER_DATA,GEN_DUID,1,"2015/09/16 19:25:00",BUTLERSG,-0.000002,"2015/09/16 19:20:10"
D,METER_DATA,GEN_DUID,1,"2015/09/16 19:25:00",CALL_A_4,0,"2015/09/16 19:20:10"
D,METER_DATA,GEN_DUID,1,"2015/09/16 19:25:00",CAPTL_WF,33.032005,"2015/09/16 19:20:10"
D,METER_DATA,GEN_DUID,1,"2015/09/16 19:25:00",CATHROCK,21.289999,"2015/09/16 19:20:10"
D,METER_DATA,GEN_DUID,1,"2015/09/16 19:25:00",CHALLHWF,3.30,"2015/09/16 19:20:10"
D,METER_DATA,GEN_DUID,1,"2015/09/16 19:25:00",CLOVER,22.90,"2015/09/16 19:20:10"
D,METER_DATA,GEN_DUID,1,"2015/09/16 19:25:00",CLUNY,8.7169,"2015/09/16 19:20:10"
D,METER_DATA,GEN_DUID,1,"2015/09/16 19:25:00",CNUNDAWF,1.701985,"2015/09/16 19:20:10"
D,METER_DATA,GEN_DUID,1,"2015/09/16 19:25:00",CULLRGWF,16.43,"2015/09/16 19:20:10"
D,METER_DATA,GEN_DUID,1,"2015/09/16 19:25:00",ERGT01,0,"2015/09/16 19:20:10"
D,METER_DATA,GEN_DUID,1,"2015/09/16 19:25:00",GB01,0.208096,"2015/09/16 19:20:10"
D,METER_DATA,GEN_DUID,1,"2015/09/16 19:25:00",GERMCRK,31.50,"2015/09/16 19:20:10"
D,METER_DATA,GEN_DUID,1,"2015/09/16 19:25:00",INVICTA,32.3750,"2015/09/16 19:20:10"
D,METER_DATA,GEN_DUID,1,"2015/09/16 19:25:00",LKBONNY1,-0.449338,"2015/09/16 19:20:10"
D,METER_DATA,GEN_DUID,1,"2015/09/16 19:25:00",MBAHNTH,50.400002,"2015/09/16 19:20:10"
D,METER_DATA,GEN_DUID,1,"2015/09/16 19:25:00",MLWF1,0.4650,"2015/09/16 19:20:10"
D,METER_DATA,GEN_DUID,1,"2015/09/16 19:25:00",MTMILLAR,7.188307,"2015/09/16 19:20:10"
D,METER_DATA,GEN_DUID,1,"2015/09/16 19:25:00",PALOONA,20.049999,"2015/09/16 19:20:10"
D,METER_DATA,GEN_DUID,1,"2015/09/16 19:25:00",PIONEER,42.799999,"2015/09/16 19:20:10"
D,METER_DATA,GEN_DUID,1,"2015/09/16 19:25:00",PORTWF,3,"2015/09/16 19:20:10"
D,METER_DATA,GEN_DUID,1,"2015/09/16 19:25:00",REPULSE,13.891095,"2015/09/16 19:20:10"
D,METER_DATA,GEN_DUID,1,"2015/09/16 19:25:00",ROWALLAN,9.4430,"2015/09/16 19:20:10"
D,METER_DATA,GEN_DUID,1,"2015/09/16 19:25:00",RPCG,0.515936,"2015/09/16 19:20:10"
D,METER_DATA,GEN_DUID,1,"2015/09/16 19:25:00",RUBICON,0,"2015/09/16 19:20:10"
D,METER_DATA,GEN_DUID,1,"2015/09/16 19:25:00",STARHLWF,16.295248,"2015/09/16 19:20:10"
D,METER_DATA,GEN_DUID,1,"2015/09/16 19:25:00",WAUBRAWF,27.1980,"2015/09/16 19:20:10"
D,METER_DATA,GEN_DUID,1,"2015/09/16 19:25:00",WOOLNTH1,47.910019,"2015/09/16 19:20:10"
D,METER_DATA,GEN_DUID,1,"2015/09/16 19:25:00",WPWF,59,"2015/09/16 19:20:10"
D,METER_DATA,GEN_DUID,1,"2015/09/16 19:25:00",YAMBUKWF,-0.20,"2015/09/16 19:20:10"
D,METER_DATA,GEN_DUID,1,"2015/09/16 19:30:00",ANGAS1,0,"2015/09/16 19:25:12"
D,METER_DATA,GEN_DUID,1,"2015/09/16 19:30:00",ANGAS2,0,"2015/09/16 19:25:12"
D,METER_DATA,GEN_DUID,1,"2015/09/16 19:30:00",BUTLERSG,-0.000002,"2015/09/16 19:25:12"
D,METER_DATA,GEN_DUID,1,"2015/09/16 19:30:00",CALL_A_4,0,"2015/09/16 19:25:12"
D,METER_DATA,GEN_DUID,1,"2015/09/16 19:30:00",CAPTL_WF,35.391998,"2015/09/16 19:25:12"
D,METER_DATA,GEN_DUID,1,"2015/09/16 19:30:00",CATHROCK,25.309999,"2015/09/16 19:25:12"
D,METER_DATA,GEN_DUID,1,"2015/09/16 19:30:00",CHALLHWF,3.60,"2015/09/16 19:25:12"
D,METER_DATA,GEN_DUID,1,"2015/09/16 19:30:00",CLOVER,23.060001,"2015/09/16 19:25:12"
D,METER_DATA,GEN_DUID,1,"2015/09/16 19:30:00",CLUNY,8.945540,"2015/09/16 19:25:12"
D,METER_DATA,GEN_DUID,1,"2015/09/16 19:30:00",CNUNDAWF,1.701985,"2015/09/16 19:25:12"
D,METER_DATA,GEN_DUID,1,"2015/09/16 19:30:00",CULLRGWF,16.24,"2015/09/16 19:25:12"
D,METER_DATA,GEN_DUID,1,"2015/09/16 19:30:00",ERGT01,0,"2015/09/16 19:25:12"
D,METER_DATA,GEN_DUID,1,"2015/09/16 19:30:00",GB01,0.208096,"2015/09/16 19:25:12"
D,METER_DATA,GEN_DUID,1,"2015/09/16 19:30:00",GERMCRK,31.799999,"2015/09/16 19:25:12"
D,METER_DATA,GEN_DUID,1,"2015/09/16 19:30:00",INVICTA,33.400002,"2015/09/16 19:25:12"
D,METER_DATA,GEN_DUID,1,"2015/09/16 19:30:00",LKBONNY1,-0.449338,"2015/09/16 19:25:12"
D,METER_DATA,GEN_DUID,1,"2015/09/16 19:30:00",MBAHNTH,50.400002,"2015/09/16 19:25:12"
D,METER_DATA,GEN_DUID,1,"2015/09/16 19:30:00",MLWF1,0.4650,"2015/09/16 19:25:12"
D,METER_DATA,GEN_DUID,1,"2015/09/16 19:30:00",MTMILLAR,7.389222,"2015/09/16 19:25:12"
D,METER_DATA,GEN_DUID,1,"2015/09/16 19:30:00",PALOONA,20.049999,"2015/09/16 19:25:12"
D,METER_DATA,GEN_DUID,1,"2015/09/16 19:30:00",PIONEER,43.200001,"2015/09/16 19:25:12"
D,METER_DATA,GEN_DUID,1,"2015/09/16 19:30:00",PORTWF,2.70,"2015/09/16 19:25:12"
D,METER_DATA,GEN_DUID,1,"2015/09/16 19:30:00",REPULSE,14.272195,"2015/09/16 19:25:12"
D,METER_DATA,GEN_DUID,1,"2015/09/16 19:30:00",ROWALLAN,9.4998,"2015/09/16 19:25:12"
D,METER_DATA,GEN_DUID,1,"2015/09/16 19:30:00",RPCG,0.668830,"2015/09/16 19:25:12"
D,METER_DATA,GEN_DUID,1,"2015/09/16 19:30:00",RUBICON,0,"2015/09/16 19:25:12"
D,METER_DATA,GEN_DUID,1,"2015/09/16 19:30:00",STARHLWF,12.496356,"2015/09/16 19:25:12"
D,METER_DATA,GEN_DUID,1,"2015/09/16 19:30:00",WAUBRAWF,26.0240,"2015/09/16 19:25:12"
D,METER_DATA,GEN_DUID,1,"2015/09/16 19:30:00",WOOLNTH1,44.080017,"2015/09/16 19:25:12"
D,METER_DATA,GEN_DUID,1,"2015/09/16 19:30:00",WPWF,60,"2015/09/16 19:25:12"
D,METER_DATA,GEN_DUID,1,"2015/09/16 19:30:00",YAMBUKWF,-0.30,"2015/09/16 19:25:12"
D,METER_DATA,GEN_DUID,1,"2015/09/16 19:35:00",ANGAS1,0,"2015/09/16 19:30:12"
D,METER_DATA,GEN_DUID,1,"2015/09/16 19:35:00",ANGAS2,0,"2015/09/16 19:30:12"
D,METER_DATA,GEN_DUID,1,"2015/09/16 19:35:00",BUTLERSG,-0.000002,"2015/09/16 19:30:12"
D,METER_DATA,GEN_DUID,1,"2015/09/16 19:35:00",CALL_A_4,0,"2015/09/16 19:30:12"
D,METER_DATA,GEN_DUID,1,"2015/09/16 19:35:00",CAPTL_WF,36.167999,"2015/09/16 19:30:12"
D,METER_DATA,GEN_DUID,1,"2015/09/16 19:35:00",CATHROCK,22.379999,"2015/09/16 19:30:12"
D,METER_DATA,GEN_DUID,1,"2015/09/16 19:35:00",CHALLHWF,3.50,"2015/09/16 19:30:12"
D,METER_DATA,GEN_DUID,1,"2015/09/16 19:35:00",CLOVER,22.76,"2015/09/16 19:30:12"
D,METER_DATA,GEN_DUID,1,"2015/09/16 19:35:00",CLUNY,8.8598,"2015/09/16 19:30:12"
D,METER_DATA,GEN_DUID,1,"2015/09/16 19:35:00",CNUNDAWF,2.302686,"2015/09/16 19:30:12"
D,METER_DATA,GEN_DUID,1,"2015/09/16 19:35:00",CULLRGWF,16.73,"2015/09/16 19:30:12"
D,METER_DATA,GEN_DUID,1,"2015/09/16 19:35:00",ERGT01,0,"2015/09/16 19:30:12"
D,METER_DATA,GEN_DUID,1,"2015/09/16 19:35:00",GB01,0.208096,"2015/09/16 19:30:12"
D,METER_DATA,GEN_DUID,1,"2015/09/16 19:35:00",GERMCRK,31.60,"2015/09/16 19:30:12"
D,METER_DATA,GEN_DUID,1,"2015/09/16 19:35:00",INVICTA,34.75,"2015/09/16 19:30:12"
D,METER_DATA,GEN_DUID,1,"2015/09/16 19:35:00",LKBONNY1,-0.538647,"2015/09/16 19:30:12"
D,METER_DATA,GEN_DUID,1,"2015/09/16 19:35:00",MBAHNTH,50.400002,"2015/09/16 19:30:12"
D,METER_DATA,GEN_DUID,1,"2015/09/16 19:35:00",MLWF1,0.87,"2015/09/16 19:30:12"
D,METER_DATA,GEN_DUID,1,"2015/09/16 19:35:00",MTMILLAR,9.070959,"2015/09/16 19:30:12"
D,METER_DATA,GEN_DUID,1,"2015/09/16 19:35:00",PALOONA,20.049999,"2015/09/16 19:30:12"
D,METER_DATA,GEN_DUID,1,"2015/09/16 19:35:00",PIONEER,45,"2015/09/16 19:30:12"
D,METER_DATA,GEN_DUID,1,"2015/09/16 19:35:00",PORTWF,2.70,"2015/09/16 19:30:12"
D,METER_DATA,GEN_DUID,1,"2015/09/16 19:35:00",REPULSE,13.948259,"2015/09/16 19:30:12"
D,METER_DATA,GEN_DUID,1,"2015/09/16 19:35:00",ROWALLAN,9.4146,"2015/09/16 19:30:12"
D,METER_DATA,GEN_DUID,1,"2015/09/16 19:35:00",RPCG,4.770284,"2015/09/16 19:30:12"
D,METER_DATA,GEN_DUID,1,"2015/09/16 19:35:00",RUBICON,0,"2015/09/16 19:30:12"
D,METER_DATA,GEN_DUID,1,"2015/09/16 19:35:00",STARHLWF,11.996502,"2015/09/16 19:30:12"
D,METER_DATA,GEN_DUID,1,"2015/09/16 19:35:00",WAUBRAWF,23.587999,"2015/09/16 19:30:12"
D,METER_DATA,GEN_DUID,1,"2015/09/16 19:35:00",WOOLNTH1,44.340019,"2015/09/16 19:30:12"
D,METER_DATA,GEN_DUID,1,"2015/09/16 19:35:00",WPWF,57,"2015/09/16 19:30:12"
D,METER_DATA,GEN_DUID,1,"2015/09/16 19:35:00",YAMBUKWF,-0.20,"2015/09/16 19:30:12"
D,METER_DATA,GEN_DUID,1,"2015/09/16 19:40:00",ANGAS1,0,"2015/09/16 19:35:12"
D,METER_DATA,GEN_DUID,1,"2015/09/16 19:40:00",ANGAS2,0,"2015/09/16 19:35:12"
D,METER_DATA,GEN_DUID,1,"2015/09/16 19:40:00",BUTLERSG,-0.000002,"2015/09/16 19:35:12"
D,METER_DATA,GEN_DUID,1,"2015/09/16 19:40:00",CALL_A_4,0,"2015/09/16 19:35:12"
D,METER_DATA,GEN_DUID,1,"2015/09/16 19:40:00",CAPTL_WF,33.82,"2015/09/16 19:35:12"
D,METER_DATA,GEN_DUID,1,"2015/09/16 19:40:00",CATHROCK,22.339998,"2015/09/16 19:35:12"
D,METER_DATA,GEN_DUID,1,"2015/09/16 19:40:00",CHALLHWF,2.70,"2015/09/16 19:35:12"
D,METER_DATA,GEN_DUID,1,"2015/09/16 19:40:00",CLOVER,23.10,"2015/09/16 19:35:12"
D,METER_DATA,GEN_DUID,1,"2015/09/16 19:40:00",CLUNY,9.274210,"2015/09/16 19:35:12"
D,METER_DATA,GEN_DUID,1,"2015/09/16 19:40:00",CNUNDAWF,3.804438,"2015/09/16 19:35:12"
D,METER_DATA,GEN_DUID,1,"2015/09/16 19:40:00",CULLRGWF,17.73,"2015/09/16 19:35:12"
D,METER_DATA,GEN_DUID,1,"2015/09/16 19:40:00",ERGT01,0,"2015/09/16 19:35:12"
D,METER_DATA,GEN_DUID,1,"2015/09/16 19:40:00",GB01,0.208096,"2015/09/16 19:35:12"
D,METER_DATA,GEN_DUID,1,"2015/09/16 19:40:00",GERMCRK,31.40,"2015/09/16 19:35:12"
D,METER_DATA,GEN_DUID,1,"2015/09/16 19:40:00",INVICTA,34.775002,"2015/09/16 19:35:12"
D,METER_DATA,GEN_DUID,1,"2015/09/16 19:40:00",LKBONNY1,-0.449338,"2015/09/16 19:35:12"
D,METER_DATA,GEN_DUID,1,"2015/09/16 19:40:00",MBAHNTH,50.400002,"2015/09/16 19:35:12"
D,METER_DATA,GEN_DUID,1,"2015/09/16 19:40:00",MLWF1,0.96,"2015/09/16 19:35:12"
D,METER_DATA,GEN_DUID,1,"2015/09/16 19:40:00",MTMILLAR,10.082977,"2015/09/16 19:35:12"
D,METER_DATA,GEN_DUID,1,"2015/09/16 19:40:00",PALOONA,20.049999,"2015/09/16 19:35:12"
D,METER_DATA,GEN_DUID,1,"2015/09/16 19:40:00",PIONEER,41.799999,"2015/09/16 19:35:12"
D,METER_DATA,GEN_DUID,1,"2015/09/16 19:40:00",PORTWF,1.80,"2015/09/16 19:35:12"
D,METER_DATA,GEN_DUID,1,"2015/09/16 19:40:00",REPULSE,14.634239,"2015/09/16 19:35:12"
D,METER_DATA,GEN_DUID,1,"2015/09/16 19:40:00",ROWALLAN,9.6347,"2015/09/16 19:35:12"
D,METER_DATA,GEN_DUID,1,"2015/09/16 19:40:00",RPCG,4.695301,"2015/09/16 19:35:12"
D,METER_DATA,GEN_DUID,1,"2015/09/16 19:40:00",RUBICON,0,"2015/09/16 19:35:12"
D,METER_DATA,GEN_DUID,1,"2015/09/16 19:40:00",STARHLWF,12.096473,"2015/09/16 19:35:12"
D,METER_DATA,GEN_DUID,1,"2015/09/16 19:40:00",WAUBRAWF,21.3580,"2015/09/16 19:35:12"
D,METER_DATA,GEN_DUID,1,"2015/09/16 19:40:00",WOOLNTH1,43.580017,"2015/09/16 19:35:12"
D,METER_DATA,GEN_DUID,1,"2015/09/16 19:40:00",WPWF,61,"2015/09/16 19:35:12"
D,METER_DATA,GEN_DUID,1,"2015/09/16 19:40:00",YAMBUKWF,-0.20,"2015/09/16 19:35:12"
D,METER_DATA,GEN_DUID,1,"2015/09/16 19:45:00",ANGAS1,0,"2015/09/16 19:40:13"
D,METER_DATA,GEN_DUID,1,"2015/09/16 19:45:00",ANGAS2,0,"2015/09/16 19:40:13"
D,METER_DATA,GEN_DUID,1,"2015/09/16 19:45:00",BUTLERSG,-0.000002,"2015/09/16 19:40:13"
D,METER_DATA,GEN_DUID,1,"2015/09/16 19:45:00",CALL_A_4,0,"2015/09/16 19:40:13"
D,METER_DATA,GEN_DUID,1,"2015/09/16 19:45:00",CAPTL_WF,35.980003,"2015/09/16 19:40:13"
D,METER_DATA,GEN_DUID,1,"2015/09/16 19:45:00",CATHROCK,25.149998,"2015/09/16 19:40:13"
D,METER_DATA,GEN_DUID,1,"2015/09/16 19:45:00",CHALLHWF,2.70,"2015/09/16 19:40:13"
D,METER_DATA,GEN_DUID,1,"2015/09/16 19:45:00",CLOVER,23.17,"2015/09/16 19:40:13"
D,METER_DATA,GEN_DUID,1,"2015/09/16 19:45:00",CLUNY,9.159890,"2015/09/16 19:40:13"
D,METER_DATA,GEN_DUID,1,"2015/09/16 19:45:00",CNUNDAWF,3.403971,"2015/09/16 19:40:13"
D,METER_DATA,GEN_DUID,1,"2015/09/16 19:45:00",CULLRGWF,15.96,"2015/09/16 19:40:13"
D,METER_DATA,GEN_DUID,1,"2015/09/16 19:45:00",ERGT01,0,"2015/09/16 19:40:13"
D,METER_DATA,GEN_DUID,1,"2015/09/16 19:45:00",GB01,0.208096,"2015/09/16 19:40:13"
D,METER_DATA,GEN_DUID,1,"2015/09/16 19:45:00",GERMCRK,31.40,"2015/09/16 19:40:13"
D,METER_DATA,GEN_DUID,1,"2015/09/16 19:45:00",INVICTA,34.775002,"2015/09/16 19:40:13"
D,METER_DATA,GEN_DUID,1,"2015/09/16 19:45:00",LKBONNY1,-0.538647,"2015/09/16 19:40:13"
D,METER_DATA,GEN_DUID,1,"2015/09/16 19:45:00",MBAHNTH,50.400002,"2015/09/16 19:40:13"
D,METER_DATA,GEN_DUID,1,"2015/09/16 19:45:00",MLWF1,0.75,"2015/09/16 19:40:13"
D,METER_DATA,GEN_DUID,1,"2015/09/16 19:45:00",MTMILLAR,11.556356,"2015/09/16 19:40:13"
D,METER_DATA,GEN_DUID,1,"2015/09/16 19:45:00",PALOONA,20.049999,"2015/09/16 19:40:13"
D,METER_DATA,GEN_DUID,1,"2015/09/16 19:45:00",PIONEER,40,"2015/09/16 19:40:13"
D,METER_DATA,GEN_DUID,1,"2015/09/16 19:45:00",PORTWF,2,"2015/09/16 19:40:13"
D,METER_DATA,GEN_DUID,1,"2015/09/16 19:45:00",REPULSE,13.624325,"2015/09/16 19:40:13"
D,METER_DATA,GEN_DUID,1,"2015/09/16 19:45:00",ROWALLAN,9.5140,"2015/09/16 19:40:13"
D,METER_DATA,GEN_DUID,1,"2015/09/16 19:45:00",RPCG,0.498690,"2015/09/16 19:40:13"
D,METER_DATA,GEN_DUID,1,"2015/09/16 19:45:00",RUBICON,0,"2015/09/16 19:40:13"
D,METER_DATA,GEN_DUID,1,"2015/09/16 19:45:00",STARHLWF,12.496356,"2015/09/16 19:40:13"
D,METER_DATA,GEN_DUID,1,"2015/09/16 19:45:00",WAUBRAWF,20.1390,"2015/09/16 19:40:13"
D,METER_DATA,GEN_DUID,1,"2015/09/16 19:45:00",WOOLNTH1,44.570015,"2015/09/16 19:40:13"
D,METER_DATA,GEN_DUID,1,"2015/09/16 19:45:00",WPWF,59,"2015/09/16 19:40:13"
D,METER_DATA,GEN_DUID,1,"2015/09/16 19:45:00",YAMBUKWF,-0.20,"2015/09/16 19:40:13"
D,METER_DATA,GEN_DUID,1,"2015/09/16 19:50:00",ANGAS1,0,"2015/09/16 19:45:12"
D,METER_DATA,GEN_DUID,1,"2015/09/16 19:50:00",ANGAS2,0,"2015/09/16 19:45:12"
D,METER_DATA,GEN_DUID,1,"2015/09/16 19:50:00",BUTLERSG,-0.000002,"2015/09/16 19:45:12"
D,METER_DATA,GEN_DUID,1,"2015/09/16 19:50:00",CALL_A_4,0,"2015/09/16 19:45:12"
D,METER_DATA,GEN_DUID,1,"2015/09/16 19:50:00",CAPTL_WF,40.040001,"2015/09/16 19:45:12"
D,METER_DATA,GEN_DUID,1,"2015/09/16 19:50:00",CATHROCK,24.229998,"2015/09/16 19:45:12"
D,METER_DATA,GEN_DUID,1,"2015/09/16 19:50:00",CHALLHWF,2.50,"2015/09/16 19:45:12"
D,METER_DATA,GEN_DUID,1,"2015/09/16 19:50:00",CLOVER,23.279999,"2015/09/16 19:45:12"
D,METER_DATA,GEN_DUID,1,"2015/09/16 19:50:00",CLUNY,9.402821,"2015/09/16 19:45:12"
D,METER_DATA,GEN_DUID,1,"2015/09/16 19:50:00",CNUNDAWF,3.003504,"2015/09/16 19:45:12"
D,METER_DATA,GEN_DUID,1,"2015/09/16 19:50:00",CULLRGWF,15.95,"2015/09/16 19:45:12"
D,METER_DATA,GEN_DUID,1,"2015/09/16 19:50:00",ERGT01,0,"2015/09/16 19:45:12"
D,METER_DATA,GEN_DUID,1,"2015/09/16 19:50:00",GB01,0.208096,"2015/09/16 19:45:12"
D,METER_DATA,GEN_DUID,1,"2015/09/16 19:50:00",GERMCRK,31.700001,"2015/09/16 19:45:12"
D,METER_DATA,GEN_DUID,1,"2015/09/16 19:50:00",INVICTA,34.775002,"2015/09/16 19:45:12"
D,METER_DATA,GEN_DUID,1,"2015/09/16 19:50:00",LKBONNY1,-0.449338,"2015/09/16 19:45:12"
D,METER_DATA,GEN_DUID,1,"2015/09/16 19:50:00",MBAHNTH,50.400002,"2015/09/16 19:45:12"
D,METER_DATA,GEN_DUID,1,"2015/09/16 19:50:00",MLWF1,0.3450,"2015/09/16 19:45:12"
D,METER_DATA,GEN_DUID,1,"2015/09/16 19:50:00",MTMILLAR,11.638211,"2015/09/16 19:45:12"
D,METER_DATA,GEN_DUID,1,"2015/09/16 19:50:00",PALOONA,20.049999,"2015/09/16 19:45:12"
D,METER_DATA,GEN_DUID,1,"2015/09/16 19:50:00",PIONEER,42.600002,"2015/09/16 19:45:12"
D,METER_DATA,GEN_DUID,1,"2015/09/16 19:50:00",PORTWF,2.10,"2015/09/16 19:45:12"
D,METER_DATA,GEN_DUID,1,"2015/09/16 19:50:00",REPULSE,13.929205,"2015/09/16 19:45:12"
D,METER_DATA,GEN_DUID,1,"2015/09/16 19:50:00",ROWALLAN,9.6844,"2015/09/16 19:45:12"
D,METER_DATA,GEN_DUID,1,"2015/09/16 19:50:00",RPCG,5.271331,"2015/09/16 19:45:12"
D,METER_DATA,GEN_DUID,1,"2015/09/16 19:50:00",RUBICON,0,"2015/09/16 19:45:12"
D,METER_DATA,GEN_DUID,1,"2015/09/16 19:50:00",STARHLWF,13.196152,"2015/09/16 19:45:12"
D,METER_DATA,GEN_DUID,1,"2015/09/16 19:50:00",WAUBRAWF,18.872999,"2015/09/16 19:45:12"
D,METER_DATA,GEN_DUID,1,"2015/09/16 19:50:00",WOOLNTH1,39.180016,"2015/09/16 19:45:12"
D,METER_DATA,GEN_DUID,1,"2015/09/16 19:50:00",WPWF,64,"2015/09/16 19:45:12"
D,METER_DATA,GEN_DUID,1,"2015/09/16 19:50:00",YAMBUKWF,-0.20,"2015/09/16 19:45:12"
D,METER_DATA,GEN_DUID,1,"2015/09/16 19:55:00",ANGAS1,0,"2015/09/16 19:50:12"
D,METER_DATA,GEN_DUID,1,"2015/09/16 19:55:00",ANGAS2,0,"2015/09/16 19:50:12"
D,METER_DATA,GEN_DUID,1,"2015/09/16 19:55:00",BUTLERSG,-0.000002,"2015/09/16 19:50:12"
D,METER_DATA,GEN_DUID,1,"2015/09/16 19:55:00",CALL_A_4,0,"2015/09/16 19:50:12"
D,METER_DATA,GEN_DUID,1,"2015/09/16 19:55:00",CAPTL_WF,37.351997,"2015/09/16 19:50:12"
D,METER_DATA,GEN_DUID,1,"2015/09/16 19:55:00",CATHROCK,23.899998,"2015/09/16 19:50:12"
D,METER_DATA,GEN_DUID,1,"2015/09/16 19:55:00",CHALLHWF,2,"2015/09/16 19:50:12"
D,METER_DATA,GEN_DUID,1,"2015/09/16 19:55:00",CLOVER,23.380001,"2015/09/16 19:50:12"
D,METER_DATA,GEN_DUID,1,"2015/09/16 19:55:00",CLUNY,7.959530,"2015/09/16 19:50:12"
D,METER_DATA,GEN_DUID,1,"2015/09/16 19:55:00",CNUNDAWF,1.802102,"2015/09/16 19:50:12"
D,METER_DATA,GEN_DUID,1,"2015/09/16 19:55:00",CULLRGWF,16.200001,"2015/09/16 19:50:12"
D,METER_DATA,GEN_DUID,1,"2015/09/16 19:55:00",ERGT01,0,"2015/09/16 19:50:12"
D,METER_DATA,GEN_DUID,1,"2015/09/16 19:55:00",GB01,0.208096,"2015/09/16 19:50:12"
D,METER_DATA,GEN_DUID,1,"2015/09/16 19:55:00",GERMCRK,31.200001,"2015/09/16 19:50:12"
D,METER_DATA,GEN_DUID,1,"2015/09/16 19:55:00",INVICTA,34.775002,"2015/09/16 19:50:12"
D,METER_DATA,GEN_DUID,1,"2015/09/16 19:55:00",LKBONNY1,-0.449338,"2015/09/16 19:50:12"
D,METER_DATA,GEN_DUID,1,"2015/09/16 19:55:00",MBAHNTH,50.400002,"2015/09/16 19:50:12"
D,METER_DATA,GEN_DUID,1,"2015/09/16 19:55:00",MLWF1,0.5550,"2015/09/16 19:50:12"
D,METER_DATA,GEN_DUID,1,"2015/09/16 19:55:00",MTMILLAR,10.603868,"2015/09/16 19:50:12"
D,METER_DATA,GEN_DUID,1,"2015/09/16 19:55:00",PALOONA,20.049999,"2015/09/16 19:50:12"
D,METER_DATA,GEN_DUID,1,"2015/09/16 19:55:00",PIONEER,42,"2015/09/16 19:50:12"
D,METER_DATA,GEN_DUID,1,"2015/09/16 19:55:00",PORTWF,1.20,"2015/09/16 19:50:12"
D,METER_DATA,GEN_DUID,1,"2015/09/16 19:55:00",REPULSE,11.471109,"2015/09/16 19:50:12"
D,METER_DATA,GEN_DUID,1,"2015/09/16 19:55:00",ROWALLAN,9.6205,"2015/09/16 19:50:12"
D,METER_DATA,GEN_DUID,1,"2015/09/16 19:55:00",RPCG,4.915544,"2015/09/16 19:50:12"
D,METER_DATA,GEN_DUID,1,"2015/09/16 19:55:00",RUBICON,0,"2015/09/16 19:50:12"
D,METER_DATA,GEN_DUID,1,"2015/09/16 19:55:00",STARHLWF,12.296414,"2015/09/16 19:50:12"
D,METER_DATA,GEN_DUID,1,"2015/09/16 19:55:00",WAUBRAWF,17.9380,"2015/09/16 19:50:12"
D,METER_DATA,GEN_DUID,1,"2015/09/16 19:55:00",WOOLNTH1,36.210014,"2015/09/16 19:50:12"
D,METER_DATA,GEN_DUID,1,"2015/09/16 19:55:00",WPWF,64,"2015/09/16 19:50:12"
D,METER_DATA,GEN_DUID,1,"2015/09/16 19:55:00",YAMBUKWF,-0.20,"2015/09/16 19:50:12"
D,METER_DATA,GEN_DUID,1,"2015/09/16 20:00:00",ANGAS1,0,"2015/09/16 19:55:11"
D,METER_DATA,GEN_DUID,1,"2015/09/16 20:00:00",ANGAS2,0,"2015/09/16 19:55:11"
D,METER_DATA,GEN_DUID,1,"2015/09/16 20:00:00",BUTLERSG,-0.000002,"2015/09/16 19:55:11"
D,METER_DATA,GEN_DUID,1,"2015/09/16 20:00:00",CALL_A_4,0,"2015/09/16 19:55:11"
D,METER_DATA,GEN_DUID,1,"2015/09/16 20:00:00",CAPTL_WF,33.687996,"2015/09/16 19:55:11"
D,METER_DATA,GEN_DUID,1,"2015/09/16 20:00:00",CATHROCK,23.169998,"2015/09/16 19:55:11"
D,METER_DATA,GEN_DUID,1,"2015/09/16 20:00:00",CHALLHWF,2.30,"2015/09/16 19:55:11"
D,METER_DATA,GEN_DUID,1,"2015/09/16 20:00:00",CLOVER,23.07,"2015/09/16 19:55:11"
D,METER_DATA,GEN_DUID,1,"2015/09/16 20:00:00",CLUNY,4.358450,"2015/09/16 19:55:11"
D,METER_DATA,GEN_DUID,1,"2015/09/16 20:00:00",CNUNDAWF,1.802102,"2015/09/16 19:55:11"
D,METER_DATA,GEN_DUID,1,"2015/09/16 20:00:00",CULLRGWF,16.07,"2015/09/16 19:55:11"
D,METER_DATA,GEN_DUID,1,"2015/09/16 20:00:00",ERGT01,0,"2015/09/16 19:55:11"
D,METER_DATA,GEN_DUID,1,"2015/09/16 20:00:00",GB01,0.208096,"2015/09/16 19:55:11"
D,METER_DATA,GEN_DUID,1,"2015/09/16 20:00:00",GERMCRK,31.299999,"2015/09/16 19:55:11"
D,METER_DATA,GEN_DUID,1,"2015/09/16 20:00:00",INVICTA,34.775002,"2015/09/16 19:55:11"
D,METER_DATA,GEN_DUID,1,"2015/09/16 20:00:00",LKBONNY1,-0.449338,"2015/09/16 19:55:11"
D,METER_DATA,GEN_DUID,1,"2015/09/16 20:00:00",MBAHNTH,50.400002,"2015/09/16 19:55:11"
D,METER_DATA,GEN_DUID,1,"2015/09/16 20:00:00",MLWF1,0.5550,"2015/09/16 19:55:11"
D,METER_DATA,GEN_DUID,1,"2015/09/16 20:00:00",MTMILLAR,10.499690,"2015/09/16 19:55:11"
D,METER_DATA,GEN_DUID,1,"2015/09/16 20:00:00",PALOONA,20.049999,"2015/09/16 19:55:11"
D,METER_DATA,GEN_DUID,1,"2015/09/16 20:00:00",PIONEER,46.299999,"2015/09/16 19:55:11"
D,METER_DATA,GEN_DUID,1,"2015/09/16 20:00:00",PORTWF,0.60,"2015/09/16 19:55:11"
D,METER_DATA,GEN_DUID,1,"2015/09/16 20:00:00",REPULSE,7.450505,"2015/09/16 19:55:11"
D,METER_DATA,GEN_DUID,1,"2015/09/16 20:00:00",ROWALLAN,9.4430,"2015/09/16 19:55:11"
D,METER_DATA,GEN_DUID,1,"2015/09/16 20:00:00",RPCG,5.220237,"2015/09/16 19:55:11"
D,METER_DATA,GEN_DUID,1,"2015/09/16 20:00:00",RUBICON,0,"2015/09/16 19:55:11"
D,METER_DATA,GEN_DUID,1,"2015/09/16 20:00:00",STARHLWF,13.196152,"2015/09/16 19:55:11"
D,METER_DATA,GEN_DUID,1,"2015/09/16 20:00:00",WAUBRAWF,19.2880,"2015/09/16 19:55:11"
D,METER_DATA,GEN_DUID,1,"2015/09/16 20:00:00",WOOLNTH1,37.690018,"2015/09/16 19:55:11"
D,METER_DATA,GEN_DUID,1,"2015/09/16 20:00:00",WPWF,64,"2015/09/16 19:55:11"
D,METER_DATA,GEN_DUID,1,"2015/09/16 20:00:00",YAMBUKWF,-0.20,"2015/09/16 19:55:11"
D,METER_DATA,GEN_DUID,1,"2015/09/16 20:05:00",ANGAS1,0,"2015/09/16 20:00:12"
D,METER_DATA,GEN_DUID,1,"2015/09/16 20:05:00",ANGAS2,0,"2015/09/16 20:00:12"
D,METER_DATA,GEN_DUID,1,"2015/09/16 20:05:00",BUTLERSG,-0.000002,"2015/09/16 20:00:12"
D,METER_DATA,GEN_DUID,1,"2015/09/16 20:05:00",CALL_A_4,0,"2015/09/16 20:00:12"
D,METER_DATA,GEN_DUID,1,"2015/09/16 20:05:00",CAPTL_WF,28.251999,"2015/09/16 20:00:12"
D,METER_DATA,GEN_DUID,1,"2015/09/16 20:05:00",CATHROCK,24.599998,"2015/09/16 20:00:12"
D,METER_DATA,GEN_DUID,1,"2015/09/16 20:05:00",CHALLHWF,3,"2015/09/16 20:00:12"
D,METER_DATA,GEN_DUID,1,"2015/09/16 20:05:00",CLOVER,22.810001,"2015/09/16 20:00:12"
D,METER_DATA,GEN_DUID,1,"2015/09/16 20:05:00",CLUNY,4.972920,"2015/09/16 20:00:12"
D,METER_DATA,GEN_DUID,1,"2015/09/16 20:05:00",CNUNDAWF,1.802102,"2015/09/16 20:00:12"
D,METER_DATA,GEN_DUID,1,"2015/09/16 20:05:00",CULLRGWF,14.87,"2015/09/16 20:00:12"
D,METER_DATA,GEN_DUID,1,"2015/09/16 20:05:00",ERGT01,0,"2015/09/16 20:00:12"
D,METER_DATA,GEN_DUID,1,"2015/09/16 20:05:00",GB01,0.208096,"2015/09/16 20:00:12"
D,METER_DATA,GEN_DUID,1,"2015/09/16 20:05:00",GERMCRK,31.799999,"2015/09/16 20:00:12"
D,METER_DATA,GEN_DUID,1,"2015/09/16 20:05:00",INVICTA,34.775002,"2015/09/16 20:00:12"
D,METER_DATA,GEN_DUID,1,"2015/09/16 20:05:00",LKBONNY1,-0.449338,"2015/09/16 20:00:12"
D,METER_DATA,GEN_DUID,1,"2015/09/16 20:05:00",MBAHNTH,50.400002,"2015/09/16 20:00:12"
D,METER_DATA,GEN_DUID,1,"2015/09/16 20:05:00",MLWF1,0.7650,"2015/09/16 20:00:12"
D,METER_DATA,GEN_DUID,1,"2015/09/16 20:05:00",MTMILLAR,11.816803,"2015/09/16 20:00:12"
D,METER_DATA,GEN_DUID,1,"2015/09/16 20:05:00",PALOONA,20.049999,"2015/09/16 20:00:12"
D,METER_DATA,GEN_DUID,1,"2015/09/16 20:05:00",PIONEER,46.100002,"2015/09/16 20:00:12"
D,METER_DATA,GEN_DUID,1,"2015/09/16 20:05:00",PORTWF,0.60,"2015/09/16 20:00:12"
D,METER_DATA,GEN_DUID,1,"2015/09/16 20:05:00",REPULSE,8.098374,"2015/09/16 20:00:12"
D,METER_DATA,GEN_DUID,1,"2015/09/16 20:05:00",ROWALLAN,9.4927,"2015/09/16 20:00:12"
D,METER_DATA,GEN_DUID,1,"2015/09/16 20:05:00",RPCG,5.145970,"2015/09/16 20:00:12"
D,METER_DATA,GEN_DUID,1,"2015/09/16 20:05:00",RUBICON,0,"2015/09/16 20:00:12"
D,METER_DATA,GEN_DUID,1,"2015/09/16 20:05:00",STARHLWF,10.296997,"2015/09/16 20:00:12"
D,METER_DATA,GEN_DUID,1,"2015/09/16 20:05:00",WAUBRAWF,20.5760,"2015/09/16 20:00:12"
D,METER_DATA,GEN_DUID,1,"2015/09/16 20:05:00",WOOLNTH1,35.710014,"2015/09/16 20:00:12"
D,METER_DATA,GEN_DUID,1,"2015/09/16 20:05:00",WPWF,64,"2015/09/16 20:00:12"
D,METER_DATA,GEN_DUID,1,"2015/09/16 20:05:00",YAMBUKWF,-0.20,"2015/09/16 20:00:12"
D,METER_DATA,GEN_DUID,1,"2015/09/16 20:10:00",ANGAS1,0,"2015/09/16 20:05:12"
D,METER_DATA,GEN_DUID,1,"2015/09/16 20:10:00",ANGAS2,0,"2015/09/16 20:05:12"
D,METER_DATA,GEN_DUID,1,"2015/09/16 20:10:00",BUTLERSG,-0.000002,"2015/09/16 20:05:12"
D,METER_DATA,GEN_DUID,1,"2015/09/16 20:10:00",CALL_A_4,0,"2015/09/16 20:05:12"
D,METER_DATA,GEN_DUID,1,"2015/09/16 20:10:00",CAPTL_WF,22.479996,"2015/09/16 20:05:12"
D,METER_DATA,GEN_DUID,1,"2015/09/16 20:10:00",CATHROCK,20.499998,"2015/09/16 20:05:12"
D,METER_DATA,GEN_DUID,1,"2015/09/16 20:10:00",CHALLHWF,3,"2015/09/16 20:05:12"
D,METER_DATA,GEN_DUID,1,"2015/09/16 20:10:00",CLOVER,23.200001,"2015/09/16 20:05:12"
D,METER_DATA,GEN_DUID,1,"2015/09/16 20:10:00",CLUNY,5.344460,"2015/09/16 20:05:12"
D,METER_DATA,GEN_DUID,1,"2015/09/16 20:10:00",CNUNDAWF,2.603037,"2015/09/16 20:05:12"
D,METER_DATA,GEN_DUID,1,"2015/09/16 20:10:00",CULLRGWF,12.63,"2015/09/16 20:05:12"
D,METER_DATA,GEN_DUID,1,"2015/09/16 20:10:00",ERGT01,0,"2015/09/16 20:05:12"
D,METER_DATA,GEN_DUID,1,"2015/09/16 20:10:00",GB01,0.208096,"2015/09/16 20:05:12"
D,METER_DATA,GEN_DUID,1,"2015/09/16 20:10:00",GERMCRK,32,"2015/09/16 20:05:12"
D,METER_DATA,GEN_DUID,1,"2015/09/16 20:10:00",INVICTA,34.775002,"2015/09/16 20:05:12"
D,METER_DATA,GEN_DUID,1,"2015/09/16 20:10:00",LKBONNY1,-0.449338,"2015/09/16 20:05:12"
D,METER_DATA,GEN_DUID,1,"2015/09/16 20:10:00",MBAHNTH,50.400002,"2015/09/16 20:05:12"
D,METER_DATA,GEN_DUID,1,"2015/09/16 20:10:00",MLWF1,0.96,"2015/09/16 20:05:12"
D,METER_DATA,GEN_DUID,1,"2015/09/16 20:10:00",MTMILLAR,12.627906,"2015/09/16 20:05:12"
D,METER_DATA,GEN_DUID,1,"2015/09/16 20:10:00",PALOONA,20.049999,"2015/09/16 20:05:12"
D,METER_DATA,GEN_DUID,1,"2015/09/16 20:10:00",PIONEER,44.900002,"2015/09/16 20:05:12"
D,METER_DATA,GEN_DUID,1,"2015/09/16 20:10:00",PORTWF,1.60,"2015/09/16 20:05:12"
D,METER_DATA,GEN_DUID,1,"2015/09/16 20:10:00",REPULSE,8.307980,"2015/09/16 20:05:12"
D,METER_DATA,GEN_DUID,1,"2015/09/16 20:10:00",ROWALLAN,9.5282,"2015/09/16 20:05:12"
D,METER_DATA,GEN_DUID,1,"2015/09/16 20:10:00",RPCG,4.933995,"2015/09/16 20:05:12"
D,METER_DATA,GEN_DUID,1,"2015/09/16 20:10:00",RUBICON,0,"2015/09/16 20:05:12"
D,METER_DATA,GEN_DUID,1,"2015/09/16 20:10:00",STARHLWF,10.996794,"2015/09/16 20:05:12"
D,METER_DATA,GEN_DUID,1,"2015/09/16 20:10:00",WAUBRAWF,18.778999,"2015/09/16 20:05:12"
D,METER_DATA,GEN_DUID,1,"2015/09/16 20:10:00",WOOLNTH1,34.860016,"2015/09/16 20:05:12"
D,METER_DATA,GEN_DUID,1,"2015/09/16 20:10:00",WPWF,65,"2015/09/16 20:05:12"
D,METER_DATA,GEN_DUID,1,"2015/09/16 20:10:00",YAMBUKWF,-0.20,"2015/09/16 20:05:12"
D,METER_DATA,GEN_DUID,1,"2015/09/16 20:15:00",ANGAS1,0,"2015/09/16 20:10:13"
D,METER_DATA,GEN_DUID,1,"2015/09/16 20:15:00",ANGAS2,0,"2015/09/16 20:10:13"
D,METER_DATA,GEN_DUID,1,"2015/09/16 20:15:00",BUTLERSG,-0.000002,"2015/09/16 20:10:13"
D,METER_DATA,GEN_DUID,1,"2015/09/16 20:15:00",CALL_A_4,0,"2015/09/16 20:10:13"
D,METER_DATA,GEN_DUID,1,"2015/09/16 20:15:00",CAPTL_WF,20.052002,"2015/09/16 20:10:13"
D,METER_DATA,GEN_DUID,1,"2015/09/16 20:15:00",CATHROCK,17.839998,"2015/09/16 20:10:13"
D,METER_DATA,GEN_DUID,1,"2015/09/16 20:15:00",CHALLHWF,2.10,"2015/09/16 20:10:13"
D,METER_DATA,GEN_DUID,1,"2015/09/16 20:15:00",CLOVER,22.98,"2015/09/16 20:10:13"
D,METER_DATA,GEN_DUID,1,"2015/09/16 20:15:00",CLUNY,5.0015,"2015/09/16 20:10:13"
D,METER_DATA,GEN_DUID,1,"2015/09/16 20:15:00",CNUNDAWF,3.604205,"2015/09/16 20:10:13"
D,METER_DATA,GEN_DUID,1,"2015/09/16 20:15:00",CULLRGWF,11.64,"2015/09/16 20:10:13"
D,METER_DATA,GEN_DUID,1,"2015/09/16 20:15:00",ERGT01,0,"2015/09/16 20:10:13"
D,METER_DATA,GEN_DUID,1,"2015/09/16 20:15:00",GB01,0.208096,"2015/09/16 20:10:13"
D,METER_DATA,GEN_DUID,1,"2015/09/16 20:15:00",GERMCRK,31.60,"2015/09/16 20:10:13"
D,METER_DATA,GEN_DUID,1,"2015/09/16 20:15:00",INVICTA,34.775002,"2015/09/16 20:10:13"
D,METER_DATA,GEN_DUID,1,"2015/09/16 20:15:00",LKBONNY1,-0.449338,"2015/09/16 20:10:13"
D,METER_DATA,GEN_DUID,1,"2015/09/16 20:15:00",MBAHNTH,50.400002,"2015/09/16 20:10:13"
D,METER_DATA,GEN_DUID,1,"2015/09/16 20:15:00",MLWF1,0.96,"2015/09/16 20:10:13"
D,METER_DATA,GEN_DUID,1,"2015/09/16 20:15:00",MTMILLAR,14.086403,"2015/09/16 20:10:13"
D,METER_DATA,GEN_DUID,1,"2015/09/16 20:15:00",PALOONA,20.049999,"2015/09/16 20:10:13"
D,METER_DATA,GEN_DUID,1,"2015/09/16 20:15:00",PIONEER,46.700001,"2015/09/16 20:10:13"
D,METER_DATA,GEN_DUID,1,"2015/09/16 20:15:00",PORTWF,1.90,"2015/09/16 20:10:13"
D,METER_DATA,GEN_DUID,1,"2015/09/16 20:15:00",REPULSE,6.783580,"2015/09/16 20:10:13"
D,METER_DATA,GEN_DUID,1,"2015/09/16 20:15:00",ROWALLAN,8.4774,"2015/09/16 20:10:13"
D,METER_DATA,GEN_DUID,1,"2015/09/16 20:15:00",RPCG,0.914636,"2015/09/16 20:10:13"
D,METER_DATA,GEN_DUID,1,"2015/09/16 20:15:00",RUBICON,0,"2015/09/16 20:10:13"
D,METER_DATA,GEN_DUID,1,"2015/09/16 20:15:00",STARHLWF,11.996502,"2015/09/16 20:10:13"
D,METER_DATA,GEN_DUID,1,"2015/09/16 20:15:00",WAUBRAWF,16.9580,"2015/09/16 20:10:13"
D,METER_DATA,GEN_DUID,1,"2015/09/16 20:15:00",WOOLNTH1,35.440018,"2015/09/16 20:10:13"
D,METER_DATA,GEN_DUID,1,"2015/09/16 20:15:00",WPWF,65,"2015/09/16 20:10:13"
D,METER_DATA,GEN_DUID,1,"2015/09/16 20:15:00",YAMBUKWF,-0.20,"2015/09/16 20:10:13"
D,METER_DATA,GEN_DUID,1,"2015/09/16 20:20:00",ANGAS1,0,"2015/09/16 20:15:12"
D,METER_DATA,GEN_DUID,1,"2015/09/16 20:20:00",ANGAS2,0,"2015/09/16 20:15:12"
D,METER_DATA,GEN_DUID,1,"2015/09/16 20:20:00",BUTLERSG,-0.000002,"2015/09/16 20:15:12"
D,METER_DATA,GEN_DUID,1,"2015/09/16 20:20:00",CALL_A_4,0,"2015/09/16 20:15:12"
D,METER_DATA,GEN_DUID,1,"2015/09/16 20:20:00",CAPTL_WF,18.935997,"2015/09/16 20:15:12"
D,METER_DATA,GEN_DUID,1,"2015/09/16 20:20:00",CATHROCK,22.319998,"2015/09/16 20:15:12"
D,METER_DATA,GEN_DUID,1,"2015/09/16 20:20:00",CHALLHWF,1.80,"2015/09/16 20:15:12"
D,METER_DATA,GEN_DUID,1,"2015/09/16 20:20:00",CLOVER,22.809999,"2015/09/16 20:15:12"
D,METER_DATA,GEN_DUID,1,"2015/09/16 20:20:00",CLUNY,3.929750,"2015/09/16 20:15:12"
D,METER_DATA,GEN_DUID,1,"2015/09/16 20:20:00",CNUNDAWF,3.203737,"2015/09/16 20:15:12"
D,METER_DATA,GEN_DUID,1,"2015/09/16 20:20:00",CULLRGWF,11.79,"2015/09/16 20:15:12"
D,METER_DATA,GEN_DUID,1,"2015/09/16 20:20:00",ERGT01,0,"2015/09/16 20:15:12"
D,METER_DATA,GEN_DUID,1,"2015/09/16 20:20:00",GB01,0.208096,"2015/09/16 20:15:12"
D,METER_DATA,GEN_DUID,1,"2015/09/16 20:20:00",GERMCRK,31.60,"2015/09/16 20:15:12"
D,METER_DATA,GEN_DUID,1,"2015/09/16 20:20:00",INVICTA,34.775002,"2015/09/16 20:15:12"
D,METER_DATA,GEN_DUID,1,"2015/09/16 20:20:00",LKBONNY1,-0.449338,"2015/09/16 20:15:12"
D,METER_DATA,GEN_DUID,1,"2015/09/16 20:20:00",MBAHNTH,50.400002,"2015/09/16 20:15:12"
D,METER_DATA,GEN_DUID,1,"2015/09/16 20:20:00",MLWF1,0.8550,"2015/09/16 20:15:12"
D,METER_DATA,GEN_DUID,1,"2015/09/16 20:20:00",MTMILLAR,15.061214,"2015/09/16 20:15:12"
D,METER_DATA,GEN_DUID,1,"2015/09/16 20:20:00",PALOONA,20.02,"2015/09/16 20:15:12"
D,METER_DATA,GEN_DUID,1,"2015/09/16 20:20:00",PIONEER,45.50,"2015/09/16 20:15:12"
D,METER_DATA,GEN_DUID,1,"2015/09/16 20:20:00",PORTWF,1.60,"2015/09/16 20:15:12"
D,METER_DATA,GEN_DUID,1,"2015/09/16 20:20:00",REPULSE,4.935245,"2015/09/16 20:15:12"
D,METER_DATA,GEN_DUID,1,"2015/09/16 20:20:00",ROWALLAN,7.8171,"2015/09/16 20:15:12"
D,METER_DATA,GEN_DUID,1,"2015/09/16 20:20:00",RPCG,0.920983,"2015/09/16 20:15:12"
D,METER_DATA,GEN_DUID,1,"2015/09/16 20:20:00",RUBICON,0,"2015/09/16 20:15:12"
D,METER_DATA,GEN_DUID,1,"2015/09/16 20:20:00",STARHLWF,9.497231,"2015/09/16 20:15:12"
D,METER_DATA,GEN_DUID,1,"2015/09/16 20:20:00",WAUBRAWF,18.226999,"2015/09/16 20:15:12"
D,METER_DATA,GEN_DUID,1,"2015/09/16 20:20:00",WOOLNTH1,38.720016,"2015/09/16 20:15:12"
D,METER_DATA,GEN_DUID,1,"2015/09/16 20:20:00",WPWF,64,"2015/09/16 20:15:12"
D,METER_DATA,GEN_DUID,1,"2015/09/16 20:20:00",YAMBUKWF,-0.20,"2015/09/16 20:15:12"
D,METER_DATA,GEN_DUID,1,"2015/09/16 20:25:00",ANGAS1,0,"2015/09/16 20:20:12"
D,METER_DATA,GEN_DUID,1,"2015/09/16 20:25:00",ANGAS2,0,"2015/09/16 20:20:12"
D,METER_DATA,GEN_DUID,1,"2015/09/16 20:25:00",BUTLERSG,-0.000002,"2015/09/16 20:20:12"
D,METER_DATA,GEN_DUID,1,"2015/09/16 20:25:00",CALL_A_4,0,"2015/09/16 20:20:12"
D,METER_DATA,GEN_DUID,1,"2015/09/16 20:25:00",CAPTL_WF,12.6520,"2015/09/16 20:20:12"
D,METER_DATA,GEN_DUID,1,"2015/09/16 20:25:00",CATHROCK,28.739998,"2015/09/16 20:20:12"
D,METER_DATA,GEN_DUID,1,"2015/09/16 20:25:00",CHALLHWF,2.40,"2015/09/16 20:20:12"
D,METER_DATA,GEN_DUID,1,"2015/09/16 20:25:00",CLOVER,22.630001,"2015/09/16 20:20:12"
D,METER_DATA,GEN_DUID,1,"2015/09/16 20:25:00",CLUNY,3.958330,"2015/09/16 20:20:12"
D,METER_DATA,GEN_DUID,1,"2015/09/16 20:25:00",CNUNDAWF,4.004672,"2015/09/16 20:20:12"
D,METER_DATA,GEN_DUID,1,"2015/09/16 20:25:00",CULLRGWF,11.31,"2015/09/16 20:20:12"
D,METER_DATA,GEN_DUID,1,"2015/09/16 20:25:00",ERGT01,0,"2015/09/16 20:20:12"
D,METER_DATA,GEN_DUID,1,"2015/09/16 20:25:00",GB01,0.208096,"2015/09/16 20:20:12"
D,METER_DATA,GEN_DUID,1,"2015/09/16 20:25:00",GERMCRK,31.90,"2015/09/16 20:20:12"
D,METER_DATA,GEN_DUID,1,"2015/09/16 20:25:00",INVICTA,33.725002,"2015/09/16 20:20:12"
D,METER_DATA,GEN_DUID,1,"2015/09/16 20:25:00",LKBONNY1,-0.449338,"2015/09/16 20:20:12"
D,METER_DATA,GEN_DUID,1,"2015/09/16 20:25:00",MBAHNTH,49.275002,"2015/09/16 20:20:12"
D,METER_DATA,GEN_DUID,1,"2015/09/16 20:25:00",MLWF1,0.8550,"2015/09/16 20:20:12"
D,METER_DATA,GEN_DUID,1,"2015/09/16 20:25:00",MTMILLAR,17.003397,"2015/09/16 20:20:12"
D,METER_DATA,GEN_DUID,1,"2015/09/16 20:25:00",PALOONA,20.23,"2015/09/16 20:20:12"
D,METER_DATA,GEN_DUID,1,"2015/09/16 20:25:00",PIONEER,45.799999,"2015/09/16 20:20:12"
D,METER_DATA,GEN_DUID,1,"2015/09/16 20:25:00",PORTWF,1.90,"2015/09/16 20:20:12"
D,METER_DATA,GEN_DUID,1,"2015/09/16 20:25:00",REPULSE,4.801860,"2015/09/16 20:20:12"
D,METER_DATA,GEN_DUID,1,"2015/09/16 20:25:00",ROWALLAN,7.5686,"2015/09/16 20:20:12"
D,METER_DATA,GEN_DUID,1,"2015/09/16 20:25:00",RPCG,5.192623,"2015/09/16 20:20:12"
D,METER_DATA,GEN_DUID,1,"2015/09/16 20:25:00",RUBICON,0,"2015/09/16 20:20:12"
D,METER_DATA,GEN_DUID,1,"2015/09/16 20:25:00",STARHLWF,9.997085,"2015/09/16 20:20:12"
D,METER_DATA,GEN_DUID,1,"2015/09/16 20:25:00",WAUBRAWF,19.6940,"2015/09/16 20:20:12"
D,METER_DATA,GEN_DUID,1,"2015/09/16 20:25:00",WOOLNTH1,41.450020,"2015/09/16 20:20:12"
D,METER_DATA,GEN_DUID,1,"2015/09/16 20:25:00",WPWF,60,"2015/09/16 20:20:12"
D,METER_DATA,GEN_DUID,1,"2015/09/16 20:25:00",YAMBUKWF,-0.20,"2015/09/16 20:20:12"
D,METER_DATA,GEN_DUID,1,"2015/09/16 20:30:00",ANGAS1,0,"2015/09/16 20:25:12"
D,METER_DATA,GEN_DUID,1,"2015/09/16 20:30:00",ANGAS2,0,"2015/09/16 20:25:12"
D,METER_DATA,GEN_DUID,1,"2015/09/16 20:30:00",BUTLERSG,-0.000002,"2015/09/16 20:25:12"
D,METER_DATA,GEN_DUID,1,"2015/09/16 20:30:00",CALL_A_4,0,"2015/09/16 20:25:12"
D,METER_DATA,GEN_DUID,1,"2015/09/16 20:30:00",CAPTL_WF,10.160004,"2015/09/16 20:25:12"
D,METER_DATA,GEN_DUID,1,"2015/09/16 20:30:00",CATHROCK,24.709999,"2015/09/16 20:25:12"
D,METER_DATA,GEN_DUID,1,"2015/09/16 20:30:00",CHALLHWF,2.70,"2015/09/16 20:25:12"
D,METER_DATA,GEN_DUID,1,"2015/09/16 20:30:00",CLOVER,22.57,"2015/09/16 20:25:12"
D,METER_DATA,GEN_DUID,1,"2015/09/16 20:30:00",CLUNY,4.015490,"2015/09/16 20:25:12"
D,METER_DATA,GEN_DUID,1,"2015/09/16 20:30:00",CNUNDAWF,4.805606,"2015/09/16 20:25:12"
D,METER_DATA,GEN_DUID,1,"2015/09/16 20:30:00",CULLRGWF,10.59,"2015/09/16 20:25:12"
D,METER_DATA,GEN_DUID,1,"2015/09/16 20:30:00",ERGT01,0,"2015/09/16 20:25:12"
D,METER_DATA,GEN_DUID,1,"2015/09/16 20:30:00",GB01,0.208096,"2015/09/16 20:25:12"
D,METER_DATA,GEN_DUID,1,"2015/09/16 20:30:00",GERMCRK,31.90,"2015/09/16 20:25:12"
D,METER_DATA,GEN_DUID,1,"2015/09/16 20:30:00",INVICTA,33.725002,"2015/09/16 20:25:12"
D,METER_DATA,GEN_DUID,1,"2015/09/16 20:30:00",LKBONNY1,-0.449338,"2015/09/16 20:25:12"
D,METER_DATA,GEN_DUID,1,"2015/09/16 20:30:00",MBAHNTH,49.275002,"2015/09/16 20:25:12"
D,METER_DATA,GEN_DUID,1,"2015/09/16 20:30:00",MLWF1,0.8550,"2015/09/16 20:25:12"
D,METER_DATA,GEN_DUID,1,"2015/09/16 20:30:00",MTMILLAR,18.305626,"2015/09/16 20:25:12"
D,METER_DATA,GEN_DUID,1,"2015/09/16 20:30:00",PALOONA,20.039999,"2015/09/16 20:25:12"
D,METER_DATA,GEN_DUID,1,"2015/09/16 20:30:00",PIONEER,44.900002,"2015/09/16 20:25:12"
D,METER_DATA,GEN_DUID,1,"2015/09/16 20:30:00",PORTWF,2.50,"2015/09/16 20:25:12"
D,METER_DATA,GEN_DUID,1,"2015/09/16 20:30:00",REPULSE,4.820915,"2015/09/16 20:25:12"
D,METER_DATA,GEN_DUID,1,"2015/09/16 20:30:00",ROWALLAN,7.5189,"2015/09/16 20:25:12"
D,METER_DATA,GEN_DUID,1,"2015/09/16 20:30:00",RPCG,5.117768,"2015/09/16 20:25:12"
D,METER_DATA,GEN_DUID,1,"2015/09/16 20:30:00",RUBICON,0,"2015/09/16 20:25:12"
D,METER_DATA,GEN_DUID,1,"2015/09/16 20:30:00",STARHLWF,13.496064,"2015/09/16 20:25:12"
D,METER_DATA,GEN_DUID,1,"2015/09/16 20:30:00",WAUBRAWF,21.8410,"2015/09/16 20:25:12"
D,METER_DATA,GEN_DUID,1,"2015/09/16 20:30:00",WOOLNTH1,47.410019,"2015/09/16 20:25:12"
D,METER_DATA,GEN_DUID,1,"2015/09/16 20:30:00",WPWF,60,"2015/09/16 20:25:12"
D,METER_DATA,GEN_DUID,1,"2015/09/16 20:30:00",YAMBUKWF,-0.20,"2015/09/16 20:25:12"
D,METER_DATA,GEN_DUID,1,"2015/09/16 20:35:00",ANGAS1,0,"2015/09/16 20:30:11"
D,METER_DATA,GEN_DUID,1,"2015/09/16 20:35:00",ANGAS2,0,"2015/09/16 20:30:11"
D,METER_DATA,GEN_DUID,1,"2015/09/16 20:35:00",BUTLERSG,-0.000002,"2015/09/16 20:30:11"
D,METER_DATA,GEN_DUID,1,"2015/09/16 20:35:00",CALL_A_4,0,"2015/09/16 20:30:11"
D,METER_DATA,GEN_DUID,1,"2015/09/16 20:35:00",CAPTL_WF,8.132004,"2015/09/16 20:30:11"
D,METER_DATA,GEN_DUID,1,"2015/09/16 20:35:00",CATHROCK,30.699999,"2015/09/16 20:30:11"
D,METER_DATA,GEN_DUID,1,"2015/09/16 20:35:00",CHALLHWF,3.70,"2015/09/16 20:30:11"
D,METER_DATA,GEN_DUID,1,"2015/09/16 20:35:00",CLOVER,22.309999,"2015/09/16 20:30:11"
D,METER_DATA,GEN_DUID,1,"2015/09/16 20:35:00",CLUNY,3.772560,"2015/09/16 20:30:11"
D,METER_DATA,GEN_DUID,1,"2015/09/16 20:35:00",CNUNDAWF,3.403971,"2015/09/16 20:30:11"
D,METER_DATA,GEN_DUID,1,"2015/09/16 20:35:00",CULLRGWF,11.41,"2015/09/16 20:30:11"
D,METER_DATA,GEN_DUID,1,"2015/09/16 20:35:00",ERGT01,0,"2015/09/16 20:30:11"
D,METER_DATA,GEN_DUID,1,"2015/09/16 20:35:00",GB01,0.208096,"2015/09/16 20:30:11"
D,METER_DATA,GEN_DUID,1,"2015/09/16 20:35:00",GERMCRK,31.799999,"2015/09/16 20:30:11"
D,METER_DATA,GEN_DUID,1,"2015/09/16 20:35:00",INVICTA,33.725002,"2015/09/16 20:30:11"
D,METER_DATA,GEN_DUID,1,"2015/09/16 20:35:00",LKBONNY1,-0.449338,"2015/09/16 20:30:11"
D,METER_DATA,GEN_DUID,1,"2015/09/16 20:35:00",MBAHNTH,49.275002,"2015/09/16 20:30:11"
D,METER_DATA,GEN_DUID,1,"2015/09/16 20:35:00",MLWF1,0.75,"2015/09/16 20:30:11"
D,METER_DATA,GEN_DUID,1,"2015/09/16 20:35:00",MTMILLAR,19.496237,"2015/09/16 20:30:11"
D,METER_DATA,GEN_DUID,1,"2015/09/16 20:35:00",PALOONA,20.16,"2015/09/16 20:30:11"
D,METER_DATA,GEN_DUID,1,"2015/09/16 20:35:00",PIONEER,47.200001,"2015/09/16 20:30:11"
D,METER_DATA,GEN_DUID,1,"2015/09/16 20:35:00",PORTWF,3.70,"2015/09/16 20:30:11"
D,METER_DATA,GEN_DUID,1,"2015/09/16 20:35:00",REPULSE,4.744695,"2015/09/16 20:30:11"
D,METER_DATA,GEN_DUID,1,"2015/09/16 20:35:00",ROWALLAN,7.4124,"2015/09/16 20:30:11"
D,METER_DATA,GEN_DUID,1,"2015/09/16 20:35:00",RPCG,0.938416,"2015/09/16 20:30:11"
D,METER_DATA,GEN_DUID,1,"2015/09/16 20:35:00",RUBICON,0,"2015/09/16 20:30:11"
D,METER_DATA,GEN_DUID,1,"2015/09/16 20:35:00",STARHLWF,14.495773,"2015/09/16 20:30:11"
D,METER_DATA,GEN_DUID,1,"2015/09/16 20:35:00",WAUBRAWF,21.459999,"2015/09/16 20:30:11"
D,METER_DATA,GEN_DUID,1,"2015/09/16 20:35:00",WOOLNTH1,51.470016,"2015/09/16 20:30:11"
D,METER_DATA,GEN_DUID,1,"2015/09/16 20:35:00",WPWF,63,"2015/09/16 20:30:11"
D,METER_DATA,GEN_DUID,1,"2015/09/16 20:35:00",YAMBUKWF,-0.20,"2015/09/16 20:30:11"
D,METER_DATA,GEN_DUID,1,"2015/09/16 20:40:00",ANGAS1,0,"2015/09/16 20:35:11"
D,METER_DATA,GEN_DUID,1,"2015/09/16 20:40:00",ANGAS2,0,"2015/09/16 20:35:11"
D,METER_DATA,GEN_DUID,1,"2015/09/16 20:40:00",BUTLERSG,-0.000002,"2015/09/16 20:35:11"
D,METER_DATA,GEN_DUID,1,"2015/09/16 20:40:00",CALL_A_4,0,"2015/09/16 20:35:11"
D,METER_DATA,GEN_DUID,1,"2015/09/16 20:40:00",CAPTL_WF,3.800003,"2015/09/16 20:35:11"
D,METER_DATA,GEN_DUID,1,"2015/09/16 20:40:00",CATHROCK,26.729998,"2015/09/16 20:35:11"
D,METER_DATA,GEN_DUID,1,"2015/09/16 20:40:00",CHALLHWF,4.20,"2015/09/16 20:35:11"
D,METER_DATA,GEN_DUID,1,"2015/09/16 20:40:00",CLOVER,22.860001,"2015/09/16 20:35:11"
D,METER_DATA,GEN_DUID,1,"2015/09/16 20:40:00",CLUNY,4.101230,"2015/09/16 20:35:11"
D,METER_DATA,GEN_DUID,1,"2015/09/16 20:40:00",CNUNDAWF,3.403971,"2015/09/16 20:35:11"
D,METER_DATA,GEN_DUID,1,"2015/09/16 20:40:00",CULLRGWF,11.39,"2015/09/16 20:35:11"
D,METER_DATA,GEN_DUID,1,"2015/09/16 20:40:00",ERGT01,0,"2015/09/16 20:35:11"
D,METER_DATA,GEN_DUID,1,"2015/09/16 20:40:00",GB01,0.208096,"2015/09/16 20:35:11"
D,METER_DATA,GEN_DUID,1,"2015/09/16 20:40:00",GERMCRK,31.700001,"2015/09/16 20:35:11"
D,METER_DATA,GEN_DUID,1,"2015/09/16 20:40:00",INVICTA,34.775002,"2015/09/16 20:35:11"
D,METER_DATA,GEN_DUID,1,"2015/09/16 20:40:00",LKBONNY1,-0.449338,"2015/09/16 20:35:11"
D,METER_DATA,GEN_DUID,1,"2015/09/16 20:40:00",MBAHNTH,49.275002,"2015/09/16 20:35:11"
D,METER_DATA,GEN_DUID,1,"2015/09/16 20:40:00",MLWF1,0.75,"2015/09/16 20:35:11"
D,METER_DATA,GEN_DUID,1,"2015/09/16 20:40:00",MTMILLAR,20.046892,"2015/09/16 20:35:11"
D,METER_DATA,GEN_DUID,1,"2015/09/16 20:40:00",PALOONA,20.16,"2015/09/16 20:35:11"
D,METER_DATA,GEN_DUID,1,"2015/09/16 20:40:00",PIONEER,47,"2015/09/16 20:35:11"
D,METER_DATA,GEN_DUID,1,"2015/09/16 20:40:00",PORTWF,3.40,"2015/09/16 20:35:11"
D,METER_DATA,GEN_DUID,1,"2015/09/16 20:40:00",REPULSE,5.278235,"2015/09/16 20:35:11"
D,METER_DATA,GEN_DUID,1,"2015/09/16 20:40:00",ROWALLAN,7.6325,"2015/09/16 20:35:11"
D,METER_DATA,GEN_DUID,1,"2015/09/16 20:40:00",RPCG,5.217671,"2015/09/16 20:35:11"
D,METER_DATA,GEN_DUID,1,"2015/09/16 20:40:00",RUBICON,0,"2015/09/16 20:35:11"
D,METER_DATA,GEN_DUID,1,"2015/09/16 20:40:00",STARHLWF,15.395511,"2015/09/16 20:35:11"
D,METER_DATA,GEN_DUID,1,"2015/09/16 20:40:00",WAUBRAWF,21.2050,"2015/09/16 20:35:11"
D,METER_DATA,GEN_DUID,1,"2015/09/16 20:40:00",WOOLNTH1,46.070015,"2015/09/16 20:35:11"
D,METER_DATA,GEN_DUID,1,"2015/09/16 20:40:00",WPWF,60,"2015/09/16 20:35:11"
D,METER_DATA,GEN_DUID,1,"2015/09/16 20:40:00",YAMBUKWF,-0.20,"2015/09/16 20:35:11"
D,METER_DATA,GEN_DUID,1,"2015/09/16 20:45:00",ANGAS1,0,"2015/09/16 20:40:13"
D,METER_DATA,GEN_DUID,1,"2015/09/16 20:45:00",ANGAS2,0,"2015/09/16 20:40:13"
D,METER_DATA,GEN_DUID,1,"2015/09/16 20:45:00",BUTLERSG,-0.000002,"2015/09/16 20:40:13"
D,METER_DATA,GEN_DUID,1,"2015/09/16 20:45:00",CALL_A_4,0,"2015/09/16 20:40:13"
D,METER_DATA,GEN_DUID,1,"2015/09/16 20:45:00",CAPTL_WF,0,"2015/09/16 20:40:13"
D,METER_DATA,GEN_DUID,1,"2015/09/16 20:45:00",CATHROCK,22.339998,"2015/09/16 20:40:13"
D,METER_DATA,GEN_DUID,1,"2015/09/16 20:45:00",CHALLHWF,4.20,"2015/09/16 20:40:13"
D,METER_DATA,GEN_DUID,1,"2015/09/16 20:45:00",CLOVER,22.24,"2015/09/16 20:40:13"
D,METER_DATA,GEN_DUID,1,"2015/09/16 20:45:00",CLUNY,3.7154,"2015/09/16 20:40:13"
D,METER_DATA,GEN_DUID,1,"2015/09/16 20:45:00",CNUNDAWF,2.703153,"2015/09/16 20:40:13"
D,METER_DATA,GEN_DUID,1,"2015/09/16 20:45:00",CULLRGWF,10.16,"2015/09/16 20:40:13"
D,METER_DATA,GEN_DUID,1,"2015/09/16 20:45:00",ERGT01,0,"2015/09/16 20:40:13"
D,METER_DATA,GEN_DUID,1,"2015/09/16 20:45:00",GB01,0.208096,"2015/09/16 20:40:13"
D,METER_DATA,GEN_DUID,1,"2015/09/16 20:45:00",GERMCRK,31.90,"2015/09/16 20:40:13"
D,METER_DATA,GEN_DUID,1,"2015/09/16 20:45:00",INVICTA,34.775002,"2015/09/16 20:40:13"
D,METER_DATA,GEN_DUID,1,"2015/09/16 20:45:00",LKBONNY1,-0.449338,"2015/09/16 20:40:13"
D,METER_DATA,GEN_DUID,1,"2015/09/16 20:45:00",MBAHNTH,49.275002,"2015/09/16 20:40:13"
D,METER_DATA,GEN_DUID,1,"2015/09/16 20:45:00",MLWF1,1.29,"2015/09/16 20:40:13"
D,METER_DATA,GEN_DUID,1,"2015/09/16 20:45:00",MTMILLAR,20.932409,"2015/09/16 20:40:13"
D,METER_DATA,GEN_DUID,1,"2015/09/16 20:45:00",PALOONA,20.09,"2015/09/16 20:40:13"
D,METER_DATA,GEN_DUID,1,"2015/09/16 20:45:00",PIONEER,46.100002,"2015/09/16 20:40:13"
D,METER_DATA,GEN_DUID,1,"2015/09/16 20:45:00",PORTWF,3.20,"2015/09/16 20:40:13"
D,METER_DATA,GEN_DUID,1,"2015/09/16 20:45:00",REPULSE,4.611310,"2015/09/16 20:40:13"
D,METER_DATA,GEN_DUID,1,"2015/09/16 20:45:00",ROWALLAN,7.1994,"2015/09/16 20:40:13"
D,METER_DATA,GEN_DUID,1,"2015/09/16 20:45:00",RPCG,5.239922,"2015/09/16 20:40:13"
D,METER_DATA,GEN_DUID,1,"2015/09/16 20:45:00",RUBICON,0,"2015/09/16 20:40:13"
D,METER_DATA,GEN_DUID,1,"2015/09/16 20:45:00",STARHLWF,15.895365,"2015/09/16 20:40:13"
D,METER_DATA,GEN_DUID,1,"2015/09/16 20:45:00",WAUBRAWF,24.0970,"2015/09/16 20:40:13"
D,METER_DATA,GEN_DUID,1,"2015/09/16 20:45:00",WOOLNTH1,37.690018,"2015/09/16 20:40:13"
D,METER_DATA,GEN_DUID,1,"2015/09/16 20:45:00",WPWF,58,"2015/09/16 20:40:13"
D,METER_DATA,GEN_DUID,1,"2015/09/16 20:45:00",YAMBUKWF,-0.20,"2015/09/16 20:40:13"
D,METER_DATA,GEN_DUID,1,"2015/09/16 20:50:00",ANGAS1,0,"2015/09/16 20:45:11"
D,METER_DATA,GEN_DUID,1,"2015/09/16 20:50:00",ANGAS2,0,"2015/09/16 20:45:11"
D,METER_DATA,GEN_DUID,1,"2015/09/16 20:50:00",BUTLERSG,-0.000002,"2015/09/16 20:45:11"
D,METER_DATA,GEN_DUID,1,"2015/09/16 20:50:00",CALL_A_4,0,"2015/09/16 20:45:11"
D,METER_DATA,GEN_DUID,1,"2015/09/16 20:50:00",CAPTL_WF,0,"2015/09/16 20:45:11"
D,METER_DATA,GEN_DUID,1,"2015/09/16 20:50:00",CATHROCK,22.709999,"2015/09/16 20:45:11"
D,METER_DATA,GEN_DUID,1,"2015/09/16 20:50:00",CHALLHWF,5.50,"2015/09/16 20:45:11"
D,METER_DATA,GEN_DUID,1,"2015/09/16 20:50:00",CLOVER,22.799999,"2015/09/16 20:45:11"
D,METER_DATA,GEN_DUID,1,"2015/09/16 20:50:00",CLUNY,4.072650,"2015/09/16 20:45:11"
D,METER_DATA,GEN_DUID,1,"2015/09/16 20:50:00",CNUNDAWF,1.902219,"2015/09/16 20:45:11"
D,METER_DATA,GEN_DUID,1,"2015/09/16 20:50:00",CULLRGWF,10.20,"2015/09/16 20:45:11"
D,METER_DATA,GEN_DUID,1,"2015/09/16 20:50:00",ERGT01,0,"2015/09/16 20:45:11"
D,METER_DATA,GEN_DUID,1,"2015/09/16 20:50:00",GB01,0.208096,"2015/09/16 20:45:11"
D,METER_DATA,GEN_DUID,1,"2015/09/16 20:50:00",GERMCRK,32,"2015/09/16 20:45:11"
D,METER_DATA,GEN_DUID,1,"2015/09/16 20:50:00",INVICTA,35.924999,"2015/09/16 20:45:11"
D,METER_DATA,GEN_DUID,1,"2015/09/16 20:50:00",LKBONNY1,-0.449338,"2015/09/16 20:45:11"
D,METER_DATA,GEN_DUID,1,"2015/09/16 20:50:00",MBAHNTH,49.275002,"2015/09/16 20:45:11"
D,METER_DATA,GEN_DUID,1,"2015/09/16 20:50:00",MLWF1,1.29,"2015/09/16 20:45:11"
D,METER_DATA,GEN_DUID,1,"2015/09/16 20:50:00",MTMILLAR,22.480202,"2015/09/16 20:45:11"
D,METER_DATA,GEN_DUID,1,"2015/09/16 20:50:00",PALOONA,20.09,"2015/09/16 20:45:11"
D,METER_DATA,GEN_DUID,1,"2015/09/16 20:50:00",PIONEER,48.900002,"2015/09/16 20:45:11"
D,METER_DATA,GEN_DUID,1,"2015/09/16 20:50:00",PORTWF,2.20,"2015/09/16 20:45:11"
D,METER_DATA,GEN_DUID,1,"2015/09/16 20:50:00",REPULSE,4.820915,"2015/09/16 20:45:11"
D,METER_DATA,GEN_DUID,1,"2015/09/16 20:50:00",ROWALLAN,7.7390,"2015/09/16 20:45:11"
D,METER_DATA,GEN_DUID,1,"2015/09/16 20:50:00",RPCG,0.944535,"2015/09/16 20:45:11"
D,METER_DATA,GEN_DUID,1,"2015/09/16 20:50:00",RUBICON,0,"2015/09/16 20:45:11"
D,METER_DATA,GEN_DUID,1,"2015/09/16 20:50:00",STARHLWF,18.294664,"2015/09/16 20:45:11"
D,METER_DATA,GEN_DUID,1,"2015/09/16 20:50:00",WAUBRAWF,27.99,"2015/09/16 20:45:11"
D,METER_DATA,GEN_DUID,1,"2015/09/16 20:50:00",WOOLNTH1,46.590019,"2015/09/16 20:45:11"
D,METER_DATA,GEN_DUID,1,"2015/09/16 20:50:00",WPWF,51,"2015/09/16 20:45:11"
D,METER_DATA,GEN_DUID,1,"2015/09/16 20:50:00",YAMBUKWF,-0.30,"2015/09/16 20:45:11"
D,METER_DATA,GEN_DUID,1,"2015/09/16 20:55:00",ANGAS1,0,"2015/09/16 20:50:15"
D,METER_DATA,GEN_DUID,1,"2015/09/16 20:55:00",ANGAS2,0,"2015/09/16 20:50:15"
D,METER_DATA,GEN_DUID,1,"2015/09/16 20:55:00",BUTLERSG,-0.000002,"2015/09/16 20:50:15"
D,METER_DATA,GEN_DUID,1,"2015/09/16 20:55:00",CALL_A_4,0,"2015/09/16 20:50:15"
D,METER_DATA,GEN_DUID,1,"2015/09/16 20:55:00",CAPTL_WF,0,"2015/09/16 20:50:15"
D,METER_DATA,GEN_DUID,1,"2015/09/16 20:55:00",CATHROCK,18.91,"2015/09/16 20:50:15"
D,METER_DATA,GEN_DUID,1,"2015/09/16 20:55:00",CHALLHWF,6.10,"2015/09/16 20:50:15"
D,METER_DATA,GEN_DUID,1,"2015/09/16 20:55:00",CLOVER,22.740002,"2015/09/16 20:50:15"
D,METER_DATA,GEN_DUID,1,"2015/09/16 20:55:00",CLUNY,3.5725,"2015/09/16 20:50:15"
D,METER_DATA,GEN_DUID,1,"2015/09/16 20:55:00",CNUNDAWF,2.402803,"2015/09/16 20:50:15"
D,METER_DATA,GEN_DUID,1,"2015/09/16 20:55:00",CULLRGWF,8.63,"2015/09/16 20:50:15"
D,METER_DATA,GEN_DUID,1,"2015/09/16 20:55:00",ERGT01,0,"2015/09/16 20:50:15"
D,METER_DATA,GEN_DUID,1,"2015/09/16 20:55:00",GB01,0.208096,"2015/09/16 20:50:15"
D,METER_DATA,GEN_DUID,1,"2015/09/16 20:55:00",GERMCRK,31.60,"2015/09/16 20:50:15"
D,METER_DATA,GEN_DUID,1,"2015/09/16 20:55:00",INVICTA,35.950001,"2015/09/16 20:50:15"
D,METER_DATA,GEN_DUID,1,"2015/09/16 20:55:00",LKBONNY1,-0.449338,"2015/09/16 20:50:15"
D,METER_DATA,GEN_DUID,1,"2015/09/16 20:55:00",MBAHNTH,49.275002,"2015/09/16 20:50:15"
D,METER_DATA,GEN_DUID,1,"2015/09/16 20:55:00",MLWF1,0.87,"2015/09/16 20:50:15"
D,METER_DATA,GEN_DUID,1,"2015/09/16 20:55:00",MTMILLAR,24.898628,"2015/09/16 20:50:15"
D,METER_DATA,GEN_DUID,1,"2015/09/16 20:55:00",PALOONA,19.51,"2015/09/16 20:50:15"
D,METER_DATA,GEN_DUID,1,"2015/09/16 20:55:00",PIONEER,48.600002,"2015/09/16 20:50:15"
D,METER_DATA,GEN_DUID,1,"2015/09/16 20:55:00",PORTWF,1.30,"2015/09/16 20:50:15"
D,METER_DATA,GEN_DUID,1,"2015/09/16 20:55:00",REPULSE,4.287375,"2015/09/16 20:50:15"
D,METER_DATA,GEN_DUID,1,"2015/09/16 20:55:00",ROWALLAN,7.0077,"2015/09/16 20:50:15"
D,METER_DATA,GEN_DUID,1,"2015/09/16 20:55:00",RPCG,5.232283,"2015/09/16 20:50:15"
D,METER_DATA,GEN_DUID,1,"2015/09/16 20:55:00",RUBICON,0,"2015/09/16 20:50:15"
D,METER_DATA,GEN_DUID,1,"2015/09/16 20:55:00",STARHLWF,16.595161,"2015/09/16 20:50:15"
D,METER_DATA,GEN_DUID,1,"2015/09/16 20:55:00",WAUBRAWF,31.17,"2015/09/16 20:50:15"
D,METER_DATA,GEN_DUID,1,"2015/09/16 20:55:00",WOOLNTH1,59.700020,"2015/09/16 20:50:15"
D,METER_DATA,GEN_DUID,1,"2015/09/16 20:55:00",WPWF,53,"2015/09/16 20:50:15"
D,METER_DATA,GEN_DUID,1,"2015/09/16 20:55:00",YAMBUKWF,-0.20,"2015/09/16 20:50:15"
D,METER_DATA,GEN_DUID,1,"2015/09/16 21:00:00",ANGAS1,0,"2015/09/16 20:55:07"
D,METER_DATA,GEN_DUID,1,"2015/09/16 21:00:00",ANGAS2,0,"2015/09/16 20:55:07"
D,METER_DATA,GEN_DUID,1,"2015/09/16 21:00:00",BUTLERSG,-0.000002,"2015/09/16 20:55:07"
D,METER_DATA,GEN_DUID,1,"2015/09/16 21:00:00",CALL_A_4,0,"2015/09/16 20:55:07"
D,METER_DATA,GEN_DUID,1,"2015/09/16 21:00:00",CAPTL_WF,6.160004,"2015/09/16 20:55:07"
D,METER_DATA,GEN_DUID,1,"2015/09/16 21:00:00",CATHROCK,19.369999,"2015/09/16 20:55:07"
D,METER_DATA,GEN_DUID,1,"2015/09/16 21:00:00",CHALLHWF,6.70,"2015/09/16 20:55:07"
D,METER_DATA,GEN_DUID,1,"2015/09/16 21:00:00",CLOVER,22.060001,"2015/09/16 20:55:07"
D,METER_DATA,GEN_DUID,1,"2015/09/16 21:00:00",CLUNY,4.086940,"2015/09/16 20:55:07"
D,METER_DATA,GEN_DUID,1,"2015/09/16 21:00:00",CNUNDAWF,2.402803,"2015/09/16 20:55:07"
D,METER_DATA,GEN_DUID,1,"2015/09/16 21:00:00",CULLRGWF,7.48,"2015/09/16 20:55:07"
D,METER_DATA,GEN_DUID,1,"2015/09/16 21:00:00",ERGT01,0,"2015/09/16 20:55:07"
D,METER_DATA,GEN_DUID,1,"2015/09/16 21:00:00",GB01,0.208096,"2015/09/16 20:55:07"
D,METER_DATA,GEN_DUID,1,"2015/09/16 21:00:00",GERMCRK,32.099998,"2015/09/16 20:55:07"
D,METER_DATA,GEN_DUID,1,"2015/09/16 21:00:00",INVICTA,37.299999,"2015/09/16 20:55:07"
D,METER_DATA,GEN_DUID,1,"2015/09/16 21:00:00",LKBONNY1,-0.449338,"2015/09/16 20:55:07"
D,METER_DATA,GEN_DUID,1,"2015/09/16 21:00:00",MBAHNTH,50.325001,"2015/09/16 20:55:07"
D,METER_DATA,GEN_DUID,1,"2015/09/16 21:00:00",MLWF1,0.4650,"2015/09/16 20:55:07"
D,METER_DATA,GEN_DUID,1,"2015/09/16 21:00:00",MTMILLAR,21.073793,"2015/09/16 20:55:07"
D,METER_DATA,GEN_DUID,1,"2015/09/16 21:00:00",PALOONA,19.969999,"2015/09/16 20:55:07"
D,METER_DATA,GEN_DUID,1,"2015/09/16 21:00:00",PIONEER,49.100002,"2015/09/16 20:55:07"
D,METER_DATA,GEN_DUID,1,"2015/09/16 21:00:00",PORTWF,1.30,"2015/09/16 20:55:07"
D,METER_DATA,GEN_DUID,1,"2015/09/16 21:00:00",REPULSE,4.592255,"2015/09/16 20:55:07"
D,METER_DATA,GEN_DUID,1,"2015/09/16 21:00:00",ROWALLAN,7.5473,"2015/09/16 20:55:07"
D,METER_DATA,GEN_DUID,1,"2015/09/16 21:00:00",RPCG,5.297366,"2015/09/16 20:55:07"
D,METER_DATA,GEN_DUID,1,"2015/09/16 21:00:00",RUBICON,0,"2015/09/16 20:55:07"
D,METER_DATA,GEN_DUID,1,"2015/09/16 21:00:00",STARHLWF,15.795394,"2015/09/16 20:55:07"
D,METER_DATA,GEN_DUID,1,"2015/09/16 21:00:00",WAUBRAWF,32.8950,"2015/09/16 20:55:07"
D,METER_DATA,GEN_DUID,1,"2015/09/16 21:00:00",WOOLNTH1,48.360016,"2015/09/16 20:55:07"
D,METER_DATA,GEN_DUID,1,"2015/09/16 21:00:00",WPWF,58,"2015/09/16 20:55:07"
D,METER_DATA,GEN_DUID,1,"2015/09/16 21:00:00",YAMBUKWF,-0.20,"2015/09/16 20:55:07"
D,METER_DATA,GEN_DUID,1,"2015/09/16 21:05:00",ANGAS1,0,"2015/09/16 21:00:15"
D,METER_DATA,GEN_DUID,1,"2015/09/16 21:05:00",ANGAS2,0,"2015/09/16 21:00:15"
D,METER_DATA,GEN_DUID,1,"2015/09/16 21:05:00",BUTLERSG,-0.000002,"2015/09/16 21:00:15"
D,METER_DATA,GEN_DUID,1,"2015/09/16 21:05:00",CALL_A_4,0,"2015/09/16 21:00:15"
D,METER_DATA,GEN_DUID,1,"2015/09/16 21:05:00",CAPTL_WF,0,"2015/09/16 21:00:15"
D,METER_DATA,GEN_DUID,1,"2015/09/16 21:05:00",CATHROCK,17.619999,"2015/09/16 21:00:15"
D,METER_DATA,GEN_DUID,1,"2015/09/16 21:05:00",CHALLHWF,5.10,"2015/09/16 21:00:15"
D,METER_DATA,GEN_DUID,1,"2015/09/16 21:05:00",CLOVER,22.439999,"2015/09/16 21:00:15"
D,METER_DATA,GEN_DUID,1,"2015/09/16 21:05:00",CLUNY,3.929750,"2015/09/16 21:00:15"
D,METER_DATA,GEN_DUID,1,"2015/09/16 21:05:00",CNUNDAWF,2.002336,"2015/09/16 21:00:15"
D,METER_DATA,GEN_DUID,1,"2015/09/16 21:05:00",CULLRGWF,7.14,"2015/09/16 21:00:15"
D,METER_DATA,GEN_DUID,1,"2015/09/16 21:05:00",ERGT01,0,"2015/09/16 21:00:15"
D,METER_DATA,GEN_DUID,1,"2015/09/16 21:05:00",GB01,0.208096,"2015/09/16 21:00:15"
D,METER_DATA,GEN_DUID,1,"2015/09/16 21:05:00",GERMCRK,31.90,"2015/09/16 21:00:15"
D,METER_DATA,GEN_DUID,1,"2015/09/16 21:05:00",INVICTA,37.299999,"2015/09/16 21:00:15"
D,METER_DATA,GEN_DUID,1,"2015/09/16 21:05:00",LKBONNY1,-0.449338,"2015/09/16 21:00:15"
D,METER_DATA,GEN_DUID,1,"2015/09/16 21:05:00",MBAHNTH,50.325001,"2015/09/16 21:00:15"
D,METER_DATA,GEN_DUID,1,"2015/09/16 21:05:00",MLWF1,0.03,"2015/09/16 21:00:15"
D,METER_DATA,GEN_DUID,1,"2015/09/16 21:05:00",MTMILLAR,21.416094,"2015/09/16 21:00:15"
D,METER_DATA,GEN_DUID,1,"2015/09/16 21:05:00",PALOONA,19.969999,"2015/09/16 21:00:15"
D,METER_DATA,GEN_DUID,1,"2015/09/16 21:05:00",PIONEER,48.299999,"2015/09/16 21:00:15"
D,METER_DATA,GEN_DUID,1,"2015/09/16 21:05:00",PORTWF,1.30,"2015/09/16 21:00:15"
D,METER_DATA,GEN_DUID,1,"2015/09/16 21:05:00",REPULSE,4.763750,"2015/09/16 21:00:15"
D,METER_DATA,GEN_DUID,1,"2015/09/16 21:05:00",ROWALLAN,7.4834,"2015/09/16 21:00:15"
D,METER_DATA,GEN_DUID,1,"2015/09/16 21:05:00",RPCG,5.465930,"2015/09/16 21:00:15"
D,METER_DATA,GEN_DUID,1,"2015/09/16 21:05:00",RUBICON,0,"2015/09/16 21:00:15"
D,METER_DATA,GEN_DUID,1,"2015/09/16 21:05:00",STARHLWF,16.895073,"2015/09/16 21:00:15"
D,METER_DATA,GEN_DUID,1,"2015/09/16 21:05:00",WAUBRAWF,30.695999,"2015/09/16 21:00:15"
D,METER_DATA,GEN_DUID,1,"2015/09/16 21:05:00",WOOLNTH1,55.030014,"2015/09/16 21:00:15"
D,METER_DATA,GEN_DUID,1,"2015/09/16 21:05:00",WPWF,61,"2015/09/16 21:00:15"
D,METER_DATA,GEN_DUID,1,"2015/09/16 21:05:00",YAMBUKWF,-0.20,"2015/09/16 21:00:15"
D,METER_DATA,GEN_DUID,1,"2015/09/16 21:10:00",ANGAS1,0,"2015/09/16 21:05:12"
D,METER_DATA,GEN_DUID,1,"2015/09/16 21:10:00",ANGAS2,0,"2015/09/16 21:05:12"
D,METER_DATA,GEN_DUID,1,"2015/09/16 21:10:00",BUTLERSG,-0.000002,"2015/09/16 21:05:12"
D,METER_DATA,GEN_DUID,1,"2015/09/16 21:10:00",CALL_A_4,0,"2015/09/16 21:05:12"
D,METER_DATA,GEN_DUID,1,"2015/09/16 21:10:00",CAPTL_WF,0,"2015/09/16 21:05:12"
D,METER_DATA,GEN_DUID,1,"2015/09/16 21:10:00",CATHROCK,18.059999,"2015/09/16 21:05:12"
D,METER_DATA,GEN_DUID,1,"2015/09/16 21:10:00",CHALLHWF,3.40,"2015/09/16 21:05:12"
D,METER_DATA,GEN_DUID,1,"2015/09/16 21:10:00",CLOVER,22.849998,"2015/09/16 21:05:12"
D,METER_DATA,GEN_DUID,1,"2015/09/16 21:10:00",CLUNY,4.315580,"2015/09/16 21:05:12"
D,METER_DATA,GEN_DUID,1,"2015/09/16 21:10:00",CNUNDAWF,2.402803,"2015/09/16 21:05:12"
D,METER_DATA,GEN_DUID,1,"2015/09/16 21:10:00",CULLRGWF,6.36,"2015/09/16 21:05:12"
D,METER_DATA,GEN_DUID,1,"2015/09/16 21:10:00",ERGT01,0,"2015/09/16 21:05:12"
D,METER_DATA,GEN_DUID,1,"2015/09/16 21:10:00",GB01,0.208096,"2015/09/16 21:05:12"
D,METER_DATA,GEN_DUID,1,"2015/09/16 21:10:00",GERMCRK,32.299999,"2015/09/16 21:05:12"
D,METER_DATA,GEN_DUID,1,"2015/09/16 21:10:00",INVICTA,37.299999,"2015/09/16 21:05:12"
D,METER_DATA,GEN_DUID,1,"2015/09/16 21:10:00",LKBONNY1,-0.449338,"2015/09/16 21:05:12"
D,METER_DATA,GEN_DUID,1,"2015/09/16 21:10:00",MBAHNTH,50.325001,"2015/09/16 21:05:12"
D,METER_DATA,GEN_DUID,1,"2015/09/16 21:10:00",MLWF1,0.03,"2015/09/16 21:05:12"
D,METER_DATA,GEN_DUID,1,"2015/09/16 21:10:00",MTMILLAR,22.167667,"2015/09/16 21:05:12"
D,METER_DATA,GEN_DUID,1,"2015/09/16 21:10:00",PALOONA,14.61,"2015/09/16 21:05:12"
D,METER_DATA,GEN_DUID,1,"2015/09/16 21:10:00",PIONEER,47.200001,"2015/09/16 21:05:12"
D,METER_DATA,GEN_DUID,1,"2015/09/16 21:10:00",PORTWF,0.80,"2015/09/16 21:05:12"
D,METER_DATA,GEN_DUID,1,"2015/09/16 21:10:00",REPULSE,5.316345,"2015/09/16 21:05:12"
D,METER_DATA,GEN_DUID,1,"2015/09/16 21:10:00",ROWALLAN,7.8455,"2015/09/16 21:05:12"
D,METER_DATA,GEN_DUID,1,"2015/09/16 21:10:00",RPCG,5.152056,"2015/09/16 21:05:12"
D,METER_DATA,GEN_DUID,1,"2015/09/16 21:10:00",RUBICON,0,"2015/09/16 21:05:12"
D,METER_DATA,GEN_DUID,1,"2015/09/16 21:10:00",STARHLWF,15.895365,"2015/09/16 21:05:12"
D,METER_DATA,GEN_DUID,1,"2015/09/16 21:10:00",WAUBRAWF,32.790001,"2015/09/16 21:05:12"
D,METER_DATA,GEN_DUID,1,"2015/09/16 21:10:00",WOOLNTH1,46.720016,"2015/09/16 21:05:12"
D,METER_DATA,GEN_DUID,1,"2015/09/16 21:10:00",WPWF,60,"2015/09/16 21:05:12"
D,METER_DATA,GEN_DUID,1,"2015/09/16 21:10:00",YAMBUKWF,-0.20,"2015/09/16 21:05:12"
D,METER_DATA,GEN_DUID,1,"2015/09/16 21:15:00",ANGAS1,0,"2015/09/16 21:10:13"
D,METER_DATA,GEN_DUID,1,"2015/09/16 21:15:00",ANGAS2,0,"2015/09/16 21:10:13"
D,METER_DATA,GEN_DUID,1,"2015/09/16 21:15:00",BUTLERSG,-0.000002,"2015/09/16 21:10:13"
D,METER_DATA,GEN_DUID,1,"2015/09/16 21:15:00",CALL_A_4,0,"2015/09/16 21:10:13"
D,METER_DATA,GEN_DUID,1,"2015/09/16 21:15:00",CAPTL_WF,0,"2015/09/16 21:10:13"
D,METER_DATA,GEN_DUID,1,"2015/09/16 21:15:00",CATHROCK,17.669998,"2015/09/16 21:10:13"
D,METER_DATA,GEN_DUID,1,"2015/09/16 21:15:00",CHALLHWF,3.50,"2015/09/16 21:10:13"
D,METER_DATA,GEN_DUID,1,"2015/09/16 21:15:00",CLOVER,22.90,"2015/09/16 21:10:13"
D,METER_DATA,GEN_DUID,1,"2015/09/16 21:15:00",CLUNY,4.372740,"2015/09/16 21:10:13"
D,METER_DATA,GEN_DUID,1,"2015/09/16 21:15:00",CNUNDAWF,1.601869,"2015/09/16 21:10:13"
D,METER_DATA,GEN_DUID,1,"2015/09/16 21:15:00",CULLRGWF,6.63,"2015/09/16 21:10:13"
D,METER_DATA,GEN_DUID,1,"2015/09/16 21:15:00",ERGT01,0,"2015/09/16 21:10:13"
D,METER_DATA,GEN_DUID,1,"2015/09/16 21:15:00",GB01,0.208096,"2015/09/16 21:10:13"
D,METER_DATA,GEN_DUID,1,"2015/09/16 21:15:00",GERMCRK,32.200001,"2015/09/16 21:10:13"
D,METER_DATA,GEN_DUID,1,"2015/09/16 21:15:00",INVICTA,37.299999,"2015/09/16 21:10:13"
D,METER_DATA,GEN_DUID,1,"2015/09/16 21:15:00",LKBONNY1,-0.449338,"2015/09/16 21:10:13"
D,METER_DATA,GEN_DUID,1,"2015/09/16 21:15:00",MBAHNTH,50.325001,"2015/09/16 21:10:13"
D,METER_DATA,GEN_DUID,1,"2015/09/16 21:15:00",MLWF1,0.03,"2015/09/16 21:10:13"
D,METER_DATA,GEN_DUID,1,"2015/09/16 21:15:00",MTMILLAR,21.676540,"2015/09/16 21:10:13"
D,METER_DATA,GEN_DUID,1,"2015/09/16 21:15:00",PALOONA,11.92,"2015/09/16 21:10:13"
D,METER_DATA,GEN_DUID,1,"2015/09/16 21:15:00",PIONEER,41.900002,"2015/09/16 21:10:13"
D,METER_DATA,GEN_DUID,1,"2015/09/16 21:15:00",PORTWF,0.40,"2015/09/16 21:10:13"
D,METER_DATA,GEN_DUID,1,"2015/09/16 21:15:00",REPULSE,5.354455,"2015/09/16 21:10:13"
D,METER_DATA,GEN_DUID,1,"2015/09/16 21:15:00",ROWALLAN,7.6183,"2015/09/16 21:10:13"
D,METER_DATA,GEN_DUID,1,"2015/09/16 21:15:00",RPCG,5.345699,"2015/09/16 21:10:13"
D,METER_DATA,GEN_DUID,1,"2015/09/16 21:15:00",RUBICON,0,"2015/09/16 21:10:13"
D,METER_DATA,GEN_DUID,1,"2015/09/16 21:15:00",STARHLWF,18.794519,"2015/09/16 21:10:13"
D,METER_DATA,GEN_DUID,1,"2015/09/16 21:15:00",WAUBRAWF,31.841999,"2015/09/16 21:10:13"
D,METER_DATA,GEN_DUID,1,"2015/09/16 21:15:00",WOOLNTH1,54.620018,"2015/09/16 21:10:13"
D,METER_DATA,GEN_DUID,1,"2015/09/16 21:15:00",WPWF,61,"2015/09/16 21:10:13"
D,METER_DATA,GEN_DUID,1,"2015/09/16 21:15:00",YAMBUKWF,-0.20,"2015/09/16 21:10:13"
D,METER_DATA,GEN_DUID,1,"2015/09/16 21:20:00",ANGAS1,0,"2015/09/16 21:15:11"
D,METER_DATA,GEN_DUID,1,"2015/09/16 21:20:00",ANGAS2,0,"2015/09/16 21:15:11"
D,METER_DATA,GEN_DUID,1,"2015/09/16 21:20:00",BUTLERSG,-0.000002,"2015/09/16 21:15:11"
D,METER_DATA,GEN_DUID,1,"2015/09/16 21:20:00",CALL_A_4,0,"2015/09/16 21:15:11"
D,METER_DATA,GEN_DUID,1,"2015/09/16 21:20:00",CAPTL_WF,0,"2015/09/16 21:15:11"
D,METER_DATA,GEN_DUID,1,"2015/09/16 21:20:00",CATHROCK,17.57,"2015/09/16 21:15:11"
D,METER_DATA,GEN_DUID,1,"2015/09/16 21:20:00",CHALLHWF,3.70,"2015/09/16 21:15:11"
D,METER_DATA,GEN_DUID,1,"2015/09/16 21:20:00",CLOVER,22.48,"2015/09/16 21:15:11"
D,METER_DATA,GEN_DUID,1,"2015/09/16 21:20:00",CLUNY,4.115520,"2015/09/16 21:15:11"
D,METER_DATA,GEN_DUID,1,"2015/09/16 21:20:00",CNUNDAWF,1.201401,"2015/09/16 21:15:11"
D,METER_DATA,GEN_DUID,1,"2015/09/16 21:20:00",CULLRGWF,8.20,"2015/09/16 21:15:11"
D,METER_DATA,GEN_DUID,1,"2015/09/16 21:20:00",ERGT01,0,"2015/09/16 21:15:11"
D,METER_DATA,GEN_DUID,1,"2015/09/16 21:20:00",GB01,0.208096,"2015/09/16 21:15:11"
D,METER_DATA,GEN_DUID,1,"2015/09/16 21:20:00",GERMCRK,32,"2015/09/16 21:15:11"
D,METER_DATA,GEN_DUID,1,"2015/09/16 21:20:00",INVICTA,37.299999,"2015/09/16 21:15:11"
D,METER_DATA,GEN_DUID,1,"2015/09/16 21:20:00",LKBONNY1,-0.449338,"2015/09/16 21:15:11"
D,METER_DATA,GEN_DUID,1,"2015/09/16 21:20:00",MBAHNTH,50.325001,"2015/09/16 21:15:11"
D,METER_DATA,GEN_DUID,1,"2015/09/16 21:20:00",MLWF1,0.03,"2015/09/16 21:15:11"
D,METER_DATA,GEN_DUID,1,"2015/09/16 21:20:00",MTMILLAR,22.539732,"2015/09/16 21:15:11"
D,METER_DATA,GEN_DUID,1,"2015/09/16 21:20:00",PALOONA,11.92,"2015/09/16 21:15:11"
D,METER_DATA,GEN_DUID,1,"2015/09/16 21:20:00",PIONEER,43.900002,"2015/09/16 21:15:11"
D,METER_DATA,GEN_DUID,1,"2015/09/16 21:20:00",PORTWF,1,"2015/09/16 21:15:11"
D,METER_DATA,GEN_DUID,1,"2015/09/16 21:20:00",REPULSE,5.182960,"2015/09/16 21:15:11"
D,METER_DATA,GEN_DUID,1,"2015/09/16 21:20:00",ROWALLAN,7.3840,"2015/09/16 21:15:11"
D,METER_DATA,GEN_DUID,1,"2015/09/16 21:20:00",RPCG,0.820966,"2015/09/16 21:15:11"
D,METER_DATA,GEN_DUID,1,"2015/09/16 21:20:00",RUBICON,0,"2015/09/16 21:15:11"
D,METER_DATA,GEN_DUID,1,"2015/09/16 21:20:00",STARHLWF,17.294956,"2015/09/16 21:15:11"
D,METER_DATA,GEN_DUID,1,"2015/09/16 21:20:00",WAUBRAWF,36.52,"2015/09/16 21:15:11"
D,METER_DATA,GEN_DUID,1,"2015/09/16 21:20:00",WOOLNTH1,54.450020,"2015/09/16 21:15:11"
D,METER_DATA,GEN_DUID,1,"2015/09/16 21:20:00",WPWF,60,"2015/09/16 21:15:11"
D,METER_DATA,GEN_DUID,1,"2015/09/16 21:20:00",YAMBUKWF,-0.20,"2015/09/16 21:15:11"
D,METER_DATA,GEN_DUID,1,"2015/09/16 21:25:00",ANGAS1,0,"2015/09/16 21:20:11"
D,METER_DATA,GEN_DUID,1,"2015/09/16 21:25:00",ANGAS2,0,"2015/09/16 21:20:11"
D,METER_DATA,GEN_DUID,1,"2015/09/16 21:25:00",BUTLERSG,-0.000002,"2015/09/16 21:20:11"
D,METER_DATA,GEN_DUID,1,"2015/09/16 21:25:00",CALL_A_4,0,"2015/09/16 21:20:11"
D,METER_DATA,GEN_DUID,1,"2015/09/16 21:25:00",CAPTL_WF,0,"2015/09/16 21:20:11"
D,METER_DATA,GEN_DUID,1,"2015/09/16 21:25:00",CATHROCK,15.539999,"2015/09/16 21:20:11"
D,METER_DATA,GEN_DUID,1,"2015/09/16 21:25:00",CHALLHWF,4.10,"2015/09/16 21:20:11"
D,METER_DATA,GEN_DUID,1,"2015/09/16 21:25:00",CLOVER,22.620001,"2015/09/16 21:20:11"
D,METER_DATA,GEN_DUID,1,"2015/09/16 21:25:00",CLUNY,4.215550,"2015/09/16 21:20:11"
D,METER_DATA,GEN_DUID,1,"2015/09/16 21:25:00",CNUNDAWF,0.400467,"2015/09/16 21:20:11"
D,METER_DATA,GEN_DUID,1,"2015/09/16 21:25:00",CULLRGWF,10.51,"2015/09/16 21:20:11"
D,METER_DATA,GEN_DUID,1,"2015/09/16 21:25:00",ERGT01,0,"2015/09/16 21:20:11"
D,METER_DATA,GEN_DUID,1,"2015/09/16 21:25:00",GB01,0.208096,"2015/09/16 21:20:11"
D,METER_DATA,GEN_DUID,1,"2015/09/16 21:25:00",GERMCRK,31.50,"2015/09/16 21:20:11"
D,METER_DATA,GEN_DUID,1,"2015/09/16 21:25:00",INVICTA,37.299999,"2015/09/16 21:20:11"
D,METER_DATA,GEN_DUID,1,"2015/09/16 21:25:00",LKBONNY1,-0.449338,"2015/09/16 21:20:11"
D,METER_DATA,GEN_DUID,1,"2015/09/16 21:25:00",MBAHNTH,50.325001,"2015/09/16 21:20:11"
D,METER_DATA,GEN_DUID,1,"2015/09/16 21:25:00",MLWF1,0.03,"2015/09/16 21:20:11"
D,METER_DATA,GEN_DUID,1,"2015/09/16 21:25:00",MTMILLAR,23.127596,"2015/09/16 21:20:11"
D,METER_DATA,GEN_DUID,1,"2015/09/16 21:25:00",PALOONA,11.92,"2015/09/16 21:20:11"
D,METER_DATA,GEN_DUID,1,"2015/09/16 21:25:00",PIONEER,44.100002,"2015/09/16 21:20:11"
D,METER_DATA,GEN_DUID,1,"2015/09/16 21:25:00",PORTWF,1.40,"2015/09/16 21:20:11"
D,METER_DATA,GEN_DUID,1,"2015/09/16 21:25:00",REPULSE,5.392565,"2015/09/16 21:20:11"
D,METER_DATA,GEN_DUID,1,"2015/09/16 21:25:00",ROWALLAN,7.5189,"2015/09/16 21:20:11"
D,METER_DATA,GEN_DUID,1,"2015/09/16 21:25:00",RPCG,5.206439,"2015/09/16 21:20:11"
D,METER_DATA,GEN_DUID,1,"2015/09/16 21:25:00",RUBICON,0,"2015/09/16 21:20:11"
D,METER_DATA,GEN_DUID,1,"2015/09/16 21:25:00",STARHLWF,15.395511,"2015/09/16 21:20:11"
D,METER_DATA,GEN_DUID,1,"2015/09/16 21:25:00",WAUBRAWF,43.9090,"2015/09/16 21:20:11"
D,METER_DATA,GEN_DUID,1,"2015/09/16 21:25:00",WOOLNTH1,43.720016,"2015/09/16 21:20:11"
D,METER_DATA,GEN_DUID,1,"2015/09/16 21:25:00",WPWF,57,"2015/09/16 21:20:11"
D,METER_DATA,GEN_DUID,1,"2015/09/16 21:25:00",YAMBUKWF,-0.20,"2015/09/16 21:20:11"
D,METER_DATA,GEN_DUID,1,"2015/09/16 21:30:00",ANGAS1,0,"2015/09/16 21:25:12"
D,METER_DATA,GEN_DUID,1,"2015/09/16 21:30:00",ANGAS2,0,"2015/09/16 21:25:12"
D,METER_DATA,GEN_DUID,1,"2015/09/16 21:30:00",BUTLERSG,-0.000002,"2015/09/16 21:25:12"
D,METER_DATA,GEN_DUID,1,"2015/09/16 21:30:00",CALL_A_4,0,"2015/09/16 21:25:12"
D,METER_DATA,GEN_DUID,1,"2015/09/16 21:30:00",CAPTL_WF,0,"2015/09/16 21:25:12"
D,METER_DATA,GEN_DUID,1,"2015/09/16 21:30:00",CATHROCK,17.889999,"2015/09/16 21:25:12"
D,METER_DATA,GEN_DUID,1,"2015/09/16 21:30:00",CHALLHWF,5,"2015/09/16 21:25:12"
D,METER_DATA,GEN_DUID,1,"2015/09/16 21:30:00",CLOVER,22.459999,"2015/09/16 21:25:12"
D,METER_DATA,GEN_DUID,1,"2015/09/16 21:30:00",CLUNY,4.172680,"2015/09/16 21:25:12"
D,METER_DATA,GEN_DUID,1,"2015/09/16 21:30:00",CNUNDAWF,0.400467,"2015/09/16 21:25:12"
D,METER_DATA,GEN_DUID,1,"2015/09/16 21:30:00",CULLRGWF,11.45,"2015/09/16 21:25:12"
D,METER_DATA,GEN_DUID,1,"2015/09/16 21:30:00",ERGT01,0,"2015/09/16 21:25:12"
D,METER_DATA,GEN_DUID,1,"2015/09/16 21:30:00",GB01,0.208096,"2015/09/16 21:25:12"
D,METER_DATA,GEN_DUID,1,"2015/09/16 21:30:00",GERMCRK,32,"2015/09/16 21:25:12"
D,METER_DATA,GEN_DUID,1,"2015/09/16 21:30:00",INVICTA,37.299999,"2015/09/16 21:25:12"
D,METER_DATA,GEN_DUID,1,"2015/09/16 21:30:00",LKBONNY1,-0.449338,"2015/09/16 21:25:12"
D,METER_DATA,GEN_DUID,1,"2015/09/16 21:30:00",MBAHNTH,50.325001,"2015/09/16 21:25:12"
D,METER_DATA,GEN_DUID,1,"2015/09/16 21:30:00",MLWF1,0.03,"2015/09/16 21:25:12"
D,METER_DATA,GEN_DUID,1,"2015/09/16 21:30:00",MTMILLAR,24.779568,"2015/09/16 21:25:12"
D,METER_DATA,GEN_DUID,1,"2015/09/16 21:30:00",PALOONA,11.92,"2015/09/16 21:25:12"
D,METER_DATA,GEN_DUID,1,"2015/09/16 21:30:00",PIONEER,40.799999,"2015/09/16 21:25:12"
D,METER_DATA,GEN_DUID,1,"2015/09/16 21:30:00",PORTWF,1.60,"2015/09/16 21:25:12"
D,METER_DATA,GEN_DUID,1,"2015/09/16 21:30:00",REPULSE,5.125795,"2015/09/16 21:25:12"
D,METER_DATA,GEN_DUID,1,"2015/09/16 21:30:00",ROWALLAN,7.4763,"2015/09/16 21:25:12"
D,METER_DATA,GEN_DUID,1,"2015/09/16 21:30:00",RPCG,5.343836,"2015/09/16 21:25:12"
D,METER_DATA,GEN_DUID,1,"2015/09/16 21:30:00",RUBICON,0,"2015/09/16 21:25:12"
D,METER_DATA,GEN_DUID,1,"2015/09/16 21:30:00",STARHLWF,17.394928,"2015/09/16 21:25:12"
D,METER_DATA,GEN_DUID,1,"2015/09/16 21:30:00",WAUBRAWF,51.214001,"2015/09/16 21:25:12"
D,METER_DATA,GEN_DUID,1,"2015/09/16 21:30:00",WOOLNTH1,44.940018,"2015/09/16 21:25:12"
D,METER_DATA,GEN_DUID,1,"2015/09/16 21:30:00",WPWF,51,"2015/09/16 21:25:12"
D,METER_DATA,GEN_DUID,1,"2015/09/16 21:30:00",YAMBUKWF,-0.20,"2015/09/16 21:25:12"
D,METER_DATA,GEN_DUID,1,"2015/09/16 21:35:00",ANGAS1,0,"2015/09/16 21:30:12"
D,METER_DATA,GEN_DUID,1,"2015/09/16 21:35:00",ANGAS2,0,"2015/09/16 21:30:12"
D,METER_DATA,GEN_DUID,1,"2015/09/16 21:35:00",BUTLERSG,-0.000002,"2015/09/16 21:30:12"
D,METER_DATA,GEN_DUID,1,"2015/09/16 21:35:00",CALL_A_4,0,"2015/09/16 21:30:12"
D,METER_DATA,GEN_DUID,1,"2015/09/16 21:35:00",CAPTL_WF,0,"2015/09/16 21:30:12"
D,METER_DATA,GEN_DUID,1,"2015/09/16 21:35:00",CATHROCK,18.529999,"2015/09/16 21:30:12"
D,METER_DATA,GEN_DUID,1,"2015/09/16 21:35:00",CHALLHWF,4.60,"2015/09/16 21:30:12"
D,METER_DATA,GEN_DUID,1,"2015/09/16 21:35:00",CLOVER,21.90,"2015/09/16 21:30:12"
D,METER_DATA,GEN_DUID,1,"2015/09/16 21:35:00",CLUNY,4.029780,"2015/09/16 21:30:12"
D,METER_DATA,GEN_DUID,1,"2015/09/16 21:35:00",CNUNDAWF,0.400467,"2015/09/16 21:30:12"
D,METER_DATA,GEN_DUID,1,"2015/09/16 21:35:00",CULLRGWF,10.76,"2015/09/16 21:30:12"
D,METER_DATA,GEN_DUID,1,"2015/09/16 21:35:00",ERGT01,0,"2015/09/16 21:30:12"
D,METER_DATA,GEN_DUID,1,"2015/09/16 21:35:00",GB01,0.208096,"2015/09/16 21:30:12"
D,METER_DATA,GEN_DUID,1,"2015/09/16 21:35:00",GERMCRK,31.40,"2015/09/16 21:30:12"
D,METER_DATA,GEN_DUID,1,"2015/09/16 21:35:00",INVICTA,37.299999,"2015/09/16 21:30:12"
D,METER_DATA,GEN_DUID,1,"2015/09/16 21:35:00",LKBONNY1,-0.449338,"2015/09/16 21:30:12"
D,METER_DATA,GEN_DUID,1,"2015/09/16 21:35:00",MBAHNTH,50.325001,"2015/09/16 21:30:12"
D,METER_DATA,GEN_DUID,1,"2015/09/16 21:35:00",MLWF1,0.03,"2015/09/16 21:30:12"
D,METER_DATA,GEN_DUID,1,"2015/09/16 21:35:00",MTMILLAR,26.126444,"2015/09/16 21:30:12"
D,METER_DATA,GEN_DUID,1,"2015/09/16 21:35:00",PALOONA,11.88,"2015/09/16 21:30:12"
D,METER_DATA,GEN_DUID,1,"2015/09/16 21:35:00",PIONEER,38.200001,"2015/09/16 21:30:12"
D,METER_DATA,GEN_DUID,1,"2015/09/16 21:35:00",PORTWF,1.30,"2015/09/16 21:30:12"
D,METER_DATA,GEN_DUID,1,"2015/09/16 21:35:00",REPULSE,4.763750,"2015/09/16 21:30:12"
D,METER_DATA,GEN_DUID,1,"2015/09/16 21:35:00",ROWALLAN,7.3059,"2015/09/16 21:30:12"
D,METER_DATA,GEN_DUID,1,"2015/09/16 21:35:00",RPCG,5.3874,"2015/09/16 21:30:12"
D,METER_DATA,GEN_DUID,1,"2015/09/16 21:35:00",RUBICON,0,"2015/09/16 21:30:12"
D,METER_DATA,GEN_DUID,1,"2015/09/16 21:35:00",STARHLWF,18.294664,"2015/09/16 21:30:12"
D,METER_DATA,GEN_DUID,1,"2015/09/16 21:35:00",WAUBRAWF,50.801998,"2015/09/16 21:30:12"
D,METER_DATA,GEN_DUID,1,"2015/09/16 21:35:00",WOOLNTH1,42.250015,"2015/09/16 21:30:12"
D,METER_DATA,GEN_DUID,1,"2015/09/16 21:35:00",WPWF,52,"2015/09/16 21:30:12"
D,METER_DATA,GEN_DUID,1,"2015/09/16 21:35:00",YAMBUKWF,-0.20,"2015/09/16 21:30:12"
D,METER_DATA,GEN_DUID,1,"2015/09/16 21:40:00",ANGAS1,0,"2015/09/16 21:35:13"
D,METER_DATA,GEN_DUID,1,"2015/09/16 21:40:00",ANGAS2,0,"2015/09/16 21:35:13"
D,METER_DATA,GEN_DUID,1,"2015/09/16 21:40:00",BUTLERSG,-0.000002,"2015/09/16 21:35:13"
D,METER_DATA,GEN_DUID,1,"2015/09/16 21:40:00",CALL_A_4,0,"2015/09/16 21:35:13"
D,METER_DATA,GEN_DUID,1,"2015/09/16 21:40:00",CAPTL_WF,0,"2015/09/16 21:35:13"
D,METER_DATA,GEN_DUID,1,"2015/09/16 21:40:00",CATHROCK,22.079998,"2015/09/16 21:35:13"
D,METER_DATA,GEN_DUID,1,"2015/09/16 21:40:00",CHALLHWF,4.60,"2015/09/16 21:35:13"
D,METER_DATA,GEN_DUID,1,"2015/09/16 21:40:00",CLOVER,22.67,"2015/09/16 21:35:13"
D,METER_DATA,GEN_DUID,1,"2015/09/16 21:40:00",CLUNY,4.4299,"2015/09/16 21:35:13"
D,METER_DATA,GEN_DUID,1,"2015/09/16 21:40:00",CNUNDAWF,0.400467,"2015/09/16 21:35:13"
D,METER_DATA,GEN_DUID,1,"2015/09/16 21:40:00",CULLRGWF,9.64,"2015/09/16 21:35:13"
D,METER_DATA,GEN_DUID,1,"2015/09/16 21:40:00",ERGT01,0,"2015/09/16 21:35:13"
D,METER_DATA,GEN_DUID,1,"2015/09/16 21:40:00",GB01,0.208096,"2015/09/16 21:35:13"
D,METER_DATA,GEN_DUID,1,"2015/09/16 21:40:00",GERMCRK,31.10,"2015/09/16 21:35:13"
D,METER_DATA,GEN_DUID,1,"2015/09/16 21:40:00",INVICTA,37.299999,"2015/09/16 21:35:13"
D,METER_DATA,GEN_DUID,1,"2015/09/16 21:40:00",LKBONNY1,-0.449338,"2015/09/16 21:35:13"
D,METER_DATA,GEN_DUID,1,"2015/09/16 21:40:00",MBAHNTH,50.325001,"2015/09/16 21:35:13"
D,METER_DATA,GEN_DUID,1,"2015/09/16 21:40:00",MLWF1,0.03,"2015/09/16 21:35:13"
D,METER_DATA,GEN_DUID,1,"2015/09/16 21:40:00",MTMILLAR,25.858557,"2015/09/16 21:35:13"
D,METER_DATA,GEN_DUID,1,"2015/09/16 21:40:00",PALOONA,11.88,"2015/09/16 21:35:13"
D,METER_DATA,GEN_DUID,1,"2015/09/16 21:40:00",PIONEER,39.600002,"2015/09/16 21:35:13"
D,METER_DATA,GEN_DUID,1,"2015/09/16 21:40:00",PORTWF,1.90,"2015/09/16 21:35:13"
D,METER_DATA,GEN_DUID,1,"2015/09/16 21:40:00",REPULSE,5.468785,"2015/09/16 21:35:13"
D,METER_DATA,GEN_DUID,1,"2015/09/16 21:40:00",ROWALLAN,7.8526,"2015/09/16 21:35:13"
D,METER_DATA,GEN_DUID,1,"2015/09/16 21:40:00",RPCG,5.157562,"2015/09/16 21:35:13"
D,METER_DATA,GEN_DUID,1,"2015/09/16 21:40:00",RUBICON,0,"2015/09/16 21:35:13"
D,METER_DATA,GEN_DUID,1,"2015/09/16 21:40:00",STARHLWF,18.094723,"2015/09/16 21:35:13"
D,METER_DATA,GEN_DUID,1,"2015/09/16 21:40:00",WAUBRAWF,51.872002,"2015/09/16 21:35:13"
D,METER_DATA,GEN_DUID,1,"2015/09/16 21:40:00",WOOLNTH1,41.610016,"2015/09/16 21:35:13"
D,METER_DATA,GEN_DUID,1,"2015/09/16 21:40:00",WPWF,52,"2015/09/16 21:35:13"
D,METER_DATA,GEN_DUID,1,"2015/09/16 21:40:00",YAMBUKWF,-0.20,"2015/09/16 21:35:13"
D,METER_DATA,GEN_DUID,1,"2015/09/16 21:45:00",ANGAS1,0,"2015/09/16 21:40:11"
D,METER_DATA,GEN_DUID,1,"2015/09/16 21:45:00",ANGAS2,0,"2015/09/16 21:40:11"
D,METER_DATA,GEN_DUID,1,"2015/09/16 21:45:00",BUTLERSG,-0.000002,"2015/09/16 21:40:11"
D,METER_DATA,GEN_DUID,1,"2015/09/16 21:45:00",CALL_A_4,0,"2015/09/16 21:40:11"
D,METER_DATA,GEN_DUID,1,"2015/09/16 21:45:00",CAPTL_WF,0,"2015/09/16 21:40:11"
D,METER_DATA,GEN_DUID,1,"2015/09/16 21:45:00",CATHROCK,20.999998,"2015/09/16 21:40:11"
D,METER_DATA,GEN_DUID,1,"2015/09/16 21:45:00",CHALLHWF,5.20,"2015/09/16 21:40:11"
D,METER_DATA,GEN_DUID,1,"2015/09/16 21:45:00",CLOVER,22.110001,"2015/09/16 21:40:11"
D,METER_DATA,GEN_DUID,1,"2015/09/16 21:45:00",CLUNY,3.929750,"2015/09/16 21:40:11"
D,METER_DATA,GEN_DUID,1,"2015/09/16 21:45:00",CNUNDAWF,0.901051,"2015/09/16 21:40:11"
D,METER_DATA,GEN_DUID,1,"2015/09/16 21:45:00",CULLRGWF,8.29,"2015/09/16 21:40:11"
D,METER_DATA,GEN_DUID,1,"2015/09/16 21:45:00",ERGT01,0,"2015/09/16 21:40:11"
D,METER_DATA,GEN_DUID,1,"2015/09/16 21:45:00",GB01,0.208096,"2015/09/16 21:40:11"
D,METER_DATA,GEN_DUID,1,"2015/09/16 21:45:00",GERMCRK,32.200001,"2015/09/16 21:40:11"
D,METER_DATA,GEN_DUID,1,"2015/09/16 21:45:00",INVICTA,37.299999,"2015/09/16 21:40:11"
D,METER_DATA,GEN_DUID,1,"2015/09/16 21:45:00",LKBONNY1,-0.449338,"2015/09/16 21:40:11"
D,METER_DATA,GEN_DUID,1,"2015/09/16 21:45:00",MBAHNTH,50.325001,"2015/09/16 21:40:11"
D,METER_DATA,GEN_DUID,1,"2015/09/16 21:45:00",MLWF1,0.03,"2015/09/16 21:40:11"
D,METER_DATA,GEN_DUID,1,"2015/09/16 21:45:00",MTMILLAR,25.702290,"2015/09/16 21:40:11"
D,METER_DATA,GEN_DUID,1,"2015/09/16 21:45:00",PALOONA,11.98,"2015/09/16 21:40:11"
D,METER_DATA,GEN_DUID,1,"2015/09/16 21:45:00",PIONEER,47.799999,"2015/09/16 21:40:11"
D,METER_DATA,GEN_DUID,1,"2015/09/16 21:45:00",PORTWF,1.60,"2015/09/16 21:40:11"
D,METER_DATA,GEN_DUID,1,"2015/09/16 21:45:00",REPULSE,4.535090,"2015/09/16 21:40:11"
D,METER_DATA,GEN_DUID,1,"2015/09/16 21:45:00",ROWALLAN,7.2704,"2015/09/16 21:40:11"
D,METER_DATA,GEN_DUID,1,"2015/09/16 21:45:00",RPCG,5.215572,"2015/09/16 21:40:11"
D,METER_DATA,GEN_DUID,1,"2015/09/16 21:45:00",RUBICON,0,"2015/09/16 21:40:11"
D,METER_DATA,GEN_DUID,1,"2015/09/16 21:45:00",STARHLWF,17.294956,"2015/09/16 21:40:11"
D,METER_DATA,GEN_DUID,1,"2015/09/16 21:45:00",WAUBRAWF,45.883999,"2015/09/16 21:40:11"
D,METER_DATA,GEN_DUID,1,"2015/09/16 21:45:00",WOOLNTH1,38.020016,"2015/09/16 21:40:11"
D,METER_DATA,GEN_DUID,1,"2015/09/16 21:45:00",WPWF,47,"2015/09/16 21:40:11"
D,METER_DATA,GEN_DUID,1,"2015/09/16 21:45:00",YAMBUKWF,-0.20,"2015/09/16 21:40:11"
D,METER_DATA,GEN_DUID,1,"2015/09/16 21:50:00",ANGAS1,0,"2015/09/16 21:45:11"
D,METER_DATA,GEN_DUID,1,"2015/09/16 21:50:00",ANGAS2,0,"2015/09/16 21:45:11"
D,METER_DATA,GEN_DUID,1,"2015/09/16 21:50:00",BUTLERSG,-0.000002,"2015/09/16 21:45:11"
D,METER_DATA,GEN_DUID,1,"2015/09/16 21:50:00",CALL_A_4,0,"2015/09/16 21:45:11"
D,METER_DATA,GEN_DUID,1,"2015/09/16 21:50:00",CAPTL_WF,0,"2015/09/16 21:45:11"
D,METER_DATA,GEN_DUID,1,"2015/09/16 21:50:00",CATHROCK,20.939999,"2015/09/16 21:45:11"
D,METER_DATA,GEN_DUID,1,"2015/09/16 21:50:00",CHALLHWF,5.20,"2015/09/16 21:45:11"
D,METER_DATA,GEN_DUID,1,"2015/09/16 21:50:00",CLOVER,22.17,"2015/09/16 21:45:11"
D,METER_DATA,GEN_DUID,1,"2015/09/16 21:50:00",CLUNY,4.029780,"2015/09/16 21:45:11"
D,METER_DATA,GEN_DUID,1,"2015/09/16 21:50:00",CNUNDAWF,0.901051,"2015/09/16 21:45:11"
D,METER_DATA,GEN_DUID,1,"2015/09/16 21:50:00",CULLRGWF,8.11,"2015/09/16 21:45:11"
D,METER_DATA,GEN_DUID,1,"2015/09/16 21:50:00",ERGT01,0,"2015/09/16 21:45:11"
D,METER_DATA,GEN_DUID,1,"2015/09/16 21:50:00",GB01,0.208096,"2015/09/16 21:45:11"
D,METER_DATA,GEN_DUID,1,"2015/09/16 21:50:00",GERMCRK,32,"2015/09/16 21:45:11"
D,METER_DATA,GEN_DUID,1,"2015/09/16 21:50:00",INVICTA,37.299999,"2015/09/16 21:45:11"
D,METER_DATA,GEN_DUID,1,"2015/09/16 21:50:00",LKBONNY1,-0.449338,"2015/09/16 21:45:11"
D,METER_DATA,GEN_DUID,1,"2015/09/16 21:50:00",MBAHNTH,50.325001,"2015/09/16 21:45:11"
D,METER_DATA,GEN_DUID,1,"2015/09/16 21:50:00",MLWF1,0.03,"2015/09/16 21:45:11"
D,METER_DATA,GEN_DUID,1,"2015/09/16 21:50:00",MTMILLAR,28.552313,"2015/09/16 21:45:11"
D,METER_DATA,GEN_DUID,1,"2015/09/16 21:50:00",PALOONA,11.98,"2015/09/16 21:45:11"
D,METER_DATA,GEN_DUID,1,"2015/09/16 21:50:00",PIONEER,44.700001,"2015/09/16 21:45:11"
D,METER_DATA,GEN_DUID,1,"2015/09/16 21:50:00",PORTWF,1.90,"2015/09/16 21:45:11"
D,METER_DATA,GEN_DUID,1,"2015/09/16 21:50:00",REPULSE,4.9543,"2015/09/16 21:45:11"
D,METER_DATA,GEN_DUID,1,"2015/09/16 21:50:00",ROWALLAN,7.4976,"2015/09/16 21:45:11"
D,METER_DATA,GEN_DUID,1,"2015/09/16 21:50:00",RPCG,0.950166,"2015/09/16 21:45:11"
D,METER_DATA,GEN_DUID,1,"2015/09/16 21:50:00",RUBICON,0,"2015/09/16 21:45:11"
D,METER_DATA,GEN_DUID,1,"2015/09/16 21:50:00",STARHLWF,16.195278,"2015/09/16 21:45:11"
D,METER_DATA,GEN_DUID,1,"2015/09/16 21:50:00",WAUBRAWF,40.085999,"2015/09/16 21:45:11"
D,METER_DATA,GEN_DUID,1,"2015/09/16 21:50:00",WOOLNTH1,37.950016,"2015/09/16 21:45:11"
D,METER_DATA,GEN_DUID,1,"2015/09/16 21:50:00",WPWF,44,"2015/09/16 21:45:11"
D,METER_DATA,GEN_DUID,1,"2015/09/16 21:50:00",YAMBUKWF,-0.20,"2015/09/16 21:45:11"
D,METER_DATA,GEN_DUID,1,"2015/09/16 21:55:00",ANGAS1,0,"2015/09/16 21:50:11"
D,METER_DATA,GEN_DUID,1,"2015/09/16 21:55:00",ANGAS2,0,"2015/09/16 21:50:11"
D,METER_DATA,GEN_DUID,1,"2015/09/16 21:55:00",BUTLERSG,-0.000002,"2015/09/16 21:50:11"
D,METER_DATA,GEN_DUID,1,"2015/09/16 21:55:00",CALL_A_4,0,"2015/09/16 21:50:11"
D,METER_DATA,GEN_DUID,1,"2015/09/16 21:55:00",CAPTL_WF,0,"2015/09/16 21:50:11"
D,METER_DATA,GEN_DUID,1,"2015/09/16 21:55:00",CATHROCK,21.449999,"2015/09/16 21:50:11"
D,METER_DATA,GEN_DUID,1,"2015/09/16 21:55:00",CHALLHWF,4.50,"2015/09/16 21:50:11"
D,METER_DATA,GEN_DUID,1,"2015/09/16 21:55:00",CLOVER,22.09,"2015/09/16 21:50:11"
D,METER_DATA,GEN_DUID,1,"2015/09/16 21:55:00",CLUNY,4.101230,"2015/09/16 21:50:11"
D,METER_DATA,GEN_DUID,1,"2015/09/16 21:55:00",CNUNDAWF,0.901051,"2015/09/16 21:50:11"
D,METER_DATA,GEN_DUID,1,"2015/09/16 21:55:00",CULLRGWF,6.72,"2015/09/16 21:50:11"
D,METER_DATA,GEN_DUID,1,"2015/09/16 21:55:00",ERGT01,0,"2015/09/16 21:50:11"
D,METER_DATA,GEN_DUID,1,"2015/09/16 21:55:00",GB01,0.208096,"2015/09/16 21:50:11"
D,METER_DATA,GEN_DUID,1,"2015/09/16 21:55:00",GERMCRK,31.90,"2015/09/16 21:50:11"
D,METER_DATA,GEN_DUID,1,"2015/09/16 21:55:00",INVICTA,37.299999,"2015/09/16 21:50:11"
D,METER_DATA,GEN_DUID,1,"2015/09/16 21:55:00",LKBONNY1,-0.449338,"2015/09/16 21:50:11"
D,METER_DATA,GEN_DUID,1,"2015/09/16 21:55:00",MBAHNTH,50.325001,"2015/09/16 21:50:11"
D,METER_DATA,GEN_DUID,1,"2015/09/16 21:55:00",MLWF1,0.03,"2015/09/16 21:50:11"
D,METER_DATA,GEN_DUID,1,"2015/09/16 21:55:00",MTMILLAR,27.517969,"2015/09/16 21:50:11"
D,METER_DATA,GEN_DUID,1,"2015/09/16 21:55:00",PALOONA,11.95,"2015/09/16 21:50:11"
D,METER_DATA,GEN_DUID,1,"2015/09/16 21:55:00",PIONEER,44.200001,"2015/09/16 21:50:11"
D,METER_DATA,GEN_DUID,1,"2015/09/16 21:55:00",PORTWF,1.30,"2015/09/16 21:50:11"
D,METER_DATA,GEN_DUID,1,"2015/09/16 21:55:00",REPULSE,4.782805,"2015/09/16 21:50:11"
D,METER_DATA,GEN_DUID,1,"2015/09/16 21:55:00",ROWALLAN,7.5544,"2015/09/16 21:50:11"
D,METER_DATA,GEN_DUID,1,"2015/09/16 21:55:00",RPCG,5.749513,"2015/09/16 21:50:11"
D,METER_DATA,GEN_DUID,1,"2015/09/16 21:55:00",RUBICON,0,"2015/09/16 21:50:11"
D,METER_DATA,GEN_DUID,1,"2015/09/16 21:55:00",STARHLWF,14.195861,"2015/09/16 21:50:11"
D,METER_DATA,GEN_DUID,1,"2015/09/16 21:55:00",WAUBRAWF,37.901001,"2015/09/16 21:50:11"
D,METER_DATA,GEN_DUID,1,"2015/09/16 21:55:00",WOOLNTH1,37.790016,"2015/09/16 21:50:11"
D,METER_DATA,GEN_DUID,1,"2015/09/16 21:55:00",WPWF,42,"2015/09/16 21:50:11"
D,METER_DATA,GEN_DUID,1,"2015/09/16 21:55:00",YAMBUKWF,-0.20,"2015/09/16 21:50:11"
D,METER_DATA,GEN_DUID,1,"2015/09/16 22:00:00",ANGAS1,0,"2015/09/16 21:55:12"
D,METER_DATA,GEN_DUID,1,"2015/09/16 22:00:00",ANGAS2,0,"2015/09/16 21:55:12"
D,METER_DATA,GEN_DUID,1,"2015/09/16 22:00:00",BUTLERSG,-0.000002,"2015/09/16 21:55:12"
D,METER_DATA,GEN_DUID,1,"2015/09/16 22:00:00",CALL_A_4,0,"2015/09/16 21:55:12"
D,METER_DATA,GEN_DUID,1,"2015/09/16 22:00:00",CAPTL_WF,0,"2015/09/16 21:55:12"
D,METER_DATA,GEN_DUID,1,"2015/09/16 22:00:00",CATHROCK,20.499998,"2015/09/16 21:55:12"
D,METER_DATA,GEN_DUID,1,"2015/09/16 22:00:00",CHALLHWF,3.40,"2015/09/16 21:55:12"
D,METER_DATA,GEN_DUID,1,"2015/09/16 22:00:00",CLOVER,13.539999,"2015/09/16 21:55:12"
D,METER_DATA,GEN_DUID,1,"2015/09/16 22:00:00",CLUNY,3.801140,"2015/09/16 21:55:12"
D,METER_DATA,GEN_DUID,1,"2015/09/16 22:00:00",CNUNDAWF,0.901051,"2015/09/16 21:55:12"
D,METER_DATA,GEN_DUID,1,"2015/09/16 22:00:00",CULLRGWF,6.23,"2015/09/16 21:55:12"
D,METER_DATA,GEN_DUID,1,"2015/09/16 22:00:00",ERGT01,0,"2015/09/16 21:55:12"
D,METER_DATA,GEN_DUID,1,"2015/09/16 22:00:00",GB01,0.208096,"2015/09/16 21:55:12"
D,METER_DATA,GEN_DUID,1,"2015/09/16 22:00:00",GERMCRK,32.099998,"2015/09/16 21:55:12"
D,METER_DATA,GEN_DUID,1,"2015/09/16 22:00:00",INVICTA,38.350002,"2015/09/16 21:55:12"
D,METER_DATA,GEN_DUID,1,"2015/09/16 22:00:00",LKBONNY1,-0.449338,"2015/09/16 21:55:12"
D,METER_DATA,GEN_DUID,1,"2015/09/16 22:00:00",MBAHNTH,50.325001,"2015/09/16 21:55:12"
D,METER_DATA,GEN_DUID,1,"2015/09/16 22:00:00",MLWF1,0.03,"2015/09/16 21:55:12"
D,METER_DATA,GEN_DUID,1,"2015/09/16 22:00:00",MTMILLAR,29.229471,"2015/09/16 21:55:12"
D,METER_DATA,GEN_DUID,1,"2015/09/16 22:00:00",PALOONA,11.95,"2015/09/16 21:55:12"
D,METER_DATA,GEN_DUID,1,"2015/09/16 22:00:00",PIONEER,46.799999,"2015/09/16 21:55:12"
D,METER_DATA,GEN_DUID,1,"2015/09/16 22:00:00",PORTWF,0.80,"2015/09/16 21:55:12"
D,METER_DATA,GEN_DUID,1,"2015/09/16 22:00:00",REPULSE,4.496980,"2015/09/16 21:55:12"
D,METER_DATA,GEN_DUID,1,"2015/09/16 22:00:00",ROWALLAN,7.1497,"2015/09/16 21:55:12"
D,METER_DATA,GEN_DUID,1,"2015/09/16 22:00:00",RPCG,1.739211,"2015/09/16 21:55:12"
D,METER_DATA,GEN_DUID,1,"2015/09/16 22:00:00",RUBICON,0,"2015/09/16 21:55:12"
D,METER_DATA,GEN_DUID,1,"2015/09/16 22:00:00",STARHLWF,12.196444,"2015/09/16 21:55:12"
D,METER_DATA,GEN_DUID,1,"2015/09/16 22:00:00",WAUBRAWF,36.2090,"2015/09/16 21:55:12"
D,METER_DATA,GEN_DUID,1,"2015/09/16 22:00:00",WOOLNTH1,39.280014,"2015/09/16 21:55:12"
D,METER_DATA,GEN_DUID,1,"2015/09/16 22:00:00",WPWF,38,"2015/09/16 21:55:12"
D,METER_DATA,GEN_DUID,1,"2015/09/16 22:00:00",YAMBUKWF,-0.20,"2015/09/16 21:55:12"
D,METER_DATA,GEN_DUID,1,"2015/09/16 22:05:00",ANGAS1,0,"2015/09/16 22:00:15"
D,METER_DATA,GEN_DUID,1,"2015/09/16 22:05:00",ANGAS2,0,"2015/09/16 22:00:15"
D,METER_DATA,GEN_DUID,1,"2015/09/16 22:05:00",BUTLERSG,-0.000002,"2015/09/16 22:00:15"
D,METER_DATA,GEN_DUID,1,"2015/09/16 22:05:00",CALL_A_4,0,"2015/09/16 22:00:15"
D,METER_DATA,GEN_DUID,1,"2015/09/16 22:05:00",CAPTL_WF,0,"2015/09/16 22:00:15"
D,METER_DATA,GEN_DUID,1,"2015/09/16 22:05:00",CATHROCK,16.90,"2015/09/16 22:00:15"
D,METER_DATA,GEN_DUID,1,"2015/09/16 22:05:00",CHALLHWF,3,"2015/09/16 22:00:15"
D,METER_DATA,GEN_DUID,1,"2015/09/16 22:05:00",CLOVER,5.34,"2015/09/16 22:00:15"
D,METER_DATA,GEN_DUID,1,"2015/09/16 22:05:00",CLUNY,4.229840,"2015/09/16 22:00:15"
D,METER_DATA,GEN_DUID,1,"2015/09/16 22:05:00",CNUNDAWF,0.901051,"2015/09/16 22:00:15"
D,METER_DATA,GEN_DUID,1,"2015/09/16 22:05:00",CULLRGWF,6.13,"2015/09/16 22:00:15"
D,METER_DATA,GEN_DUID,1,"2015/09/16 22:05:00",ERGT01,0,"2015/09/16 22:00:15"
D,METER_DATA,GEN_DUID,1,"2015/09/16 22:05:00",GB01,0.208096,"2015/09/16 22:00:15"
D,METER_DATA,GEN_DUID,1,"2015/09/16 22:05:00",GERMCRK,32.299999,"2015/09/16 22:00:15"
D,METER_DATA,GEN_DUID,1,"2015/09/16 22:05:00",INVICTA,38.350002,"2015/09/16 22:00:15"
D,METER_DATA,GEN_DUID,1,"2015/09/16 22:05:00",LKBONNY1,-0.449338,"2015/09/16 22:00:15"
D,METER_DATA,GEN_DUID,1,"2015/09/16 22:05:00",MBAHNTH,50.325001,"2015/09/16 22:00:15"
D,METER_DATA,GEN_DUID,1,"2015/09/16 22:05:00",MLWF1,0.03,"2015/09/16 22:00:15"
D,METER_DATA,GEN_DUID,1,"2015/09/16 22:05:00",MTMILLAR,28.418369,"2015/09/16 22:00:15"
D,METER_DATA,GEN_DUID,1,"2015/09/16 22:05:00",PALOONA,11.95,"2015/09/16 22:00:15"
D,METER_DATA,GEN_DUID,1,"2015/09/16 22:05:00",PIONEER,45.900002,"2015/09/16 22:00:15"
D,METER_DATA,GEN_DUID,1,"2015/09/16 22:05:00",PORTWF,0.70,"2015/09/16 22:00:15"
D,METER_DATA,GEN_DUID,1,"2015/09/16 22:05:00",REPULSE,5.449730,"2015/09/16 22:00:15"
D,METER_DATA,GEN_DUID,1,"2015/09/16 22:05:00",ROWALLAN,7.7390,"2015/09/16 22:00:15"
D,METER_DATA,GEN_DUID,1,"2015/09/16 22:05:00",RPCG,6.133216,"2015/09/16 22:00:15"
D,METER_DATA,GEN_DUID,1,"2015/09/16 22:05:00",RUBICON,0,"2015/09/16 22:00:15"
D,METER_DATA,GEN_DUID,1,"2015/09/16 22:05:00",STARHLWF,14.895657,"2015/09/16 22:00:15"
D,METER_DATA,GEN_DUID,1,"2015/09/16 22:05:00",WAUBRAWF,33.7980,"2015/09/16 22:00:15"
D,METER_DATA,GEN_DUID,1,"2015/09/16 22:05:00",WOOLNTH1,49.370018,"2015/09/16 22:00:15"
D,METER_DATA,GEN_DUID,1,"2015/09/16 22:05:00",WPWF,39,"2015/09/16 22:00:15"
D,METER_DATA,GEN_DUID,1,"2015/09/16 22:05:00",YAMBUKWF,-0.20,"2015/09/16 22:00:15"
D,METER_DATA,GEN_DUID,1,"2015/09/16 22:10:00",ANGAS1,0,"2015/09/16 22:05:13"
D,METER_DATA,GEN_DUID,1,"2015/09/16 22:10:00",ANGAS2,0,"2015/09/16 22:05:13"
D,METER_DATA,GEN_DUID,1,"2015/09/16 22:10:00",BUTLERSG,-0.000002,"2015/09/16 22:05:13"
D,METER_DATA,GEN_DUID,1,"2015/09/16 22:10:00",CALL_A_4,0,"2015/09/16 22:05:13"
D,METER_DATA,GEN_DUID,1,"2015/09/16 22:10:00",CAPTL_WF,0,"2015/09/16 22:05:13"
D,METER_DATA,GEN_DUID,1,"2015/09/16 22:10:00",CATHROCK,16.049999,"2015/09/16 22:05:13"
D,METER_DATA,GEN_DUID,1,"2015/09/16 22:10:00",CHALLHWF,2.10,"2015/09/16 22:05:13"
D,METER_DATA,GEN_DUID,1,"2015/09/16 22:10:00",CLOVER,-0.01,"2015/09/16 22:05:13"
D,METER_DATA,GEN_DUID,1,"2015/09/16 22:10:00",CLUNY,4.186970,"2015/09/16 22:05:13"
D,METER_DATA,GEN_DUID,1,"2015/09/16 22:10:00",CNUNDAWF,0.901051,"2015/09/16 22:05:13"
D,METER_DATA,GEN_DUID,1,"2015/09/16 22:10:00",CULLRGWF,4.58,"2015/09/16 22:05:13"
D,METER_DATA,GEN_DUID,1,"2015/09/16 22:10:00",ERGT01,0,"2015/09/16 22:05:13"
D,METER_DATA,GEN_DUID,1,"2015/09/16 22:10:00",GB01,0.208096,"2015/09/16 22:05:13"
D,METER_DATA,GEN_DUID,1,"2015/09/16 22:10:00",GERMCRK,31.799999,"2015/09/16 22:05:13"
D,METER_DATA,GEN_DUID,1,"2015/09/16 22:10:00",INVICTA,38.350002,"2015/09/16 22:05:13"
D,METER_DATA,GEN_DUID,1,"2015/09/16 22:10:00",LKBONNY1,-0.449338,"2015/09/16 22:05:13"
D,METER_DATA,GEN_DUID,1,"2015/09/16 22:10:00",MBAHNTH,50.325001,"2015/09/16 22:05:13"
D,METER_DATA,GEN_DUID,1,"2015/09/16 22:10:00",MLWF1,0.03,"2015/09/16 22:05:13"
D,METER_DATA,GEN_DUID,1,"2015/09/16 22:10:00",MTMILLAR,27.704002,"2015/09/16 22:05:13"
D,METER_DATA,GEN_DUID,1,"2015/09/16 22:10:00",PALOONA,11.95,"2015/09/16 22:05:13"
D,METER_DATA,GEN_DUID,1,"2015/09/16 22:10:00",PIONEER,46.299999,"2015/09/16 22:05:13"
D,METER_DATA,GEN_DUID,1,"2015/09/16 22:10:00",PORTWF,0.10,"2015/09/16 22:05:13"
D,METER_DATA,GEN_DUID,1,"2015/09/16 22:10:00",REPULSE,4.897135,"2015/09/16 22:05:13"
D,METER_DATA,GEN_DUID,1,"2015/09/16 22:10:00",ROWALLAN,7.6254,"2015/09/16 22:05:13"
D,METER_DATA,GEN_DUID,1,"2015/09/16 22:10:00",RPCG,5.221248,"2015/09/16 22:05:13"
D,METER_DATA,GEN_DUID,1,"2015/09/16 22:10:00",RUBICON,0,"2015/09/16 22:05:13"
D,METER_DATA,GEN_DUID,1,"2015/09/16 22:10:00",STARHLWF,11.996502,"2015/09/16 22:05:13"
D,METER_DATA,GEN_DUID,1,"2015/09/16 22:10:00",WAUBRAWF,32.171001,"2015/09/16 22:05:13"
D,METER_DATA,GEN_DUID,1,"2015/09/16 22:10:00",WOOLNTH1,48.690018,"2015/09/16 22:05:13"
D,METER_DATA,GEN_DUID,1,"2015/09/16 22:10:00",WPWF,41,"2015/09/16 22:05:13"
D,METER_DATA,GEN_DUID,1,"2015/09/16 22:10:00",YAMBUKWF,-0.30,"2015/09/16 22:05:13"
D,METER_DATA,GEN_DUID,1,"2015/09/16 22:15:00",ANGAS1,0,"2015/09/16 22:10:13"
D,METER_DATA,GEN_DUID,1,"2015/09/16 22:15:00",ANGAS2,0,"2015/09/16 22:10:13"
D,METER_DATA,GEN_DUID,1,"2015/09/16 22:15:00",BUTLERSG,-0.000002,"2015/09/16 22:10:13"
D,METER_DATA,GEN_DUID,1,"2015/09/16 22:15:00",CALL_A_4,0,"2015/09/16 22:10:13"
D,METER_DATA,GEN_DUID,1,"2015/09/16 22:15:00",CAPTL_WF,0,"2015/09/16 22:10:13"
D,METER_DATA,GEN_DUID,1,"2015/09/16 22:15:00",CATHROCK,13.619999,"2015/09/16 22:10:13"
D,METER_DATA,GEN_DUID,1,"2015/09/16 22:15:00",CHALLHWF,1.80,"2015/09/16 22:10:13"
D,METER_DATA,GEN_DUID,1,"2015/09/16 22:15:00",CLOVER,-0.01,"2015/09/16 22:10:13"
D,METER_DATA,GEN_DUID,1,"2015/09/16 22:15:00",CLUNY,3.901170,"2015/09/16 22:10:13"
D,METER_DATA,GEN_DUID,1,"2015/09/16 22:15:00",CNUNDAWF,1.902219,"2015/09/16 22:10:13"
D,METER_DATA,GEN_DUID,1,"2015/09/16 22:15:00",CULLRGWF,3.79,"2015/09/16 22:10:13"
D,METER_DATA,GEN_DUID,1,"2015/09/16 22:15:00",ERGT01,0,"2015/09/16 22:10:13"
D,METER_DATA,GEN_DUID,1,"2015/09/16 22:15:00",GB01,0.208096,"2015/09/16 22:10:13"
D,METER_DATA,GEN_DUID,1,"2015/09/16 22:15:00",GERMCRK,31.799999,"2015/09/16 22:10:13"
D,METER_DATA,GEN_DUID,1,"2015/09/16 22:15:00",INVICTA,38.350002,"2015/09/16 22:10:13"
D,METER_DATA,GEN_DUID,1,"2015/09/16 22:15:00",LKBONNY1,-0.449338,"2015/09/16 22:10:13"
D,METER_DATA,GEN_DUID,1,"2015/09/16 22:15:00",MBAHNTH,50.325001,"2015/09/16 22:10:13"
D,METER_DATA,GEN_DUID,1,"2015/09/16 22:15:00",MLWF1,0.03,"2015/09/16 22:10:13"
D,METER_DATA,GEN_DUID,1,"2015/09/16 22:15:00",MTMILLAR,27.361702,"2015/09/16 22:10:13"
D,METER_DATA,GEN_DUID,1,"2015/09/16 22:15:00",PALOONA,11.95,"2015/09/16 22:10:13"
D,METER_DATA,GEN_DUID,1,"2015/09/16 22:15:00",PIONEER,41.799999,"2015/09/16 22:10:13"
D,METER_DATA,GEN_DUID,1,"2015/09/16 22:15:00",PORTWF,-0.40,"2015/09/16 22:10:13"
D,METER_DATA,GEN_DUID,1,"2015/09/16 22:15:00",REPULSE,4.382650,"2015/09/16 22:10:13"
D,METER_DATA,GEN_DUID,1,"2015/09/16 22:15:00",ROWALLAN,7.2562,"2015/09/16 22:10:13"
D,METER_DATA,GEN_DUID,1,"2015/09/16 22:15:00",RPCG,5.272683,"2015/09/16 22:10:13"
D,METER_DATA,GEN_DUID,1,"2015/09/16 22:15:00",RUBICON,0,"2015/09/16 22:10:13"
D,METER_DATA,GEN_DUID,1,"2015/09/16 22:15:00",STARHLWF,12.396385,"2015/09/16 22:10:13"
D,METER_DATA,GEN_DUID,1,"2015/09/16 22:15:00",WAUBRAWF,31.9410,"2015/09/16 22:10:13"
D,METER_DATA,GEN_DUID,1,"2015/09/16 22:15:00",WOOLNTH1,46.610016,"2015/09/16 22:10:13"
D,METER_DATA,GEN_DUID,1,"2015/09/16 22:15:00",WPWF,42,"2015/09/16 22:10:13"
D,METER_DATA,GEN_DUID,1,"2015/09/16 22:15:00",YAMBUKWF,-0.30,"2015/09/16 22:10:13"
D,METER_DATA,GEN_DUID,1,"2015/09/16 22:20:00",ANGAS1,0,"2015/09/16 22:15:12"
D,METER_DATA,GEN_DUID,1,"2015/09/16 22:20:00",ANGAS2,0,"2015/09/16 22:15:12"
D,METER_DATA,GEN_DUID,1,"2015/09/16 22:20:00",BUTLERSG,-0.000002,"2015/09/16 22:15:12"
D,METER_DATA,GEN_DUID,1,"2015/09/16 22:20:00",CALL_A_4,0,"2015/09/16 22:15:12"
D,METER_DATA,GEN_DUID,1,"2015/09/16 22:20:00",CAPTL_WF,0,"2015/09/16 22:15:12"
D,METER_DATA,GEN_DUID,1,"2015/09/16 22:20:00",CATHROCK,13.589999,"2015/09/16 22:15:12"
D,METER_DATA,GEN_DUID,1,"2015/09/16 22:20:00",CHALLHWF,1.10,"2015/09/16 22:15:12"
D,METER_DATA,GEN_DUID,1,"2015/09/16 22:20:00",CLOVER,-0.01,"2015/09/16 22:15:12"
D,METER_DATA,GEN_DUID,1,"2015/09/16 22:20:00",CLUNY,3.7154,"2015/09/16 22:15:12"
D,METER_DATA,GEN_DUID,1,"2015/09/16 22:20:00",CNUNDAWF,1.902219,"2015/09/16 22:15:12"
D,METER_DATA,GEN_DUID,1,"2015/09/16 22:20:00",CULLRGWF,3.25,"2015/09/16 22:15:12"
D,METER_DATA,GEN_DUID,1,"2015/09/16 22:20:00",ERGT01,0,"2015/09/16 22:15:12"
D,METER_DATA,GEN_DUID,1,"2015/09/16 22:20:00",GB01,0.208096,"2015/09/16 22:15:12"
D,METER_DATA,GEN_DUID,1,"2015/09/16 22:20:00",GERMCRK,32.200001,"2015/09/16 22:15:12"
D,METER_DATA,GEN_DUID,1,"2015/09/16 22:20:00",INVICTA,38.350002,"2015/09/16 22:15:12"
D,METER_DATA,GEN_DUID,1,"2015/09/16 22:20:00",LKBONNY1,-0.449338,"2015/09/16 22:15:12"
D,METER_DATA,GEN_DUID,1,"2015/09/16 22:20:00",MBAHNTH,50.325001,"2015/09/16 22:15:12"
D,METER_DATA,GEN_DUID,1,"2015/09/16 22:20:00",MLWF1,0.03,"2015/09/16 22:15:12"
D,METER_DATA,GEN_DUID,1,"2015/09/16 22:20:00",MTMILLAR,25.099543,"2015/09/16 22:15:12"
D,METER_DATA,GEN_DUID,1,"2015/09/16 22:20:00",PALOONA,11.79,"2015/09/16 22:15:12"
D,METER_DATA,GEN_DUID,1,"2015/09/16 22:20:00",PIONEER,40.299999,"2015/09/16 22:15:12"
D,METER_DATA,GEN_DUID,1,"2015/09/16 22:20:00",PORTWF,-0.20,"2015/09/16 22:15:12"
D,METER_DATA,GEN_DUID,1,"2015/09/16 22:20:00",REPULSE,5.030520,"2015/09/16 22:15:12"
D,METER_DATA,GEN_DUID,1,"2015/09/16 22:20:00",ROWALLAN,7.3272,"2015/09/16 22:15:12"
D,METER_DATA,GEN_DUID,1,"2015/09/16 22:20:00",RPCG,5.428892,"2015/09/16 22:15:12"
D,METER_DATA,GEN_DUID,1,"2015/09/16 22:20:00",RUBICON,0,"2015/09/16 22:15:12"
D,METER_DATA,GEN_DUID,1,"2015/09/16 22:20:00",STARHLWF,14.595744,"2015/09/16 22:15:12"
D,METER_DATA,GEN_DUID,1,"2015/09/16 22:20:00",WAUBRAWF,29.4580,"2015/09/16 22:15:12"
D,METER_DATA,GEN_DUID,1,"2015/09/16 22:20:00",WOOLNTH1,55.990017,"2015/09/16 22:15:12"
D,METER_DATA,GEN_DUID,1,"2015/09/16 22:20:00",WPWF,40,"2015/09/16 22:15:12"
D,METER_DATA,GEN_DUID,1,"2015/09/16 22:20:00",YAMBUKWF,-0.30,"2015/09/16 22:15:12"
D,METER_DATA,GEN_DUID,1,"2015/09/16 22:25:00",ANGAS1,0,"2015/09/16 22:20:14"
D,METER_DATA,GEN_DUID,1,"2015/09/16 22:25:00",ANGAS2,0,"2015/09/16 22:20:14"
D,METER_DATA,GEN_DUID,1,"2015/09/16 22:25:00",BUTLERSG,-0.000002,"2015/09/16 22:20:14"
D,METER_DATA,GEN_DUID,1,"2015/09/16 22:25:00",CALL_A_4,0,"2015/09/16 22:20:14"
D,METER_DATA,GEN_DUID,1,"2015/09/16 22:25:00",CAPTL_WF,0,"2015/09/16 22:20:14"
D,METER_DATA,GEN_DUID,1,"2015/09/16 22:25:00",CATHROCK,11.52,"2015/09/16 22:20:14"
D,METER_DATA,GEN_DUID,1,"2015/09/16 22:25:00",CHALLHWF,1.90,"2015/09/16 22:20:14"
D,METER_DATA,GEN_DUID,1,"2015/09/16 22:25:00",CLOVER,-0.01,"2015/09/16 22:20:14"
D,METER_DATA,GEN_DUID,1,"2015/09/16 22:25:00",CLUNY,4.358450,"2015/09/16 22:20:14"
D,METER_DATA,GEN_DUID,1,"2015/09/16 22:25:00",CNUNDAWF,2.703153,"2015/09/16 22:20:14"
D,METER_DATA,GEN_DUID,1,"2015/09/16 22:25:00",CULLRGWF,3.17,"2015/09/16 22:20:14"
D,METER_DATA,GEN_DUID,1,"2015/09/16 22:25:00",ERGT01,0,"2015/09/16 22:20:14"
D,METER_DATA,GEN_DUID,1,"2015/09/16 22:25:00",GB01,0.208096,"2015/09/16 22:20:14"
D,METER_DATA,GEN_DUID,1,"2015/09/16 22:25:00",GERMCRK,31.50,"2015/09/16 22:20:14"
D,METER_DATA,GEN_DUID,1,"2015/09/16 22:25:00",INVICTA,38.350002,"2015/09/16 22:20:14"
D,METER_DATA,GEN_DUID,1,"2015/09/16 22:25:00",LKBONNY1,-0.449338,"2015/09/16 22:20:14"
D,METER_DATA,GEN_DUID,1,"2015/09/16 22:25:00",MBAHNTH,50.325001,"2015/09/16 22:20:14"
D,METER_DATA,GEN_DUID,1,"2015/09/16 22:25:00",MLWF1,0.03,"2015/09/16 22:20:14"
D,METER_DATA,GEN_DUID,1,"2015/09/16 22:25:00",MTMILLAR,24.273558,"2015/09/16 22:20:14"
D,METER_DATA,GEN_DUID,1,"2015/09/16 22:25:00",PALOONA,11.91,"2015/09/16 22:20:14"
D,METER_DATA,GEN_DUID,1,"2015/09/16 22:25:00",PIONEER,41,"2015/09/16 22:20:14"
D,METER_DATA,GEN_DUID,1,"2015/09/16 22:25:00",PORTWF,-0.20,"2015/09/16 22:20:14"
D,METER_DATA,GEN_DUID,1,"2015/09/16 22:25:00",REPULSE,5.583115,"2015/09/16 22:20:14"
D,METER_DATA,GEN_DUID,1,"2015/09/16 22:25:00",ROWALLAN,7.9875,"2015/09/16 22:20:14"
D,METER_DATA,GEN_DUID,1,"2015/09/16 22:25:00",RPCG,5.511116,"2015/09/16 22:20:14"
D,METER_DATA,GEN_DUID,1,"2015/09/16 22:25:00",RUBICON,0,"2015/09/16 22:20:14"
D,METER_DATA,GEN_DUID,1,"2015/09/16 22:25:00",STARHLWF,15.195569,"2015/09/16 22:20:14"
D,METER_DATA,GEN_DUID,1,"2015/09/16 22:25:00",WAUBRAWF,28.0590,"2015/09/16 22:20:14"
D,METER_DATA,GEN_DUID,1,"2015/09/16 22:25:00",WOOLNTH1,66.330017,"2015/09/16 22:20:14"
D,METER_DATA,GEN_DUID,1,"2015/09/16 22:25:00",WPWF,45,"2015/09/16 22:20:14"
D,METER_DATA,GEN_DUID,1,"2015/09/16 22:25:00",YAMBUKWF,-0.30,"2015/09/16 22:20:14"
D,METER_DATA,GEN_DUID,1,"2015/09/16 22:30:00",ANGAS1,0,"2015/09/16 22:25:12"
D,METER_DATA,GEN_DUID,1,"2015/09/16 22:30:00",ANGAS2,0,"2015/09/16 22:25:12"
D,METER_DATA,GEN_DUID,1,"2015/09/16 22:30:00",BUTLERSG,-0.000002,"2015/09/16 22:25:12"
D,METER_DATA,GEN_DUID,1,"2015/09/16 22:30:00",CALL_A_4,0,"2015/09/16 22:25:12"
D,METER_DATA,GEN_DUID,1,"2015/09/16 22:30:00",CAPTL_WF,0,"2015/09/16 22:25:12"
D,METER_DATA,GEN_DUID,1,"2015/09/16 22:30:00",CATHROCK,13.94,"2015/09/16 22:25:12"
D,METER_DATA,GEN_DUID,1,"2015/09/16 22:30:00",CHALLHWF,2.70,"2015/09/16 22:25:12"
D,METER_DATA,GEN_DUID,1,"2015/09/16 22:30:00",CLOVER,-0.02,"2015/09/16 22:25:12"
D,METER_DATA,GEN_DUID,1,"2015/09/16 22:30:00",CLUNY,4.244130,"2015/09/16 22:25:12"
D,METER_DATA,GEN_DUID,1,"2015/09/16 22:30:00",CNUNDAWF,3.604205,"2015/09/16 22:25:12"
D,METER_DATA,GEN_DUID,1,"2015/09/16 22:30:00",CULLRGWF,3.12,"2015/09/16 22:25:12"
D,METER_DATA,GEN_DUID,1,"2015/09/16 22:30:00",ERGT01,0,"2015/09/16 22:25:12"
D,METER_DATA,GEN_DUID,1,"2015/09/16 22:30:00",GB01,0.208096,"2015/09/16 22:25:12"
D,METER_DATA,GEN_DUID,1,"2015/09/16 22:30:00",GERMCRK,31.90,"2015/09/16 22:25:12"
D,METER_DATA,GEN_DUID,1,"2015/09/16 22:30:00",INVICTA,38.350002,"2015/09/16 22:25:12"
D,METER_DATA,GEN_DUID,1,"2015/09/16 22:30:00",LKBONNY1,-0.449338,"2015/09/16 22:25:12"
D,METER_DATA,GEN_DUID,1,"2015/09/16 22:30:00",MBAHNTH,50.325001,"2015/09/16 22:25:12"
D,METER_DATA,GEN_DUID,1,"2015/09/16 22:30:00",MLWF1,0.03,"2015/09/16 22:25:12"
D,METER_DATA,GEN_DUID,1,"2015/09/16 22:30:00",MTMILLAR,22.234638,"2015/09/16 22:25:12"
D,METER_DATA,GEN_DUID,1,"2015/09/16 22:30:00",PALOONA,11.91,"2015/09/16 22:25:12"
D,METER_DATA,GEN_DUID,1,"2015/09/16 22:30:00",PIONEER,40.900002,"2015/09/16 22:25:12"
D,METER_DATA,GEN_DUID,1,"2015/09/16 22:30:00",PORTWF,-0.50,"2015/09/16 22:25:12"
D,METER_DATA,GEN_DUID,1,"2015/09/16 22:30:00",REPULSE,5.068630,"2015/09/16 22:25:12"
D,METER_DATA,GEN_DUID,1,"2015/09/16 22:30:00",ROWALLAN,7.4834,"2015/09/16 22:25:12"
D,METER_DATA,GEN_DUID,1,"2015/09/16 22:30:00",RPCG,5.464281,"2015/09/16 22:25:12"
D,METER_DATA,GEN_DUID,1,"2015/09/16 22:30:00",RUBICON,0,"2015/09/16 22:25:12"
D,METER_DATA,GEN_DUID,1,"2015/09/16 22:30:00",STARHLWF,14.295832,"2015/09/16 22:25:12"
D,METER_DATA,GEN_DUID,1,"2015/09/16 22:30:00",WAUBRAWF,24.8930,"2015/09/16 22:25:12"
D,METER_DATA,GEN_DUID,1,"2015/09/16 22:30:00",WOOLNTH1,62.750015,"2015/09/16 22:25:12"
D,METER_DATA,GEN_DUID,1,"2015/09/16 22:30:00",WPWF,47,"2015/09/16 22:25:12"
D,METER_DATA,GEN_DUID,1,"2015/09/16 22:30:00",YAMBUKWF,-0.30,"2015/09/16 22:25:12"
D,METER_DATA,GEN_DUID,1,"2015/09/16 22:35:00",ANGAS1,0,"2015/09/16 22:30:11"
D,METER_DATA,GEN_DUID,1,"2015/09/16 22:35:00",ANGAS2,0,"2015/09/16 22:30:11"
D,METER_DATA,GEN_DUID,1,"2015/09/16 22:35:00",BUTLERSG,-0.000002,"2015/09/16 22:30:11"
D,METER_DATA,GEN_DUID,1,"2015/09/16 22:35:00",CALL_A_4,0,"2015/09/16 22:30:11"
D,METER_DATA,GEN_DUID,1,"2015/09/16 22:35:00",CAPTL_WF,0,"2015/09/16 22:30:11"
D,METER_DATA,GEN_DUID,1,"2015/09/16 22:35:00",CATHROCK,11.619999,"2015/09/16 22:30:11"
D,METER_DATA,GEN_DUID,1,"2015/09/16 22:35:00",CHALLHWF,2.40,"2015/09/16 22:30:11"
D,METER_DATA,GEN_DUID,1,"2015/09/16 22:35:00",CLOVER,-0.01,"2015/09/16 22:30:11"
D,METER_DATA,GEN_DUID,1,"2015/09/16 22:35:00",CLUNY,4.272710,"2015/09/16 22:30:11"
D,METER_DATA,GEN_DUID,1,"2015/09/16 22:35:00",CNUNDAWF,2.703153,"2015/09/16 22:30:11"
D,METER_DATA,GEN_DUID,1,"2015/09/16 22:35:00",CULLRGWF,2.84,"2015/09/16 22:30:11"
D,METER_DATA,GEN_DUID,1,"2015/09/16 22:35:00",ERGT01,0,"2015/09/16 22:30:11"
D,METER_DATA,GEN_DUID,1,"2015/09/16 22:35:00",GB01,0.208096,"2015/09/16 22:30:11"
D,METER_DATA,GEN_DUID,1,"2015/09/16 22:35:00",GERMCRK,31.60,"2015/09/16 22:30:11"
D,METER_DATA,GEN_DUID,1,"2015/09/16 22:35:00",INVICTA,38.350002,"2015/09/16 22:30:11"
D,METER_DATA,GEN_DUID,1,"2015/09/16 22:35:00",LKBONNY1,-0.449338,"2015/09/16 22:30:11"
D,METER_DATA,GEN_DUID,1,"2015/09/16 22:35:00",MBAHNTH,50.325001,"2015/09/16 22:30:11"
D,METER_DATA,GEN_DUID,1,"2015/09/16 22:35:00",MLWF1,0.03,"2015/09/16 22:30:11"
D,METER_DATA,GEN_DUID,1,"2015/09/16 22:35:00",MTMILLAR,22.435555,"2015/09/16 22:30:11"
D,METER_DATA,GEN_DUID,1,"2015/09/16 22:35:00",PALOONA,11.69,"2015/09/16 22:30:11"
D,METER_DATA,GEN_DUID,1,"2015/09/16 22:35:00",PIONEER,39.600002,"2015/09/16 22:30:11"
D,METER_DATA,GEN_DUID,1,"2015/09/16 22:35:00",PORTWF,-0.20,"2015/09/16 22:30:11"
D,METER_DATA,GEN_DUID,1,"2015/09/16 22:35:00",REPULSE,5.011465,"2015/09/16 22:30:11"
D,METER_DATA,GEN_DUID,1,"2015/09/16 22:35:00",ROWALLAN,7.5047,"2015/09/16 22:30:11"
D,METER_DATA,GEN_DUID,1,"2015/09/16 22:35:00",RPCG,1.131294,"2015/09/16 22:30:11"
D,METER_DATA,GEN_DUID,1,"2015/09/16 22:35:00",RUBICON,0,"2015/09/16 22:30:11"
D,METER_DATA,GEN_DUID,1,"2015/09/16 22:35:00",STARHLWF,13.596035,"2015/09/16 22:30:11"
D,METER_DATA,GEN_DUID,1,"2015/09/16 22:35:00",WAUBRAWF,21.3950,"2015/09/16 22:30:11"
D,METER_DATA,GEN_DUID,1,"2015/09/16 22:35:00",WOOLNTH1,48.140015,"2015/09/16 22:30:11"
D,METER_DATA,GEN_DUID,1,"2015/09/16 22:35:00",WPWF,43,"2015/09/16 22:30:11"
D,METER_DATA,GEN_DUID,1,"2015/09/16 22:35:00",YAMBUKWF,-0.30,"2015/09/16 22:30:11"
D,METER_DATA,GEN_DUID,1,"2015/09/16 22:40:00",ANGAS1,0,"2015/09/16 22:35:11"
D,METER_DATA,GEN_DUID,1,"2015/09/16 22:40:00",ANGAS2,0,"2015/09/16 22:35:11"
D,METER_DATA,GEN_DUID,1,"2015/09/16 22:40:00",BUTLERSG,-0.000002,"2015/09/16 22:35:11"
D,METER_DATA,GEN_DUID,1,"2015/09/16 22:40:00",CALL_A_4,0,"2015/09/16 22:35:11"
D,METER_DATA,GEN_DUID,1,"2015/09/16 22:40:00",CAPTL_WF,0,"2015/09/16 22:35:11"
D,METER_DATA,GEN_DUID,1,"2015/09/16 22:40:00",CATHROCK,10.78,"2015/09/16 22:35:11"
D,METER_DATA,GEN_DUID,1,"2015/09/16 22:40:00",CHALLHWF,2.70,"2015/09/16 22:35:11"
D,METER_DATA,GEN_DUID,1,"2015/09/16 22:40:00",CLOVER,-0.02,"2015/09/16 22:35:11"
D,METER_DATA,GEN_DUID,1,"2015/09/16 22:40:00",CLUNY,4.1441,"2015/09/16 22:35:11"
D,METER_DATA,GEN_DUID,1,"2015/09/16 22:40:00",CNUNDAWF,2.302686,"2015/09/16 22:35:11"
D,METER_DATA,GEN_DUID,1,"2015/09/16 22:40:00",CULLRGWF,2.19,"2015/09/16 22:35:11"
D,METER_DATA,GEN_DUID,1,"2015/09/16 22:40:00",ERGT01,0,"2015/09/16 22:35:11"
D,METER_DATA,GEN_DUID,1,"2015/09/16 22:40:00",GB01,0.208096,"2015/09/16 22:35:11"
D,METER_DATA,GEN_DUID,1,"2015/09/16 22:40:00",GERMCRK,31.799999,"2015/09/16 22:35:11"
D,METER_DATA,GEN_DUID,1,"2015/09/16 22:40:00",INVICTA,36.650002,"2015/09/16 22:35:11"
D,METER_DATA,GEN_DUID,1,"2015/09/16 22:40:00",LKBONNY1,-0.449338,"2015/09/16 22:35:11"
D,METER_DATA,GEN_DUID,1,"2015/09/16 22:40:00",MBAHNTH,51.337502,"2015/09/16 22:35:11"
D,METER_DATA,GEN_DUID,1,"2015/09/16 22:40:00",MLWF1,0.03,"2015/09/16 22:35:11"
D,METER_DATA,GEN_DUID,1,"2015/09/16 22:40:00",MTMILLAR,22.509968,"2015/09/16 22:35:11"
D,METER_DATA,GEN_DUID,1,"2015/09/16 22:40:00",PALOONA,11.86,"2015/09/16 22:35:11"
D,METER_DATA,GEN_DUID,1,"2015/09/16 22:40:00",PIONEER,40.200001,"2015/09/16 22:35:11"
D,METER_DATA,GEN_DUID,1,"2015/09/16 22:40:00",PORTWF,-0.20,"2015/09/16 22:35:11"
D,METER_DATA,GEN_DUID,1,"2015/09/16 22:40:00",REPULSE,4.935245,"2015/09/16 22:35:11"
D,METER_DATA,GEN_DUID,1,"2015/09/16 22:40:00",ROWALLAN,7.4834,"2015/09/16 22:35:11"
D,METER_DATA,GEN_DUID,1,"2015/09/16 22:40:00",RPCG,5.460751,"2015/09/16 22:35:11"
D,METER_DATA,GEN_DUID,1,"2015/09/16 22:40:00",RUBICON,0,"2015/09/16 22:35:11"
D,METER_DATA,GEN_DUID,1,"2015/09/16 22:40:00",STARHLWF,13.696006,"2015/09/16 22:35:11"
D,METER_DATA,GEN_DUID,1,"2015/09/16 22:40:00",WAUBRAWF,17.259001,"2015/09/16 22:35:11"
D,METER_DATA,GEN_DUID,1,"2015/09/16 22:40:00",WOOLNTH1,47.350018,"2015/09/16 22:35:11"
D,METER_DATA,GEN_DUID,1,"2015/09/16 22:40:00",WPWF,41,"2015/09/16 22:35:11"
D,METER_DATA,GEN_DUID,1,"2015/09/16 22:40:00",YAMBUKWF,-0.30,"2015/09/16 22:35:11"
D,METER_DATA,GEN_DUID,1,"2015/09/16 22:45:00",ANGAS1,0,"2015/09/16 22:40:15"
D,METER_DATA,GEN_DUID,1,"2015/09/16 22:45:00",ANGAS2,0,"2015/09/16 22:40:15"
D,METER_DATA,GEN_DUID,1,"2015/09/16 22:45:00",BUTLERSG,-0.000002,"2015/09/16 22:40:15"
D,METER_DATA,GEN_DUID,1,"2015/09/16 22:45:00",CALL_A_4,0,"2015/09/16 22:40:15"
D,METER_DATA,GEN_DUID,1,"2015/09/16 22:45:00",CAPTL_WF,0,"2015/09/16 22:40:15"
D,METER_DATA,GEN_DUID,1,"2015/09/16 22:45:00",CATHROCK,10.679999,"2015/09/16 22:40:15"
D,METER_DATA,GEN_DUID,1,"2015/09/16 22:45:00",CHALLHWF,2.40,"2015/09/16 22:40:15"
D,METER_DATA,GEN_DUID,1,"2015/09/16 22:45:00",CLOVER,0,"2015/09/16 22:40:15"
D,METER_DATA,GEN_DUID,1,"2015/09/16 22:45:00",CLUNY,4.101230,"2015/09/16 22:40:15"
D,METER_DATA,GEN_DUID,1,"2015/09/16 22:45:00",CNUNDAWF,1.501752,"2015/09/16 22:40:15"
D,METER_DATA,GEN_DUID,1,"2015/09/16 22:45:00",CULLRGWF,2.09,"2015/09/16 22:40:15"
D,METER_DATA,GEN_DUID,1,"2015/09/16 22:45:00",ERGT01,0,"2015/09/16 22:40:15"
D,METER_DATA,GEN_DUID,1,"2015/09/16 22:45:00",GB01,0.208096,"2015/09/16 22:40:15"
D,METER_DATA,GEN_DUID,1,"2015/09/16 22:45:00",GERMCRK,31.700001,"2015/09/16 22:40:15"
D,METER_DATA,GEN_DUID,1,"2015/09/16 22:45:00",INVICTA,36.650002,"2015/09/16 22:40:15"
D,METER_DATA,GEN_DUID,1,"2015/09/16 22:45:00",LKBONNY1,-0.449338,"2015/09/16 22:40:15"
D,METER_DATA,GEN_DUID,1,"2015/09/16 22:45:00",MBAHNTH,51.337502,"2015/09/16 22:40:15"
D,METER_DATA,GEN_DUID,1,"2015/09/16 22:45:00",MLWF1,0.03,"2015/09/16 22:40:15"
D,METER_DATA,GEN_DUID,1,"2015/09/16 22:45:00",MTMILLAR,21.036587,"2015/09/16 22:40:15"
D,METER_DATA,GEN_DUID,1,"2015/09/16 22:45:00",PALOONA,11.86,"2015/09/16 22:40:15"
D,METER_DATA,GEN_DUID,1,"2015/09/16 22:45:00",PIONEER,37.100002,"2015/09/16 22:40:15"
D,METER_DATA,GEN_DUID,1,"2015/09/16 22:45:00",PORTWF,0.40,"2015/09/16 22:40:15"
D,METER_DATA,GEN_DUID,1,"2015/09/16 22:45:00",REPULSE,4.706585,"2015/09/16 22:40:15"
D,METER_DATA,GEN_DUID,1,"2015/09/16 22:45:00",ROWALLAN,7.3840,"2015/09/16 22:40:15"
D,METER_DATA,GEN_DUID,1,"2015/09/16 22:45:00",RPCG,5.624908,"2015/09/16 22:40:15"
D,METER_DATA,GEN_DUID,1,"2015/09/16 22:45:00",RUBICON,0,"2015/09/16 22:40:15"
D,METER_DATA,GEN_DUID,1,"2015/09/16 22:45:00",STARHLWF,12.596327,"2015/09/16 22:40:15"
D,METER_DATA,GEN_DUID,1,"2015/09/16 22:45:00",WAUBRAWF,13.5680,"2015/09/16 22:40:15"
D,METER_DATA,GEN_DUID,1,"2015/09/16 22:45:00",WOOLNTH1,38.810017,"2015/09/16 22:40:15"
D,METER_DATA,GEN_DUID,1,"2015/09/16 22:45:00",WPWF,35,"2015/09/16 22:40:15"
D,METER_DATA,GEN_DUID,1,"2015/09/16 22:45:00",YAMBUKWF,-0.30,"2015/09/16 22:40:15"
D,METER_DATA,GEN_DUID,1,"2015/09/16 22:50:00",ANGAS1,0,"2015/09/16 22:45:14"
D,METER_DATA,GEN_DUID,1,"2015/09/16 22:50:00",ANGAS2,0,"2015/09/16 22:45:14"
D,METER_DATA,GEN_DUID,1,"2015/09/16 22:50:00",BUTLERSG,-0.000002,"2015/09/16 22:45:14"
D,METER_DATA,GEN_DUID,1,"2015/09/16 22:50:00",CALL_A_4,0,"2015/09/16 22:45:14"
D,METER_DATA,GEN_DUID,1,"2015/09/16 22:50:00",CAPTL_WF,0,"2015/09/16 22:45:14"
D,METER_DATA,GEN_DUID,1,"2015/09/16 22:50:00",CATHROCK,10.059999,"2015/09/16 22:45:14"
D,METER_DATA,GEN_DUID,1,"2015/09/16 22:50:00",CHALLHWF,1.90,"2015/09/16 22:45:14"
D,METER_DATA,GEN_DUID,1,"2015/09/16 22:50:00",CLOVER,-0.01,"2015/09/16 22:45:14"
D,METER_DATA,GEN_DUID,1,"2015/09/16 22:50:00",CLUNY,4.372740,"2015/09/16 22:45:14"
D,METER_DATA,GEN_DUID,1,"2015/09/16 22:50:00",CNUNDAWF,1.501752,"2015/09/16 22:45:14"
D,METER_DATA,GEN_DUID,1,"2015/09/16 22:50:00",CULLRGWF,1.92,"2015/09/16 22:45:14"
D,METER_DATA,GEN_DUID,1,"2015/09/16 22:50:00",ERGT01,0,"2015/09/16 22:45:14"
D,METER_DATA,GEN_DUID,1,"2015/09/16 22:50:00",GB01,0.208096,"2015/09/16 22:45:14"
D,METER_DATA,GEN_DUID,1,"2015/09/16 22:50:00",GERMCRK,32,"2015/09/16 22:45:14"
D,METER_DATA,GEN_DUID,1,"2015/09/16 22:50:00",INVICTA,37.799999,"2015/09/16 22:45:14"
D,METER_DATA,GEN_DUID,1,"2015/09/16 22:50:00",LKBONNY1,-0.449338,"2015/09/16 22:45:14"
D,METER_DATA,GEN_DUID,1,"2015/09/16 22:50:00",MBAHNTH,51.337502,"2015/09/16 22:45:14"
D,METER_DATA,GEN_DUID,1,"2015/09/16 22:50:00",MLWF1,0.03,"2015/09/16 22:45:14"
D,METER_DATA,GEN_DUID,1,"2015/09/16 22:50:00",MTMILLAR,18.424686,"2015/09/16 22:45:14"
D,METER_DATA,GEN_DUID,1,"2015/09/16 22:50:00",PALOONA,11.86,"2015/09/16 22:45:14"
D,METER_DATA,GEN_DUID,1,"2015/09/16 22:50:00",PIONEER,37.700001,"2015/09/16 22:45:14"
D,METER_DATA,GEN_DUID,1,"2015/09/16 22:50:00",PORTWF,0.10,"2015/09/16 22:45:14"
D,METER_DATA,GEN_DUID,1,"2015/09/16 22:50:00",REPULSE,4.973355,"2015/09/16 22:45:14"
D,METER_DATA,GEN_DUID,1,"2015/09/16 22:50:00",ROWALLAN,7.6609,"2015/09/16 22:45:14"
D,METER_DATA,GEN_DUID,1,"2015/09/16 22:50:00",RPCG,0.992127,"2015/09/16 22:45:14"
D,METER_DATA,GEN_DUID,1,"2015/09/16 22:50:00",RUBICON,0,"2015/09/16 22:45:14"
D,METER_DATA,GEN_DUID,1,"2015/09/16 22:50:00",STARHLWF,10.696880,"2015/09/16 22:45:14"
D,METER_DATA,GEN_DUID,1,"2015/09/16 22:50:00",WAUBRAWF,12.1880,"2015/09/16 22:45:14"
D,METER_DATA,GEN_DUID,1,"2015/09/16 22:50:00",WOOLNTH1,36.630016,"2015/09/16 22:45:14"
D,METER_DATA,GEN_DUID,1,"2015/09/16 22:50:00",WPWF,35,"2015/09/16 22:45:14"
D,METER_DATA,GEN_DUID,1,"2015/09/16 22:50:00",YAMBUKWF,-0.30,"2015/09/16 22:45:14"
D,METER_DATA,GEN_DUID,1,"2015/09/16 22:55:00",ANGAS1,0,"2015/09/16 22:50:13"
D,METER_DATA,GEN_DUID,1,"2015/09/16 22:55:00",ANGAS2,0,"2015/09/16 22:50:13"
D,METER_DATA,GEN_DUID,1,"2015/09/16 22:55:00",BUTLERSG,-0.000002,"2015/09/16 22:50:13"
D,METER_DATA,GEN_DUID,1,"2015/09/16 22:55:00",CALL_A_4,0,"2015/09/16 22:50:13"
D,METER_DATA,GEN_DUID,1,"2015/09/16 22:55:00",CAPTL_WF,0,"2015/09/16 22:50:13"
D,METER_DATA,GEN_DUID,1,"2015/09/16 22:55:00",CATHROCK,9.53,"2015/09/16 22:50:13"
D,METER_DATA,GEN_DUID,1,"2015/09/16 22:55:00",CHALLHWF,1.50,"2015/09/16 22:50:13"
D,METER_DATA,GEN_DUID,1,"2015/09/16 22:55:00",CLOVER,-0.01,"2015/09/16 22:50:13"
D,METER_DATA,GEN_DUID,1,"2015/09/16 22:55:00",CLUNY,4.044070,"2015/09/16 22:50:13"
D,METER_DATA,GEN_DUID,1,"2015/09/16 22:55:00",CNUNDAWF,1.902219,"2015/09/16 22:50:13"
D,METER_DATA,GEN_DUID,1,"2015/09/16 22:55:00",CULLRGWF,1.97,"2015/09/16 22:50:13"
D,METER_DATA,GEN_DUID,1,"2015/09/16 22:55:00",ERGT01,0,"2015/09/16 22:50:13"
D,METER_DATA,GEN_DUID,1,"2015/09/16 22:55:00",GB01,0.208096,"2015/09/16 22:50:13"
D,METER_DATA,GEN_DUID,1,"2015/09/16 22:55:00",GERMCRK,31.700001,"2015/09/16 22:50:13"
D,METER_DATA,GEN_DUID,1,"2015/09/16 22:55:00",INVICTA,37.799999,"2015/09/16 22:50:13"
D,METER_DATA,GEN_DUID,1,"2015/09/16 22:55:00",LKBONNY1,-0.449338,"2015/09/16 22:50:13"
D,METER_DATA,GEN_DUID,1,"2015/09/16 22:55:00",MBAHNTH,51.337502,"2015/09/16 22:50:13"
D,METER_DATA,GEN_DUID,1,"2015/09/16 22:55:00",MLWF1,0.03,"2015/09/16 22:50:13"
D,METER_DATA,GEN_DUID,1,"2015/09/16 22:55:00",MTMILLAR,15.775580,"2015/09/16 22:50:13"
D,METER_DATA,GEN_DUID,1,"2015/09/16 22:55:00",PALOONA,11.889999,"2015/09/16 22:50:13"
D,METER_DATA,GEN_DUID,1,"2015/09/16 22:55:00",PIONEER,37.200001,"2015/09/16 22:50:13"
D,METER_DATA,GEN_DUID,1,"2015/09/16 22:55:00",PORTWF,0.20,"2015/09/16 22:50:13"
D,METER_DATA,GEN_DUID,1,"2015/09/16 22:55:00",REPULSE,4.763750,"2015/09/16 22:50:13"
D,METER_DATA,GEN_DUID,1,"2015/09/16 22:55:00",ROWALLAN,7.1994,"2015/09/16 22:50:13"
D,METER_DATA,GEN_DUID,1,"2015/09/16 22:55:00",RPCG,5.283132,"2015/09/16 22:50:13"
D,METER_DATA,GEN_DUID,1,"2015/09/16 22:55:00",RUBICON,0,"2015/09/16 22:50:13"
D,METER_DATA,GEN_DUID,1,"2015/09/16 22:55:00",STARHLWF,9.697172,"2015/09/16 22:50:13"
D,METER_DATA,GEN_DUID,1,"2015/09/16 22:55:00",WAUBRAWF,12.2370,"2015/09/16 22:50:13"
D,METER_DATA,GEN_DUID,1,"2015/09/16 22:55:00",WOOLNTH1,34.240017,"2015/09/16 22:50:13"
D,METER_DATA,GEN_DUID,1,"2015/09/16 22:55:00",WPWF,41,"2015/09/16 22:50:13"
D,METER_DATA,GEN_DUID,1,"2015/09/16 22:55:00",YAMBUKWF,-0.30,"2015/09/16 22:50:13"
D,METER_DATA,GEN_DUID,1,"2015/09/16 23:00:00",ANGAS1,0,"2015/09/16 22:55:12"
D,METER_DATA,GEN_DUID,1,"2015/09/16 23:00:00",ANGAS2,0,"2015/09/16 22:55:12"
D,METER_DATA,GEN_DUID,1,"2015/09/16 23:00:00",BUTLERSG,-0.000002,"2015/09/16 22:55:12"
D,METER_DATA,GEN_DUID,1,"2015/09/16 23:00:00",CALL_A_4,0,"2015/09/16 22:55:12"
D,METER_DATA,GEN_DUID,1,"2015/09/16 23:00:00",CAPTL_WF,0,"2015/09/16 22:55:12"
D,METER_DATA,GEN_DUID,1,"2015/09/16 23:00:00",CATHROCK,8.959999,"2015/09/16 22:55:12"
D,METER_DATA,GEN_DUID,1,"2015/09/16 23:00:00",CHALLHWF,1,"2015/09/16 22:55:12"
D,METER_DATA,GEN_DUID,1,"2015/09/16 23:00:00",CLOVER,-0.02,"2015/09/16 22:55:12"
D,METER_DATA,GEN_DUID,1,"2015/09/16 23:00:00",CLUNY,4.272710,"2015/09/16 22:55:12"
D,METER_DATA,GEN_DUID,1,"2015/09/16 23:00:00",CNUNDAWF,2.703153,"2015/09/16 22:55:12"
D,METER_DATA,GEN_DUID,1,"2015/09/16 23:00:00",CULLRGWF,2.38,"2015/09/16 22:55:12"
D,METER_DATA,GEN_DUID,1,"2015/09/16 23:00:00",ERGT01,0,"2015/09/16 22:55:12"
D,METER_DATA,GEN_DUID,1,"2015/09/16 23:00:00",GB01,0.208096,"2015/09/16 22:55:12"
D,METER_DATA,GEN_DUID,1,"2015/09/16 23:00:00",GERMCRK,31.90,"2015/09/16 22:55:12"
D,METER_DATA,GEN_DUID,1,"2015/09/16 23:00:00",INVICTA,37.799999,"2015/09/16 22:55:12"
D,METER_DATA,GEN_DUID,1,"2015/09/16 23:00:00",LKBONNY1,-0.449338,"2015/09/16 22:55:12"
D,METER_DATA,GEN_DUID,1,"2015/09/16 23:00:00",MBAHNTH,51.337502,"2015/09/16 22:55:12"
D,METER_DATA,GEN_DUID,1,"2015/09/16 23:00:00",MLWF1,0.03,"2015/09/16 22:55:12"
D,METER_DATA,GEN_DUID,1,"2015/09/16 23:00:00",MTMILLAR,16.698303,"2015/09/16 22:55:12"
D,METER_DATA,GEN_DUID,1,"2015/09/16 23:00:00",PALOONA,11.889999,"2015/09/16 22:55:12"
D,METER_DATA,GEN_DUID,1,"2015/09/16 23:00:00",PIONEER,37,"2015/09/16 22:55:12"
D,METER_DATA,GEN_DUID,1,"2015/09/16 23:00:00",PORTWF,0,"2015/09/16 22:55:12"
D,METER_DATA,GEN_DUID,1,"2015/09/16 23:00:00",REPULSE,5.354455,"2015/09/16 22:55:12"
D,METER_DATA,GEN_DUID,1,"2015/09/16 23:00:00",ROWALLAN,7.7532,"2015/09/16 22:55:12"
D,METER_DATA,GEN_DUID,1,"2015/09/16 23:00:00",RPCG,5.331254,"2015/09/16 22:55:12"
D,METER_DATA,GEN_DUID,1,"2015/09/16 23:00:00",RUBICON,0,"2015/09/16 22:55:12"
D,METER_DATA,GEN_DUID,1,"2015/09/16 23:00:00",STARHLWF,11.996502,"2015/09/16 22:55:12"
D,METER_DATA,GEN_DUID,1,"2015/09/16 23:00:00",WAUBRAWF,12.4470,"2015/09/16 22:55:12"
D,METER_DATA,GEN_DUID,1,"2015/09/16 23:00:00",WOOLNTH1,30.690016,"2015/09/16 22:55:12"
D,METER_DATA,GEN_DUID,1,"2015/09/16 23:00:00",WPWF,39,"2015/09/16 22:55:12"
D,METER_DATA,GEN_DUID,1,"2015/09/16 23:00:00",YAMBUKWF,-0.30,"2015/09/16 22:55:12"
D,METER_DATA,GEN_DUID,1,"2015/09/16 23:05:00",ANGAS1,0,"2015/09/16 23:00:12"
D,METER_DATA,GEN_DUID,1,"2015/09/16 23:05:00",ANGAS2,0,"2015/09/16 23:00:12"
D,METER_DATA,GEN_DUID,1,"2015/09/16 23:05:00",BUTLERSG,-0.000002,"2015/09/16 23:00:12"
D,METER_DATA,GEN_DUID,1,"2015/09/16 23:05:00",CALL_A_4,0,"2015/09/16 23:00:12"
D,METER_DATA,GEN_DUID,1,"2015/09/16 23:05:00",CAPTL_WF,0,"2015/09/16 23:00:12"
D,METER_DATA,GEN_DUID,1,"2015/09/16 23:05:00",CATHROCK,8.66,"2015/09/16 23:00:12"
D,METER_DATA,GEN_DUID,1,"2015/09/16 23:05:00",CHALLHWF,0.60,"2015/09/16 23:00:12"
D,METER_DATA,GEN_DUID,1,"2015/09/16 23:05:00",CLOVER,-0.02,"2015/09/16 23:00:12"
D,METER_DATA,GEN_DUID,1,"2015/09/16 23:05:00",CLUNY,4.086940,"2015/09/16 23:00:12"
D,METER_DATA,GEN_DUID,1,"2015/09/16 23:05:00",CNUNDAWF,3.904555,"2015/09/16 23:00:12"
D,METER_DATA,GEN_DUID,1,"2015/09/16 23:05:00",CULLRGWF,2.42,"2015/09/16 23:00:12"
D,METER_DATA,GEN_DUID,1,"2015/09/16 23:05:00",ERGT01,0,"2015/09/16 23:00:12"
D,METER_DATA,GEN_DUID,1,"2015/09/16 23:05:00",GB01,0.208096,"2015/09/16 23:00:12"
D,METER_DATA,GEN_DUID,1,"2015/09/16 23:05:00",GERMCRK,32,"2015/09/16 23:00:12"
D,METER_DATA,GEN_DUID,1,"2015/09/16 23:05:00",INVICTA,37.799999,"2015/09/16 23:00:12"
D,METER_DATA,GEN_DUID,1,"2015/09/16 23:05:00",LKBONNY1,-0.449338,"2015/09/16 23:00:12"
D,METER_DATA,GEN_DUID,1,"2015/09/16 23:05:00",MBAHNTH,51.337502,"2015/09/16 23:00:12"
D,METER_DATA,GEN_DUID,1,"2015/09/16 23:05:00",MLWF1,0.03,"2015/09/16 23:00:12"
D,METER_DATA,GEN_DUID,1,"2015/09/16 23:05:00",MTMILLAR,18.461893,"2015/09/16 23:00:12"
D,METER_DATA,GEN_DUID,1,"2015/09/16 23:05:00",PALOONA,11.889999,"2015/09/16 23:00:12"
D,METER_DATA,GEN_DUID,1,"2015/09/16 23:05:00",PIONEER,38.299999,"2015/09/16 23:00:12"
D,METER_DATA,GEN_DUID,1,"2015/09/16 23:05:00",PORTWF,0,"2015/09/16 23:00:12"
D,METER_DATA,GEN_DUID,1,"2015/09/16 23:05:00",REPULSE,4.668475,"2015/09/16 23:00:12"
D,METER_DATA,GEN_DUID,1,"2015/09/16 23:05:00",ROWALLAN,7.5970,"2015/09/16 23:00:12"
D,METER_DATA,GEN_DUID,1,"2015/09/16 23:05:00",RPCG,1.097521,"2015/09/16 23:00:12"
D,METER_DATA,GEN_DUID,1,"2015/09/16 23:05:00",RUBICON,0,"2015/09/16 23:00:12"
D,METER_DATA,GEN_DUID,1,"2015/09/16 23:05:00",STARHLWF,10.596910,"2015/09/16 23:00:12"
D,METER_DATA,GEN_DUID,1,"2015/09/16 23:05:00",WAUBRAWF,11.5950,"2015/09/16 23:00:12"
D,METER_DATA,GEN_DUID,1,"2015/09/16 23:05:00",WOOLNTH1,31.100016,"2015/09/16 23:00:12"
D,METER_DATA,GEN_DUID,1,"2015/09/16 23:05:00",WPWF,35,"2015/09/16 23:00:12"
D,METER_DATA,GEN_DUID,1,"2015/09/16 23:05:00",YAMBUKWF,-0.30,"2015/09/16 23:00:12"
D,METER_DATA,GEN_DUID,1,"2015/09/16 23:10:00",ANGAS1,0,"2015/09/16 23:05:12"
D,METER_DATA,GEN_DUID,1,"2015/09/16 23:10:00",ANGAS2,0,"2015/09/16 23:05:12"
D,METER_DATA,GEN_DUID,1,"2015/09/16 23:10:00",BUTLERSG,-0.000002,"2015/09/16 23:05:12"
D,METER_DATA,GEN_DUID,1,"2015/09/16 23:10:00",CALL_A_4,0,"2015/09/16 23:05:12"
D,METER_DATA,GEN_DUID,1,"2015/09/16 23:10:00",CAPTL_WF,0,"2015/09/16 23:05:12"
D,METER_DATA,GEN_DUID,1,"2015/09/16 23:10:00",CATHROCK,7.579999,"2015/09/16 23:05:12"
D,METER_DATA,GEN_DUID,1,"2015/09/16 23:10:00",CHALLHWF,0.20,"2015/09/16 23:05:12"
D,METER_DATA,GEN_DUID,1,"2015/09/16 23:10:00",CLOVER,-0.02,"2015/09/16 23:05:12"
D,METER_DATA,GEN_DUID,1,"2015/09/16 23:10:00",CLUNY,4.172680,"2015/09/16 23:05:12"
D,METER_DATA,GEN_DUID,1,"2015/09/16 23:10:00",CNUNDAWF,2.803270,"2015/09/16 23:05:12"
D,METER_DATA,GEN_DUID,1,"2015/09/16 23:10:00",CULLRGWF,2.62,"2015/09/16 23:05:12"
D,METER_DATA,GEN_DUID,1,"2015/09/16 23:10:00",ERGT01,0,"2015/09/16 23:05:12"
D,METER_DATA,GEN_DUID,1,"2015/09/16 23:10:00",GB01,0.208096,"2015/09/16 23:05:12"
D,METER_DATA,GEN_DUID,1,"2015/09/16 23:10:00",GERMCRK,31.700001,"2015/09/16 23:05:12"
D,METER_DATA,GEN_DUID,1,"2015/09/16 23:10:00",INVICTA,37.799999,"2015/09/16 23:05:12"
D,METER_DATA,GEN_DUID,1,"2015/09/16 23:10:00",LKBONNY1,-0.449338,"2015/09/16 23:05:12"
D,METER_DATA,GEN_DUID,1,"2015/09/16 23:10:00",MBAHNTH,51.337502,"2015/09/16 23:05:12"
D,METER_DATA,GEN_DUID,1,"2015/09/16 23:10:00",MLWF1,0.03,"2015/09/16 23:05:12"
D,METER_DATA,GEN_DUID,1,"2015/09/16 23:10:00",MTMILLAR,17.018280,"2015/09/16 23:05:12"
D,METER_DATA,GEN_DUID,1,"2015/09/16 23:10:00",PALOONA,11.889999,"2015/09/16 23:05:12"
D,METER_DATA,GEN_DUID,1,"2015/09/16 23:10:00",PIONEER,38.600002,"2015/09/16 23:05:12"
D,METER_DATA,GEN_DUID,1,"2015/09/16 23:10:00",PORTWF,0.30,"2015/09/16 23:05:12"
D,METER_DATA,GEN_DUID,1,"2015/09/16 23:10:00",REPULSE,5.106740,"2015/09/16 23:05:12"
D,METER_DATA,GEN_DUID,1,"2015/09/16 23:10:00",ROWALLAN,7.5260,"2015/09/16 23:05:12"
D,METER_DATA,GEN_DUID,1,"2015/09/16 23:10:00",RPCG,1.114864,"2015/09/16 23:05:12"
D,METER_DATA,GEN_DUID,1,"2015/09/16 23:10:00",RUBICON,0,"2015/09/16 23:05:12"
D,METER_DATA,GEN_DUID,1,"2015/09/16 23:10:00",STARHLWF,11.196735,"2015/09/16 23:05:12"
D,METER_DATA,GEN_DUID,1,"2015/09/16 23:10:00",WAUBRAWF,10.1610,"2015/09/16 23:05:12"
D,METER_DATA,GEN_DUID,1,"2015/09/16 23:10:00",WOOLNTH1,33.540016,"2015/09/16 23:05:12"
D,METER_DATA,GEN_DUID,1,"2015/09/16 23:10:00",WPWF,35,"2015/09/16 23:05:12"
D,METER_DATA,GEN_DUID,1,"2015/09/16 23:10:00",YAMBUKWF,-0.30,"2015/09/16 23:05:12"
D,METER_DATA,GEN_DUID,1,"2015/09/16 23:15:00",ANGAS1,0,"2015/09/16 23:10:11"
D,METER_DATA,GEN_DUID,1,"2015/09/16 23:15:00",ANGAS2,0,"2015/09/16 23:10:11"
D,METER_DATA,GEN_DUID,1,"2015/09/16 23:15:00",BUTLERSG,-0.000002,"2015/09/16 23:10:11"
D,METER_DATA,GEN_DUID,1,"2015/09/16 23:15:00",CALL_A_4,0,"2015/09/16 23:10:11"
D,METER_DATA,GEN_DUID,1,"2015/09/16 23:15:00",CAPTL_WF,0,"2015/09/16 23:10:11"
D,METER_DATA,GEN_DUID,1,"2015/09/16 23:15:00",CATHROCK,7.11,"2015/09/16 23:10:11"
D,METER_DATA,GEN_DUID,1,"2015/09/16 23:15:00",CHALLHWF,0.10,"2015/09/16 23:10:11"
D,METER_DATA,GEN_DUID,1,"2015/09/16 23:15:00",CLOVER,-0.01,"2015/09/16 23:10:11"
D,METER_DATA,GEN_DUID,1,"2015/09/16 23:15:00",CLUNY,3.986910,"2015/09/16 23:10:11"
D,METER_DATA,GEN_DUID,1,"2015/09/16 23:15:00",CNUNDAWF,2.002336,"2015/09/16 23:10:11"
D,METER_DATA,GEN_DUID,1,"2015/09/16 23:15:00",CULLRGWF,2.31,"2015/09/16 23:10:11"
D,METER_DATA,GEN_DUID,1,"2015/09/16 23:15:00",ERGT01,0,"2015/09/16 23:10:11"
D,METER_DATA,GEN_DUID,1,"2015/09/16 23:15:00",GB01,0.208096,"2015/09/16 23:10:11"
D,METER_DATA,GEN_DUID,1,"2015/09/16 23:15:00",GERMCRK,31.90,"2015/09/16 23:10:11"
D,METER_DATA,GEN_DUID,1,"2015/09/16 23:15:00",INVICTA,37.799999,"2015/09/16 23:10:11"
D,METER_DATA,GEN_DUID,1,"2015/09/16 23:15:00",LKBONNY1,-0.449338,"2015/09/16 23:10:11"
D,METER_DATA,GEN_DUID,1,"2015/09/16 23:15:00",MBAHNTH,50.287502,"2015/09/16 23:10:11"
D,METER_DATA,GEN_DUID,1,"2015/09/16 23:15:00",MLWF1,0.03,"2015/09/16 23:10:11"
D,METER_DATA,GEN_DUID,1,"2015/09/16 23:15:00",MTMILLAR,15.053773,"2015/09/16 23:10:11"
D,METER_DATA,GEN_DUID,1,"2015/09/16 23:15:00",PALOONA,12.02,"2015/09/16 23:10:11"
D,METER_DATA,GEN_DUID,1,"2015/09/16 23:15:00",PIONEER,42.900002,"2015/09/16 23:10:11"
D,METER_DATA,GEN_DUID,1,"2015/09/16 23:15:00",PORTWF,0.60,"2015/09/16 23:10:11"
D,METER_DATA,GEN_DUID,1,"2015/09/16 23:15:00",REPULSE,4.725640,"2015/09/16 23:10:11"
D,METER_DATA,GEN_DUID,1,"2015/09/16 23:15:00",ROWALLAN,7.2349,"2015/09/16 23:10:11"
D,METER_DATA,GEN_DUID,1,"2015/09/16 23:15:00",RPCG,1.253562,"2015/09/16 23:10:11"
D,METER_DATA,GEN_DUID,1,"2015/09/16 23:15:00",RUBICON,0,"2015/09/16 23:10:11"
D,METER_DATA,GEN_DUID,1,"2015/09/16 23:15:00",STARHLWF,9.897114,"2015/09/16 23:10:11"
D,METER_DATA,GEN_DUID,1,"2015/09/16 23:15:00",WAUBRAWF,9.4260,"2015/09/16 23:10:11"
D,METER_DATA,GEN_DUID,1,"2015/09/16 23:15:00",WOOLNTH1,49.020016,"2015/09/16 23:10:11"
D,METER_DATA,GEN_DUID,1,"2015/09/16 23:15:00",WPWF,34,"2015/09/16 23:10:11"
D,METER_DATA,GEN_DUID,1,"2015/09/16 23:15:00",YAMBUKWF,-0.20,"2015/09/16 23:10:11"
D,METER_DATA,GEN_DUID,1,"2015/09/16 23:20:00",ANGAS1,0,"2015/09/16 23:15:14"
D,METER_DATA,GEN_DUID,1,"2015/09/16 23:20:00",ANGAS2,0,"2015/09/16 23:15:14"
D,METER_DATA,GEN_DUID,1,"2015/09/16 23:20:00",BUTLERSG,-0.000002,"2015/09/16 23:15:14"
D,METER_DATA,GEN_DUID,1,"2015/09/16 23:20:00",CALL_A_4,0,"2015/09/16 23:15:14"
D,METER_DATA,GEN_DUID,1,"2015/09/16 23:20:00",CAPTL_WF,0,"2015/09/16 23:15:14"
D,METER_DATA,GEN_DUID,1,"2015/09/16 23:20:00",CATHROCK,7.05,"2015/09/16 23:15:14"
D,METER_DATA,GEN_DUID,1,"2015/09/16 23:20:00",CHALLHWF,0,"2015/09/16 23:15:14"
D,METER_DATA,GEN_DUID,1,"2015/09/16 23:20:00",CLOVER,-0.01,"2015/09/16 23:15:14"
D,METER_DATA,GEN_DUID,1,"2015/09/16 23:20:00",CLUNY,3.844010,"2015/09/16 23:15:14"
D,METER_DATA,GEN_DUID,1,"2015/09/16 23:20:00",CNUNDAWF,2.803270,"2015/09/16 23:15:14"
D,METER_DATA,GEN_DUID,1,"2015/09/16 23:20:00",CULLRGWF,2.13,"2015/09/16 23:15:14"
D,METER_DATA,GEN_DUID,1,"2015/09/16 23:20:00",ERGT01,0,"2015/09/16 23:15:14"
D,METER_DATA,GEN_DUID,1,"2015/09/16 23:20:00",GB01,0.208096,"2015/09/16 23:15:14"
D,METER_DATA,GEN_DUID,1,"2015/09/16 23:20:00",GERMCRK,31.700001,"2015/09/16 23:15:14"
D,METER_DATA,GEN_DUID,1,"2015/09/16 23:20:00",INVICTA,37.799999,"2015/09/16 23:15:14"
D,METER_DATA,GEN_DUID,1,"2015/09/16 23:20:00",LKBONNY1,-0.449338,"2015/09/16 23:15:14"
D,METER_DATA,GEN_DUID,1,"2015/09/16 23:20:00",MBAHNTH,50.287502,"2015/09/16 23:15:14"
D,METER_DATA,GEN_DUID,1,"2015/09/16 23:20:00",MLWF1,0.03,"2015/09/16 23:15:14"
D,METER_DATA,GEN_DUID,1,"2015/09/16 23:20:00",MTMILLAR,12.709760,"2015/09/16 23:15:14"
D,METER_DATA,GEN_DUID,1,"2015/09/16 23:20:00",PALOONA,11.91,"2015/09/16 23:15:14"
D,METER_DATA,GEN_DUID,1,"2015/09/16 23:20:00",PIONEER,41.299999,"2015/09/16 23:15:14"
D,METER_DATA,GEN_DUID,1,"2015/09/16 23:20:00",PORTWF,1,"2015/09/16 23:15:14"
D,METER_DATA,GEN_DUID,1,"2015/09/16 23:20:00",REPULSE,4.516035,"2015/09/16 23:15:14"
D,METER_DATA,GEN_DUID,1,"2015/09/16 23:20:00",ROWALLAN,7.1781,"2015/09/16 23:15:14"
D,METER_DATA,GEN_DUID,1,"2015/09/16 23:20:00",RPCG,1.135059,"2015/09/16 23:15:14"
D,METER_DATA,GEN_DUID,1,"2015/09/16 23:20:00",RUBICON,0,"2015/09/16 23:15:14"
D,METER_DATA,GEN_DUID,1,"2015/09/16 23:20:00",STARHLWF,8.397552,"2015/09/16 23:15:14"
D,METER_DATA,GEN_DUID,1,"2015/09/16 23:20:00",WAUBRAWF,7.7310,"2015/09/16 23:15:14"
D,METER_DATA,GEN_DUID,1,"2015/09/16 23:20:00",WOOLNTH1,62.730019,"2015/09/16 23:15:14"
D,METER_DATA,GEN_DUID,1,"2015/09/16 23:20:00",WPWF,33,"2015/09/16 23:15:14"
D,METER_DATA,GEN_DUID,1,"2015/09/16 23:20:00",YAMBUKWF,-0.30,"2015/09/16 23:15:14"
D,METER_DATA,GEN_DUID,1,"2015/09/16 23:25:00",ANGAS1,0,"2015/09/16 23:20:13"
D,METER_DATA,GEN_DUID,1,"2015/09/16 23:25:00",ANGAS2,0,"2015/09/16 23:20:13"
D,METER_DATA,GEN_DUID,1,"2015/09/16 23:25:00",BUTLERSG,-0.000002,"2015/09/16 23:20:13"
D,METER_DATA,GEN_DUID,1,"2015/09/16 23:25:00",CALL_A_4,0,"2015/09/16 23:20:13"
D,METER_DATA,GEN_DUID,1,"2015/09/16 23:25:00",CAPTL_WF,0,"2015/09/16 23:20:13"
D,METER_DATA,GEN_DUID,1,"2015/09/16 23:25:00",CATHROCK,6.57,"2015/09/16 23:20:13"
D,METER_DATA,GEN_DUID,1,"2015/09/16 23:25:00",CHALLHWF,0,"2015/09/16 23:20:13"
D,METER_DATA,GEN_DUID,1,"2015/09/16 23:25:00",CLOVER,-0.01,"2015/09/16 23:20:13"
D,METER_DATA,GEN_DUID,1,"2015/09/16 23:25:00",CLUNY,3.958330,"2015/09/16 23:20:13"
D,METER_DATA,GEN_DUID,1,"2015/09/16 23:25:00",CNUNDAWF,3.604204,"2015/09/16 23:20:13"
D,METER_DATA,GEN_DUID,1,"2015/09/16 23:25:00",CULLRGWF,2.64,"2015/09/16 23:20:13"
D,METER_DATA,GEN_DUID,1,"2015/09/16 23:25:00",ERGT01,0,"2015/09/16 23:20:13"
D,METER_DATA,GEN_DUID,1,"2015/09/16 23:25:00",GB01,0.208096,"2015/09/16 23:20:13"
D,METER_DATA,GEN_DUID,1,"2015/09/16 23:25:00",GERMCRK,32,"2015/09/16 23:20:13"
D,METER_DATA,GEN_DUID,1,"2015/09/16 23:25:00",INVICTA,37.799999,"2015/09/16 23:20:13"
D,METER_DATA,GEN_DUID,1,"2015/09/16 23:25:00",LKBONNY1,-0.449338,"2015/09/16 23:20:13"
D,METER_DATA,GEN_DUID,1,"2015/09/16 23:25:00",MBAHNTH,50.268753,"2015/09/16 23:20:13"
D,METER_DATA,GEN_DUID,1,"2015/09/16 23:25:00",MLWF1,0.03,"2015/09/16 23:20:13"
D,METER_DATA,GEN_DUID,1,"2015/09/16 23:25:00",MTMILLAR,12.560934,"2015/09/16 23:20:13"
D,METER_DATA,GEN_DUID,1,"2015/09/16 23:25:00",PALOONA,11.91,"2015/09/16 23:20:13"
D,METER_DATA,GEN_DUID,1,"2015/09/16 23:25:00",PIONEER,41.400002,"2015/09/16 23:20:13"
D,METER_DATA,GEN_DUID,1,"2015/09/16 23:25:00",PORTWF,0.70,"2015/09/16 23:20:13"
D,METER_DATA,GEN_DUID,1,"2015/09/16 23:25:00",REPULSE,5.068630,"2015/09/16 23:20:13"
D,METER_DATA,GEN_DUID,1,"2015/09/16 23:25:00",ROWALLAN,7.5402,"2015/09/16 23:20:13"
D,METER_DATA,GEN_DUID,1,"2015/09/16 23:25:00",RPCG,5.367954,"2015/09/16 23:20:13"
D,METER_DATA,GEN_DUID,1,"2015/09/16 23:25:00",RUBICON,0,"2015/09/16 23:20:13"
D,METER_DATA,GEN_DUID,1,"2015/09/16 23:25:00",STARHLWF,8.097639,"2015/09/16 23:20:13"
D,METER_DATA,GEN_DUID,1,"2015/09/16 23:25:00",WAUBRAWF,7.4670,"2015/09/16 23:20:13"
D,METER_DATA,GEN_DUID,1,"2015/09/16 23:25:00",WOOLNTH1,55.600018,"2015/09/16 23:20:13"
D,METER_DATA,GEN_DUID,1,"2015/09/16 23:25:00",WPWF,33,"2015/09/16 23:20:13"
D,METER_DATA,GEN_DUID,1,"2015/09/16 23:25:00",YAMBUKWF,-0.20,"2015/09/16 23:20:13"
D,METER_DATA,GEN_DUID,1,"2015/09/16 23:30:00",ANGAS1,0,"2015/09/16 23:25:10"
D,METER_DATA,GEN_DUID,1,"2015/09/16 23:30:00",ANGAS2,0,"2015/09/16 23:25:10"
D,METER_DATA,GEN_DUID,1,"2015/09/16 23:30:00",BUTLERSG,-0.000002,"2015/09/16 23:25:10"
D,METER_DATA,GEN_DUID,1,"2015/09/16 23:30:00",CALL_A_4,0,"2015/09/16 23:25:10"
D,METER_DATA,GEN_DUID,1,"2015/09/16 23:30:00",CAPTL_WF,0,"2015/09/16 23:25:10"
D,METER_DATA,GEN_DUID,1,"2015/09/16 23:30:00",CATHROCK,5.69,"2015/09/16 23:25:10"
D,METER_DATA,GEN_DUID,1,"2015/09/16 23:30:00",CHALLHWF,0,"2015/09/16 23:25:10"
D,METER_DATA,GEN_DUID,1,"2015/09/16 23:30:00",CLOVER,-0.01,"2015/09/16 23:25:10"
D,METER_DATA,GEN_DUID,1,"2015/09/16 23:30:00",CLUNY,4.244130,"2015/09/16 23:25:10"
D,METER_DATA,GEN_DUID,1,"2015/09/16 23:30:00",CNUNDAWF,3.203737,"2015/09/16 23:25:10"
D,METER_DATA,GEN_DUID,1,"2015/09/16 23:30:00",CULLRGWF,3.10,"2015/09/16 23:25:10"
D,METER_DATA,GEN_DUID,1,"2015/09/16 23:30:00",ERGT01,0,"2015/09/16 23:25:10"
D,METER_DATA,GEN_DUID,1,"2015/09/16 23:30:00",GB01,0.208096,"2015/09/16 23:25:10"
D,METER_DATA,GEN_DUID,1,"2015/09/16 23:30:00",GERMCRK,31.799999,"2015/09/16 23:25:10"
D,METER_DATA,GEN_DUID,1,"2015/09/16 23:30:00",INVICTA,37.799999,"2015/09/16 23:25:10"
D,METER_DATA,GEN_DUID,1,"2015/09/16 23:30:00",LKBONNY1,-0.449338,"2015/09/16 23:25:10"
D,METER_DATA,GEN_DUID,1,"2015/09/16 23:30:00",MBAHNTH,50.268753,"2015/09/16 23:25:10"
D,METER_DATA,GEN_DUID,1,"2015/09/16 23:30:00",MLWF1,0.03,"2015/09/16 23:25:10"
D,METER_DATA,GEN_DUID,1,"2015/09/16 23:30:00",MTMILLAR,12.508844,"2015/09/16 23:25:10"
D,METER_DATA,GEN_DUID,1,"2015/09/16 23:30:00",PALOONA,11.91,"2015/09/16 23:25:10"
D,METER_DATA,GEN_DUID,1,"2015/09/16 23:30:00",PIONEER,41.50,"2015/09/16 23:25:10"
D,METER_DATA,GEN_DUID,1,"2015/09/16 23:30:00",PORTWF,1.30,"2015/09/16 23:25:10"
D,METER_DATA,GEN_DUID,1,"2015/09/16 23:30:00",REPULSE,5.602170,"2015/09/16 23:25:10"
D,METER_DATA,GEN_DUID,1,"2015/09/16 23:30:00",ROWALLAN,7.7816,"2015/09/16 23:25:10"
D,METER_DATA,GEN_DUID,1,"2015/09/16 23:30:00",RPCG,5.537989,"2015/09/16 23:25:10"
D,METER_DATA,GEN_DUID,1,"2015/09/16 23:30:00",RUBICON,0,"2015/09/16 23:25:10"
D,METER_DATA,GEN_DUID,1,"2015/09/16 23:30:00",STARHLWF,9.297289,"2015/09/16 23:25:10"
D,METER_DATA,GEN_DUID,1,"2015/09/16 23:30:00",WAUBRAWF,7.3760,"2015/09/16 23:25:10"
D,METER_DATA,GEN_DUID,1,"2015/09/16 23:30:00",WOOLNTH1,32.430016,"2015/09/16 23:25:10"
D,METER_DATA,GEN_DUID,1,"2015/09/16 23:30:00",WPWF,34,"2015/09/16 23:25:10"
D,METER_DATA,GEN_DUID,1,"2015/09/16 23:30:00",YAMBUKWF,-0.20,"2015/09/16 23:25:10"
D,METER_DATA,GEN_DUID,1,"2015/09/16 23:35:00",ANGAS1,0,"2015/09/16 23:30:12"
D,METER_DATA,GEN_DUID,1,"2015/09/16 23:35:00",ANGAS2,0,"2015/09/16 23:30:12"
D,METER_DATA,GEN_DUID,1,"2015/09/16 23:35:00",BUTLERSG,-0.000002,"2015/09/16 23:30:12"
D,METER_DATA,GEN_DUID,1,"2015/09/16 23:35:00",CALL_A_4,0,"2015/09/16 23:30:12"
D,METER_DATA,GEN_DUID,1,"2015/09/16 23:35:00",CAPTL_WF,0,"2015/09/16 23:30:12"
D,METER_DATA,GEN_DUID,1,"2015/09/16 23:35:00",CATHROCK,6.16,"2015/09/16 23:30:12"
D,METER_DATA,GEN_DUID,1,"2015/09/16 23:35:00",CHALLHWF,0,"2015/09/16 23:30:12"
D,METER_DATA,GEN_DUID,1,"2015/09/16 23:35:00",CLOVER,-0.02,"2015/09/16 23:30:12"
D,METER_DATA,GEN_DUID,1,"2015/09/16 23:35:00",CLUNY,4.015490,"2015/09/16 23:30:12"
D,METER_DATA,GEN_DUID,1,"2015/09/16 23:35:00",CNUNDAWF,3.103621,"2015/09/16 23:30:12"
D,METER_DATA,GEN_DUID,1,"2015/09/16 23:35:00",CULLRGWF,3.46,"2015/09/16 23:30:12"
D,METER_DATA,GEN_DUID,1,"2015/09/16 23:35:00",ERGT01,0,"2015/09/16 23:30:12"
D,METER_DATA,GEN_DUID,1,"2015/09/16 23:35:00",GB01,0.208096,"2015/09/16 23:30:12"
D,METER_DATA,GEN_DUID,1,"2015/09/16 23:35:00",GERMCRK,31.50,"2015/09/16 23:30:12"
D,METER_DATA,GEN_DUID,1,"2015/09/16 23:35:00",INVICTA,38.924999,"2015/09/16 23:30:12"
D,METER_DATA,GEN_DUID,1,"2015/09/16 23:35:00",LKBONNY1,-0.449338,"2015/09/16 23:30:12"
D,METER_DATA,GEN_DUID,1,"2015/09/16 23:35:00",MBAHNTH,50.268753,"2015/09/16 23:30:12"
D,METER_DATA,GEN_DUID,1,"2015/09/16 23:35:00",MLWF1,0.03,"2015/09/16 23:30:12"
D,METER_DATA,GEN_DUID,1,"2015/09/16 23:35:00",MTMILLAR,12.799056,"2015/09/16 23:30:12"
D,METER_DATA,GEN_DUID,1,"2015/09/16 23:35:00",PALOONA,12.03,"2015/09/16 23:30:12"
D,METER_DATA,GEN_DUID,1,"2015/09/16 23:35:00",PIONEER,42.600002,"2015/09/16 23:30:12"
D,METER_DATA,GEN_DUID,1,"2015/09/16 23:35:00",PORTWF,1,"2015/09/16 23:30:12"
D,METER_DATA,GEN_DUID,1,"2015/09/16 23:35:00",REPULSE,4.763750,"2015/09/16 23:30:12"
D,METER_DATA,GEN_DUID,1,"2015/09/16 23:35:00",ROWALLAN,7.5189,"2015/09/16 23:30:12"
D,METER_DATA,GEN_DUID,1,"2015/09/16 23:35:00",RPCG,5.511329,"2015/09/16 23:30:12"
D,METER_DATA,GEN_DUID,1,"2015/09/16 23:35:00",RUBICON,0,"2015/09/16 23:30:12"
D,METER_DATA,GEN_DUID,1,"2015/09/16 23:35:00",STARHLWF,6.997959,"2015/09/16 23:30:12"
D,METER_DATA,GEN_DUID,1,"2015/09/16 23:35:00",WAUBRAWF,6.6750,"2015/09/16 23:30:12"
D,METER_DATA,GEN_DUID,1,"2015/09/16 23:35:00",WOOLNTH1,28.980017,"2015/09/16 23:30:12"
D,METER_DATA,GEN_DUID,1,"2015/09/16 23:35:00",WPWF,32,"2015/09/16 23:30:12"
D,METER_DATA,GEN_DUID,1,"2015/09/16 23:35:00",YAMBUKWF,-0.20,"2015/09/16 23:30:12"
D,METER_DATA,GEN_DUID,1,"2015/09/16 23:40:00",ANGAS1,0,"2015/09/16 23:35:12"
D,METER_DATA,GEN_DUID,1,"2015/09/16 23:40:00",ANGAS2,0,"2015/09/16 23:35:12"
D,METER_DATA,GEN_DUID,1,"2015/09/16 23:40:00",BUTLERSG,-0.000002,"2015/09/16 23:35:12"
D,METER_DATA,GEN_DUID,1,"2015/09/16 23:40:00",CALL_A_4,0,"2015/09/16 23:35:12"
D,METER_DATA,GEN_DUID,1,"2015/09/16 23:40:00",CAPTL_WF,0,"2015/09/16 23:35:12"
D,METER_DATA,GEN_DUID,1,"2015/09/16 23:40:00",CATHROCK,6.23,"2015/09/16 23:35:12"
D,METER_DATA,GEN_DUID,1,"2015/09/16 23:40:00",CHALLHWF,0,"2015/09/16 23:35:12"
D,METER_DATA,GEN_DUID,1,"2015/09/16 23:40:00",CLOVER,0,"2015/09/16 23:35:12"
D,METER_DATA,GEN_DUID,1,"2015/09/16 23:40:00",CLUNY,3.515340,"2015/09/16 23:35:12"
D,METER_DATA,GEN_DUID,1,"2015/09/16 23:40:00",CNUNDAWF,3.504088,"2015/09/16 23:35:12"
D,METER_DATA,GEN_DUID,1,"2015/09/16 23:40:00",CULLRGWF,4.74,"2015/09/16 23:35:12"
D,METER_DATA,GEN_DUID,1,"2015/09/16 23:40:00",ERGT01,0,"2015/09/16 23:35:12"
D,METER_DATA,GEN_DUID,1,"2015/09/16 23:40:00",GB01,0.208096,"2015/09/16 23:35:12"
D,METER_DATA,GEN_DUID,1,"2015/09/16 23:40:00",GERMCRK,31.90,"2015/09/16 23:35:12"
D,METER_DATA,GEN_DUID,1,"2015/09/16 23:40:00",INVICTA,37.900002,"2015/09/16 23:35:12"
D,METER_DATA,GEN_DUID,1,"2015/09/16 23:40:00",LKBONNY1,-0.449338,"2015/09/16 23:35:12"
D,METER_DATA,GEN_DUID,1,"2015/09/16 23:40:00",MBAHNTH,50.268753,"2015/09/16 23:35:12"
D,METER_DATA,GEN_DUID,1,"2015/09/16 23:40:00",MLWF1,0.03,"2015/09/16 23:35:12"
D,METER_DATA,GEN_DUID,1,"2015/09/16 23:40:00",MTMILLAR,12.925558,"2015/09/16 23:35:12"
D,METER_DATA,GEN_DUID,1,"2015/09/16 23:40:00",PALOONA,11.969999,"2015/09/16 23:35:12"
D,METER_DATA,GEN_DUID,1,"2015/09/16 23:40:00",PIONEER,41.200001,"2015/09/16 23:35:12"
D,METER_DATA,GEN_DUID,1,"2015/09/16 23:40:00",PORTWF,1.90,"2015/09/16 23:35:12"
D,METER_DATA,GEN_DUID,1,"2015/09/16 23:40:00",REPULSE,4.668475,"2015/09/16 23:35:12"
D,METER_DATA,GEN_DUID,1,"2015/09/16 23:40:00",ROWALLAN,7.0503,"2015/09/16 23:35:12"
D,METER_DATA,GEN_DUID,1,"2015/09/16 23:40:00",RPCG,1.328398,"2015/09/16 23:35:12"
D,METER_DATA,GEN_DUID,1,"2015/09/16 23:40:00",RUBICON,0,"2015/09/16 23:35:12"
D,METER_DATA,GEN_DUID,1,"2015/09/16 23:40:00",STARHLWF,4.798601,"2015/09/16 23:35:12"
D,METER_DATA,GEN_DUID,1,"2015/09/16 23:40:00",WAUBRAWF,5.8360,"2015/09/16 23:35:12"
D,METER_DATA,GEN_DUID,1,"2015/09/16 23:40:00",WOOLNTH1,29.250015,"2015/09/16 23:35:12"
D,METER_DATA,GEN_DUID,1,"2015/09/16 23:40:00",WPWF,34,"2015/09/16 23:35:12"
D,METER_DATA,GEN_DUID,1,"2015/09/16 23:40:00",YAMBUKWF,-0.20,"2015/09/16 23:35:12"
D,METER_DATA,GEN_DUID,1,"2015/09/16 23:45:00",ANGAS1,0,"2015/09/16 23:40:12"
D,METER_DATA,GEN_DUID,1,"2015/09/16 23:45:00",ANGAS2,0,"2015/09/16 23:40:12"
D,METER_DATA,GEN_DUID,1,"2015/09/16 23:45:00",BUTLERSG,-0.000002,"2015/09/16 23:40:12"
D,METER_DATA,GEN_DUID,1,"2015/09/16 23:45:00",CALL_A_4,0,"2015/09/16 23:40:12"
D,METER_DATA,GEN_DUID,1,"2015/09/16 23:45:00",CAPTL_WF,0,"2015/09/16 23:40:12"
D,METER_DATA,GEN_DUID,1,"2015/09/16 23:45:00",CATHROCK,5.75,"2015/09/16 23:40:12"
D,METER_DATA,GEN_DUID,1,"2015/09/16 23:45:00",CHALLHWF,0,"2015/09/16 23:40:12"
D,METER_DATA,GEN_DUID,1,"2015/09/16 23:45:00",CLOVER,-0.01,"2015/09/16 23:40:12"
D,METER_DATA,GEN_DUID,1,"2015/09/16 23:45:00",CLUNY,3.629660,"2015/09/16 23:40:12"
D,METER_DATA,GEN_DUID,1,"2015/09/16 23:45:00",CNUNDAWF,3.704321,"2015/09/16 23:40:12"
D,METER_DATA,GEN_DUID,1,"2015/09/16 23:45:00",CULLRGWF,5.88,"2015/09/16 23:40:12"
D,METER_DATA,GEN_DUID,1,"2015/09/16 23:45:00",ERGT01,0,"2015/09/16 23:40:12"
D,METER_DATA,GEN_DUID,1,"2015/09/16 23:45:00",GB01,0.208096,"2015/09/16 23:40:12"
D,METER_DATA,GEN_DUID,1,"2015/09/16 23:45:00",GERMCRK,31.799999,"2015/09/16 23:40:12"
D,METER_DATA,GEN_DUID,1,"2015/09/16 23:45:00",INVICTA,37.900002,"2015/09/16 23:40:12"
D,METER_DATA,GEN_DUID,1,"2015/09/16 23:45:00",LKBONNY1,-0.449338,"2015/09/16 23:40:12"
D,METER_DATA,GEN_DUID,1,"2015/09/16 23:45:00",MBAHNTH,50.268753,"2015/09/16 23:40:12"
D,METER_DATA,GEN_DUID,1,"2015/09/16 23:45:00",MLWF1,0.03,"2015/09/16 23:40:12"
D,METER_DATA,GEN_DUID,1,"2015/09/16 23:45:00",MTMILLAR,11.928422,"2015/09/16 23:40:12"
D,METER_DATA,GEN_DUID,1,"2015/09/16 23:45:00",PALOONA,11.969999,"2015/09/16 23:40:12"
D,METER_DATA,GEN_DUID,1,"2015/09/16 23:45:00",PIONEER,41.799999,"2015/09/16 23:40:12"
D,METER_DATA,GEN_DUID,1,"2015/09/16 23:45:00",PORTWF,2.60,"2015/09/16 23:40:12"
D,METER_DATA,GEN_DUID,1,"2015/09/16 23:45:00",REPULSE,4.516035,"2015/09/16 23:40:12"
D,METER_DATA,GEN_DUID,1,"2015/09/16 23:45:00",ROWALLAN,7.1994,"2015/09/16 23:40:12"
D,METER_DATA,GEN_DUID,1,"2015/09/16 23:45:00",RPCG,5.536975,"2015/09/16 23:40:12"
D,METER_DATA,GEN_DUID,1,"2015/09/16 23:45:00",RUBICON,0,"2015/09/16 23:40:12"
D,METER_DATA,GEN_DUID,1,"2015/09/16 23:45:00",STARHLWF,4.098805,"2015/09/16 23:40:12"
D,METER_DATA,GEN_DUID,1,"2015/09/16 23:45:00",WAUBRAWF,4.4560,"2015/09/16 23:40:12"
D,METER_DATA,GEN_DUID,1,"2015/09/16 23:45:00",WOOLNTH1,31.320015,"2015/09/16 23:40:12"
D,METER_DATA,GEN_DUID,1,"2015/09/16 23:45:00",WPWF,34,"2015/09/16 23:40:12"
D,METER_DATA,GEN_DUID,1,"2015/09/16 23:45:00",YAMBUKWF,-0.20,"2015/09/16 23:40:12"
D,METER_DATA,GEN_DUID,1,"2015/09/16 23:50:00",ANGAS1,0,"2015/09/16 23:45:11"
D,METER_DATA,GEN_DUID,1,"2015/09/16 23:50:00",ANGAS2,0,"2015/09/16 23:45:11"
D,METER_DATA,GEN_DUID,1,"2015/09/16 23:50:00",BUTLERSG,-0.000002,"2015/09/16 23:45:11"
D,METER_DATA,GEN_DUID,1,"2015/09/16 23:50:00",CALL_A_4,0,"2015/09/16 23:45:11"
D,METER_DATA,GEN_DUID,1,"2015/09/16 23:50:00",CAPTL_WF,0,"2015/09/16 23:45:11"
D,METER_DATA,GEN_DUID,1,"2015/09/16 23:50:00",CATHROCK,6.99,"2015/09/16 23:45:11"
D,METER_DATA,GEN_DUID,1,"2015/09/16 23:50:00",CHALLHWF,0,"2015/09/16 23:45:11"
D,METER_DATA,GEN_DUID,1,"2015/09/16 23:50:00",CLOVER,-0.02,"2015/09/16 23:45:11"
D,METER_DATA,GEN_DUID,1,"2015/09/16 23:50:00",CLUNY,3.701110,"2015/09/16 23:45:11"
D,METER_DATA,GEN_DUID,1,"2015/09/16 23:50:00",CNUNDAWF,3.704321,"2015/09/16 23:45:11"
D,METER_DATA,GEN_DUID,1,"2015/09/16 23:50:00",CULLRGWF,5.71,"2015/09/16 23:45:11"
D,METER_DATA,GEN_DUID,1,"2015/09/16 23:50:00",ERGT01,0,"2015/09/16 23:45:11"
D,METER_DATA,GEN_DUID,1,"2015/09/16 23:50:00",GB01,0.208096,"2015/09/16 23:45:11"
D,METER_DATA,GEN_DUID,1,"2015/09/16 23:50:00",GERMCRK,31.700001,"2015/09/16 23:45:11"
D,METER_DATA,GEN_DUID,1,"2015/09/16 23:50:00",INVICTA,37.900002,"2015/09/16 23:45:11"
D,METER_DATA,GEN_DUID,1,"2015/09/16 23:50:00",LKBONNY1,-0.449338,"2015/09/16 23:45:11"
D,METER_DATA,GEN_DUID,1,"2015/09/16 23:50:00",MBAHNTH,50.268753,"2015/09/16 23:45:11"
D,METER_DATA,GEN_DUID,1,"2015/09/16 23:50:00",MLWF1,0.03,"2015/09/16 23:45:11"
D,METER_DATA,GEN_DUID,1,"2015/09/16 23:50:00",MTMILLAR,11.660535,"2015/09/16 23:45:11"
D,METER_DATA,GEN_DUID,1,"2015/09/16 23:50:00",PALOONA,11.94,"2015/09/16 23:45:11"
D,METER_DATA,GEN_DUID,1,"2015/09/16 23:50:00",PIONEER,43.299999,"2015/09/16 23:45:11"
D,METER_DATA,GEN_DUID,1,"2015/09/16 23:50:00",PORTWF,2.40,"2015/09/16 23:45:11"
D,METER_DATA,GEN_DUID,1,"2015/09/16 23:50:00",REPULSE,4.782805,"2015/09/16 23:45:11"
D,METER_DATA,GEN_DUID,1,"2015/09/16 23:50:00",ROWALLAN,7.3769,"2015/09/16 23:45:11"
D,METER_DATA,GEN_DUID,1,"2015/09/16 23:50:00",RPCG,5.513645,"2015/09/16 23:45:11"
D,METER_DATA,GEN_DUID,1,"2015/09/16 23:50:00",RUBICON,0,"2015/09/16 23:45:11"
D,METER_DATA,GEN_DUID,1,"2015/09/16 23:50:00",STARHLWF,4.298747,"2015/09/16 23:45:11"
D,METER_DATA,GEN_DUID,1,"2015/09/16 23:50:00",WAUBRAWF,4.0430,"2015/09/16 23:45:11"
D,METER_DATA,GEN_DUID,1,"2015/09/16 23:50:00",WOOLNTH1,35.200016,"2015/09/16 23:45:11"
D,METER_DATA,GEN_DUID,1,"2015/09/16 23:50:00",WPWF,30,"2015/09/16 23:45:11"
D,METER_DATA,GEN_DUID,1,"2015/09/16 23:50:00",YAMBUKWF,-0.20,"2015/09/16 23:45:11"
D,METER_DATA,GEN_DUID,1,"2015/09/16 23:55:00",ANGAS1,0,"2015/09/16 23:50:12"
D,METER_DATA,GEN_DUID,1,"2015/09/16 23:55:00",ANGAS2,0,"2015/09/16 23:50:12"
D,METER_DATA,GEN_DUID,1,"2015/09/16 23:55:00",BUTLERSG,-0.000002,"2015/09/16 23:50:12"
D,METER_DATA,GEN_DUID,1,"2015/09/16 23:55:00",CALL_A_4,0,"2015/09/16 23:50:12"
D,METER_DATA,GEN_DUID,1,"2015/09/16 23:55:00",CAPTL_WF,0,"2015/09/16 23:50:12"
D,METER_DATA,GEN_DUID,1,"2015/09/16 23:55:00",CATHROCK,6.40,"2015/09/16 23:50:12"
D,METER_DATA,GEN_DUID,1,"2015/09/16 23:55:00",CHALLHWF,0.10,"2015/09/16 23:50:12"
D,METER_DATA,GEN_DUID,1,"2015/09/16 23:55:00",CLOVER,-0.01,"2015/09/16 23:50:12"
D,METER_DATA,GEN_DUID,1,"2015/09/16 23:55:00",CLUNY,3.629660,"2015/09/16 23:50:12"
D,METER_DATA,GEN_DUID,1,"2015/09/16 23:55:00",CNUNDAWF,3.704321,"2015/09/16 23:50:12"
D,METER_DATA,GEN_DUID,1,"2015/09/16 23:55:00",CULLRGWF,5.51,"2015/09/16 23:50:12"
D,METER_DATA,GEN_DUID,1,"2015/09/16 23:55:00",ERGT01,0,"2015/09/16 23:50:12"
D,METER_DATA,GEN_DUID,1,"2015/09/16 23:55:00",GB01,0.208096,"2015/09/16 23:50:12"
D,METER_DATA,GEN_DUID,1,"2015/09/16 23:55:00",GERMCRK,31.90,"2015/09/16 23:50:12"
D,METER_DATA,GEN_DUID,1,"2015/09/16 23:55:00",INVICTA,37.900002,"2015/09/16 23:50:12"
D,METER_DATA,GEN_DUID,1,"2015/09/16 23:55:00",LKBONNY1,-0.449338,"2015/09/16 23:50:12"
D,METER_DATA,GEN_DUID,1,"2015/09/16 23:55:00",MBAHNTH,50.268753,"2015/09/16 23:50:12"
D,METER_DATA,GEN_DUID,1,"2015/09/16 23:55:00",MLWF1,0.03,"2015/09/16 23:50:12"
D,METER_DATA,GEN_DUID,1,"2015/09/16 23:55:00",MTMILLAR,11.206615,"2015/09/16 23:50:12"
D,METER_DATA,GEN_DUID,1,"2015/09/16 23:55:00",PALOONA,11.94,"2015/09/16 23:50:12"
D,METER_DATA,GEN_DUID,1,"2015/09/16 23:55:00",PIONEER,43.700001,"2015/09/16 23:50:12"
D,METER_DATA,GEN_DUID,1,"2015/09/16 23:55:00",PORTWF,2.50,"2015/09/16 23:50:12"
D,METER_DATA,GEN_DUID,1,"2015/09/16 23:55:00",REPULSE,4.763750,"2015/09/16 23:50:12"
D,METER_DATA,GEN_DUID,1,"2015/09/16 23:55:00",ROWALLAN,7.4763,"2015/09/16 23:50:12"
D,METER_DATA,GEN_DUID,1,"2015/09/16 23:55:00",RPCG,1.261122,"2015/09/16 23:50:12"
D,METER_DATA,GEN_DUID,1,"2015/09/16 23:55:00",RUBICON,0,"2015/09/16 23:50:12"
D,METER_DATA,GEN_DUID,1,"2015/09/16 23:55:00",STARHLWF,4.198776,"2015/09/16 23:50:12"
D,METER_DATA,GEN_DUID,1,"2015/09/16 23:55:00",WAUBRAWF,4.5470,"2015/09/16 23:50:12"
D,METER_DATA,GEN_DUID,1,"2015/09/16 23:55:00",WOOLNTH1,37.540016,"2015/09/16 23:50:12"
D,METER_DATA,GEN_DUID,1,"2015/09/16 23:55:00",WPWF,22,"2015/09/16 23:50:12"
D,METER_DATA,GEN_DUID,1,"2015/09/16 23:55:00",YAMBUKWF,-0.20,"2015/09/16 23:50:12"
D,METER_DATA,GEN_DUID,1,"2015/09/17 00:00:00",ANGAS1,0,"2015/09/16 23:55:10"
D,METER_DATA,GEN_DUID,1,"2015/09/17 00:00:00",ANGAS2,0,"2015/09/16 23:55:10"
D,METER_DATA,GEN_DUID,1,"2015/09/17 00:00:00",BUTLERSG,-0.000002,"2015/09/16 23:55:10"
D,METER_DATA,GEN_DUID,1,"2015/09/17 00:00:00",CALL_A_4,0,"2015/09/16 23:55:10"
D,METER_DATA,GEN_DUID,1,"2015/09/17 00:00:00",CAPTL_WF,0,"2015/09/16 23:55:10"
D,METER_DATA,GEN_DUID,1,"2015/09/17 00:00:00",CATHROCK,6.49,"2015/09/16 23:55:10"
D,METER_DATA,GEN_DUID,1,"2015/09/17 00:00:00",CHALLHWF,0,"2015/09/16 23:55:10"
D,METER_DATA,GEN_DUID,1,"2015/09/17 00:00:00",CLOVER,-0.01,"2015/09/16 23:55:10"
D,METER_DATA,GEN_DUID,1,"2015/09/17 00:00:00",CLUNY,3.772560,"2015/09/16 23:55:10"
D,METER_DATA,GEN_DUID,1,"2015/09/17 00:00:00",CNUNDAWF,3.203737,"2015/09/16 23:55:10"
D,METER_DATA,GEN_DUID,1,"2015/09/17 00:00:00",CULLRGWF,5.93,"2015/09/16 23:55:10"
D,METER_DATA,GEN_DUID,1,"2015/09/17 00:00:00",ERGT01,0,"2015/09/16 23:55:10"
D,METER_DATA,GEN_DUID,1,"2015/09/17 00:00:00",GB01,0.208096,"2015/09/16 23:55:10"
D,METER_DATA,GEN_DUID,1,"2015/09/17 00:00:00",GERMCRK,31.90,"2015/09/16 23:55:10"
D,METER_DATA,GEN_DUID,1,"2015/09/17 00:00:00",INVICTA,37.900002,"2015/09/16 23:55:10"
D,METER_DATA,GEN_DUID,1,"2015/09/17 00:00:00",LKBONNY1,-0.449338,"2015/09/16 23:55:10"
D,METER_DATA,GEN_DUID,1,"2015/09/17 00:00:00",MBAHNTH,50.268753,"2015/09/16 23:55:10"
D,METER_DATA,GEN_DUID,1,"2015/09/17 00:00:00",MLWF1,0.03,"2015/09/16 23:55:10"
D,METER_DATA,GEN_DUID,1,"2015/09/17 00:00:00",MTMILLAR,11.236381,"2015/09/16 23:55:10"
D,METER_DATA,GEN_DUID,1,"2015/09/17 00:00:00",PALOONA,11.94,"2015/09/16 23:55:10"
D,METER_DATA,GEN_DUID,1,"2015/09/17 00:00:00",PIONEER,41.50,"2015/09/16 23:55:10"
D,METER_DATA,GEN_DUID,1,"2015/09/17 00:00:00",PORTWF,2.80,"2015/09/16 23:55:10"
D,METER_DATA,GEN_DUID,1,"2015/09/17 00:00:00",REPULSE,4.973355,"2015/09/16 23:55:10"
D,METER_DATA,GEN_DUID,1,"2015/09/17 00:00:00",ROWALLAN,7.6467,"2015/09/16 23:55:10"
D,METER_DATA,GEN_DUID,1,"2015/09/17 00:00:00",RPCG,1.340860,"2015/09/16 23:55:10"
D,METER_DATA,GEN_DUID,1,"2015/09/17 00:00:00",RUBICON,0,"2015/09/16 23:55:10"
D,METER_DATA,GEN_DUID,1,"2015/09/17 00:00:00",STARHLWF,3.498980,"2015/09/16 23:55:10"
D,METER_DATA,GEN_DUID,1,"2015/09/17 00:00:00",WAUBRAWF,4.5360,"2015/09/16 23:55:10"
D,METER_DATA,GEN_DUID,1,"2015/09/17 00:00:00",WOOLNTH1,33.230015,"2015/09/16 23:55:10"
D,METER_DATA,GEN_DUID,1,"2015/09/17 00:00:00",WPWF,20,"2015/09/16 23:55:10"
D,METER_DATA,GEN_DUID,1,"2015/09/17 00:00:00",YAMBUKWF,-0.10,"2015/09/16 23:55:10"
D,METER_DATA,GEN_DUID,1,"2015/09/17 00:05:00",ANGAS1,0,"2015/09/17 00:00:08"
D,METER_DATA,GEN_DUID,1,"2015/09/17 00:05:00",ANGAS2,0,"2015/09/17 00:00:08"
D,METER_DATA,GEN_DUID,1,"2015/09/17 00:05:00",BUTLERSG,-0.000002,"2015/09/17 00:00:08"
D,METER_DATA,GEN_DUID,1,"2015/09/17 00:05:00",CALL_A_4,0,"2015/09/17 00:00:08"
D,METER_DATA,GEN_DUID,1,"2015/09/17 00:05:00",CAPTL_WF,0,"2015/09/17 00:00:08"
D,METER_DATA,GEN_DUID,1,"2015/09/17 00:05:00",CATHROCK,6.329999,"2015/09/17 00:00:08"
D,METER_DATA,GEN_DUID,1,"2015/09/17 00:05:00",CHALLHWF,0,"2015/09/17 00:00:08"
D,METER_DATA,GEN_DUID,1,"2015/09/17 00:05:00",CLOVER,-0.01,"2015/09/17 00:00:08"
D,METER_DATA,GEN_DUID,1,"2015/09/17 00:05:00",CLUNY,3.743980,"2015/09/17 00:00:08"
D,METER_DATA,GEN_DUID,1,"2015/09/17 00:05:00",CNUNDAWF,3.604205,"2015/09/17 00:00:08"
D,METER_DATA,GEN_DUID,1,"2015/09/17 00:05:00",CULLRGWF,4.93,"2015/09/17 00:00:08"
D,METER_DATA,GEN_DUID,1,"2015/09/17 00:05:00",ERGT01,0,"2015/09/17 00:00:08"
D,METER_DATA,GEN_DUID,1,"2015/09/17 00:05:00",GB01,0.208096,"2015/09/17 00:00:08"
D,METER_DATA,GEN_DUID,1,"2015/09/17 00:05:00",GERMCRK,32.099998,"2015/09/17 00:00:08"
D,METER_DATA,GEN_DUID,1,"2015/09/17 00:05:00",INVICTA,37.900002,"2015/09/17 00:00:08"
D,METER_DATA,GEN_DUID,1,"2015/09/17 00:05:00",LKBONNY1,-0.449338,"2015/09/17 00:00:08"
D,METER_DATA,GEN_DUID,1,"2015/09/17 00:05:00",MBAHNTH,50.268753,"2015/09/17 00:00:08"
D,METER_DATA,GEN_DUID,1,"2015/09/17 00:05:00",MLWF1,0.03,"2015/09/17 00:00:08"
D,METER_DATA,GEN_DUID,1,"2015/09/17 00:05:00",MTMILLAR,9.145371,"2015/09/17 00:00:08"
D,METER_DATA,GEN_DUID,1,"2015/09/17 00:05:00",PALOONA,11.94,"2015/09/17 00:00:08"
D,METER_DATA,GEN_DUID,1,"2015/09/17 00:05:00",PIONEER,40,"2015/09/17 00:00:08"
D,METER_DATA,GEN_DUID,1,"2015/09/17 00:05:00",PORTWF,4.30,"2015/09/17 00:00:08"
D,METER_DATA,GEN_DUID,1,"2015/09/17 00:05:00",REPULSE,4.496980,"2015/09/17 00:00:08"
D,METER_DATA,GEN_DUID,1,"2015/09/17 00:05:00",ROWALLAN,7.5047,"2015/09/17 00:00:08"
D,METER_DATA,GEN_DUID,1,"2015/09/17 00:05:00",RPCG,5.506880,"2015/09/17 00:00:08"
D,METER_DATA,GEN_DUID,1,"2015/09/17 00:05:00",RUBICON,0,"2015/09/17 00:00:08"
D,METER_DATA,GEN_DUID,1,"2015/09/17 00:05:00",STARHLWF,3.498980,"2015/09/17 00:00:08"
D,METER_DATA,GEN_DUID,1,"2015/09/17 00:05:00",WAUBRAWF,3.7460,"2015/09/17 00:00:08"
D,METER_DATA,GEN_DUID,1,"2015/09/17 00:05:00",WOOLNTH1,32.000015,"2015/09/17 00:00:08"
D,METER_DATA,GEN_DUID,1,"2015/09/17 00:05:00",WPWF,19,"2015/09/17 00:00:08"
D,METER_DATA,GEN_DUID,1,"2015/09/17 00:05:00",YAMBUKWF,0,"2015/09/17 00:00:08"
D,METER_DATA,GEN_DUID,1,"2015/09/17 00:10:00",ANGAS1,0,"2015/09/17 00:05:09"
D,METER_DATA,GEN_DUID,1,"2015/09/17 00:10:00",ANGAS2,0,"2015/09/17 00:05:09"
D,METER_DATA,GEN_DUID,1,"2015/09/17 00:10:00",BUTLERSG,-0.000002,"2015/09/17 00:05:09"
D,METER_DATA,GEN_DUID,1,"2015/09/17 00:10:00",CALL_A_4,0,"2015/09/17 00:05:09"
D,METER_DATA,GEN_DUID,1,"2015/09/17 00:10:00",CAPTL_WF,0,"2015/09/17 00:05:09"
D,METER_DATA,GEN_DUID,1,"2015/09/17 00:10:00",CATHROCK,6.43,"2015/09/17 00:05:09"
D,METER_DATA,GEN_DUID,1,"2015/09/17 00:10:00",CHALLHWF,0,"2015/09/17 00:05:09"
D,METER_DATA,GEN_DUID,1,"2015/09/17 00:10:00",CLOVER,-0.01,"2015/09/17 00:05:09"
D,METER_DATA,GEN_DUID,1,"2015/09/17 00:10:00",CLUNY,3.758270,"2015/09/17 00:05:09"
D,METER_DATA,GEN_DUID,1,"2015/09/17 00:10:00",CNUNDAWF,4.004672,"2015/09/17 00:05:09"
D,METER_DATA,GEN_DUID,1,"2015/09/17 00:10:00",CULLRGWF,4.09,"2015/09/17 00:05:09"
D,METER_DATA,GEN_DUID,1,"2015/09/17 00:10:00",ERGT01,0,"2015/09/17 00:05:09"
D,METER_DATA,GEN_DUID,1,"2015/09/17 00:10:00",GB01,0.208096,"2015/09/17 00:05:09"
D,METER_DATA,GEN_DUID,1,"2015/09/17 00:10:00",GERMCRK,32.099998,"2015/09/17 00:05:09"
D,METER_DATA,GEN_DUID,1,"2015/09/17 00:10:00",INVICTA,37.900002,"2015/09/17 00:05:09"
D,METER_DATA,GEN_DUID,1,"2015/09/17 00:10:00",LKBONNY1,-0.449338,"2015/09/17 00:05:09"
D,METER_DATA,GEN_DUID,1,"2015/09/17 00:10:00",MBAHNTH,50.268753,"2015/09/17 00:05:09"
D,METER_DATA,GEN_DUID,1,"2015/09/17 00:10:00",MLWF1,0.03,"2015/09/17 00:05:09"
D,METER_DATA,GEN_DUID,1,"2015/09/17 00:10:00",MTMILLAR,7.835701,"2015/09/17 00:05:09"
D,METER_DATA,GEN_DUID,1,"2015/09/17 00:10:00",PALOONA,11.94,"2015/09/17 00:05:09"
D,METER_DATA,GEN_DUID,1,"2015/09/17 00:10:00",PIONEER,40.700001,"2015/09/17 00:05:09"
D,METER_DATA,GEN_DUID,1,"2015/09/17 00:10:00",PORTWF,5.20,"2015/09/17 00:05:09"
D,METER_DATA,GEN_DUID,1,"2015/09/17 00:10:00",REPULSE,4.992410,"2015/09/17 00:05:09"
D,METER_DATA,GEN_DUID,1,"2015/09/17 00:10:00",ROWALLAN,7.6396,"2015/09/17 00:05:09"
D,METER_DATA,GEN_DUID,1,"2015/09/17 00:10:00",RPCG,1.340755,"2015/09/17 00:05:09"
D,METER_DATA,GEN_DUID,1,"2015/09/17 00:10:00",RUBICON,0,"2015/09/17 00:05:09"
D,METER_DATA,GEN_DUID,1,"2015/09/17 00:10:00",STARHLWF,3.798892,"2015/09/17 00:05:09"
D,METER_DATA,GEN_DUID,1,"2015/09/17 00:10:00",WAUBRAWF,2.8440,"2015/09/17 00:05:09"
D,METER_DATA,GEN_DUID,1,"2015/09/17 00:10:00",WOOLNTH1,44.330013,"2015/09/17 00:05:09"
D,METER_DATA,GEN_DUID,1,"2015/09/17 00:10:00",WPWF,19,"2015/09/17 00:05:09"
D,METER_DATA,GEN_DUID,1,"2015/09/17 00:10:00",YAMBUKWF,0,"2015/09/17 00:05:09"
D,METER_DATA,GEN_DUID,1,"2015/09/17 00:15:00",ANGAS1,0,"2015/09/17 00:10:08"
D,METER_DATA,GEN_DUID,1,"2015/09/17 00:15:00",ANGAS2,0,"2015/09/17 00:10:08"
D,METER_DATA,GEN_DUID,1,"2015/09/17 00:15:00",BUTLERSG,-0.000002,"2015/09/17 00:10:08"
D,METER_DATA,GEN_DUID,1,"2015/09/17 00:15:00",CALL_A_4,0,"2015/09/17 00:10:08"
D,METER_DATA,GEN_DUID,1,"2015/09/17 00:15:00",CAPTL_WF,0,"2015/09/17 00:10:08"
D,METER_DATA,GEN_DUID,1,"2015/09/17 00:15:00",CATHROCK,3.67,"2015/09/17 00:10:08"
D,METER_DATA,GEN_DUID,1,"2015/09/17 00:15:00",CHALLHWF,0,"2015/09/17 00:10:08"
D,METER_DATA,GEN_DUID,1,"2015/09/17 00:15:00",CLOVER,-0.01,"2015/09/17 00:10:08"
D,METER_DATA,GEN_DUID,1,"2015/09/17 00:15:00",CLUNY,3.786850,"2015/09/17 00:10:08"
D,METER_DATA,GEN_DUID,1,"2015/09/17 00:15:00",CNUNDAWF,3.904555,"2015/09/17 00:10:08"
D,METER_DATA,GEN_DUID,1,"2015/09/17 00:15:00",CULLRGWF,3.81,"2015/09/17 00:10:08"
D,METER_DATA,GEN_DUID,1,"2015/09/17 00:15:00",ERGT01,0,"2015/09/17 00:10:08"
D,METER_DATA,GEN_DUID,1,"2015/09/17 00:15:00",GB01,0.208096,"2015/09/17 00:10:08"
D,METER_DATA,GEN_DUID,1,"2015/09/17 00:15:00",GERMCRK,31.799999,"2015/09/17 00:10:08"
D,METER_DATA,GEN_DUID,1,"2015/09/17 00:15:00",INVICTA,37.900002,"2015/09/17 00:10:08"
D,METER_DATA,GEN_DUID,1,"2015/09/17 00:15:00",LKBONNY1,-0.449338,"2015/09/17 00:10:08"
D,METER_DATA,GEN_DUID,1,"2015/09/17 00:15:00",MBAHNTH,50.268753,"2015/09/17 00:10:08"
D,METER_DATA,GEN_DUID,1,"2015/09/17 00:15:00",MLWF1,0.03,"2015/09/17 00:10:08"
D,METER_DATA,GEN_DUID,1,"2015/09/17 00:15:00",MTMILLAR,8.758424,"2015/09/17 00:10:08"
D,METER_DATA,GEN_DUID,1,"2015/09/17 00:15:00",PALOONA,11.94,"2015/09/17 00:10:08"
D,METER_DATA,GEN_DUID,1,"2015/09/17 00:15:00",PIONEER,39.700001,"2015/09/17 00:10:08"
D,METER_DATA,GEN_DUID,1,"2015/09/17 00:15:00",PORTWF,5.40,"2015/09/17 00:10:08"
D,METER_DATA,GEN_DUID,1,"2015/09/17 00:15:00",REPULSE,4.839970,"2015/09/17 00:10:08"
D,METER_DATA,GEN_DUID,1,"2015/09/17 00:15:00",ROWALLAN,7.5473,"2015/09/17 00:10:08"
D,METER_DATA,GEN_DUID,1,"2015/09/17 00:15:00",RPCG,5.596897,"2015/09/17 00:10:08"
D,METER_DATA,GEN_DUID,1,"2015/09/17 00:15:00",RUBICON,0,"2015/09/17 00:10:08"
D,METER_DATA,GEN_DUID,1,"2015/09/17 00:15:00",STARHLWF,3.099096,"2015/09/17 00:10:08"
D,METER_DATA,GEN_DUID,1,"2015/09/17 00:15:00",WAUBRAWF,1.9190,"2015/09/17 00:10:08"
D,METER_DATA,GEN_DUID,1,"2015/09/17 00:15:00",WOOLNTH1,43.180016,"2015/09/17 00:10:08"
D,METER_DATA,GEN_DUID,1,"2015/09/17 00:15:00",WPWF,21,"2015/09/17 00:10:08"
D,METER_DATA,GEN_DUID,1,"2015/09/17 00:15:00",YAMBUKWF,0,"2015/09/17 00:10:08"
D,METER_DATA,GEN_DUID,1,"2015/09/17 00:20:00",ANGAS1,0,"2015/09/17 00:15:10"
D,METER_DATA,GEN_DUID,1,"2015/09/17 00:20:00",ANGAS2,0,"2015/09/17 00:15:10"
D,METER_DATA,GEN_DUID,1,"2015/09/17 00:20:00",BUTLERSG,-0.000002,"2015/09/17 00:15:10"
D,METER_DATA,GEN_DUID,1,"2015/09/17 00:20:00",CALL_A_4,0,"2015/09/17 00:15:10"
D,METER_DATA,GEN_DUID,1,"2015/09/17 00:20:00",CAPTL_WF,0,"2015/09/17 00:15:10"
D,METER_DATA,GEN_DUID,1,"2015/09/17 00:20:00",CATHROCK,3.46,"2015/09/17 00:15:10"
D,METER_DATA,GEN_DUID,1,"2015/09/17 00:20:00",CHALLHWF,0,"2015/09/17 00:15:10"
D,METER_DATA,GEN_DUID,1,"2015/09/17 00:20:00",CLOVER,-0.01,"2015/09/17 00:15:10"
D,METER_DATA,GEN_DUID,1,"2015/09/17 00:20:00",CLUNY,4.501350,"2015/09/17 00:15:10"
D,METER_DATA,GEN_DUID,1,"2015/09/17 00:20:00",CNUNDAWF,3.504088,"2015/09/17 00:15:10"
D,METER_DATA,GEN_DUID,1,"2015/09/17 00:20:00",CULLRGWF,3.18,"2015/09/17 00:15:10"
D,METER_DATA,GEN_DUID,1,"2015/09/17 00:20:00",ERGT01,0,"2015/09/17 00:15:10"
D,METER_DATA,GEN_DUID,1,"2015/09/17 00:20:00",GB01,0.208096,"2015/09/17 00:15:10"
D,METER_DATA,GEN_DUID,1,"2015/09/17 00:20:00",GERMCRK,31.90,"2015/09/17 00:15:10"
D,METER_DATA,GEN_DUID,1,"2015/09/17 00:20:00",INVICTA,37.900002,"2015/09/17 00:15:10"
D,METER_DATA,GEN_DUID,1,"2015/09/17 00:20:00",LKBONNY1,-0.449338,"2015/09/17 00:15:10"
D,METER_DATA,GEN_DUID,1,"2015/09/17 00:20:00",MBAHNTH,50.268753,"2015/09/17 00:15:10"
D,METER_DATA,GEN_DUID,1,"2015/09/17 00:20:00",MLWF1,0.03,"2015/09/17 00:15:10"
D,METER_DATA,GEN_DUID,1,"2015/09/17 00:20:00",MTMILLAR,8.661687,"2015/09/17 00:15:10"
D,METER_DATA,GEN_DUID,1,"2015/09/17 00:20:00",PALOONA,11.94,"2015/09/17 00:15:10"
D,METER_DATA,GEN_DUID,1,"2015/09/17 00:20:00",PIONEER,40.400002,"2015/09/17 00:15:10"
D,METER_DATA,GEN_DUID,1,"2015/09/17 00:20:00",PORTWF,5.30,"2015/09/17 00:15:10"
D,METER_DATA,GEN_DUID,1,"2015/09/17 00:20:00",REPULSE,5.297290,"2015/09/17 00:15:10"
D,METER_DATA,GEN_DUID,1,"2015/09/17 00:20:00",ROWALLAN,7.8242,"2015/09/17 00:15:10"
D,METER_DATA,GEN_DUID,1,"2015/09/17 00:20:00",RPCG,5.326437,"2015/09/17 00:15:10"
D,METER_DATA,GEN_DUID,1,"2015/09/17 00:20:00",RUBICON,0,"2015/09/17 00:15:10"
D,METER_DATA,GEN_DUID,1,"2015/09/17 00:20:00",STARHLWF,3.598951,"2015/09/17 00:15:10"
D,METER_DATA,GEN_DUID,1,"2015/09/17 00:20:00",WAUBRAWF,1.5680,"2015/09/17 00:15:10"
D,METER_DATA,GEN_DUID,1,"2015/09/17 00:20:00",WOOLNTH1,41.070015,"2015/09/17 00:15:10"
D,METER_DATA,GEN_DUID,1,"2015/09/17 00:20:00",WPWF,21,"2015/09/17 00:15:10"
D,METER_DATA,GEN_DUID,1,"2015/09/17 00:20:00",YAMBUKWF,0,"2015/09/17 00:15:10"
D,METER_DATA,GEN_DUID,1,"2015/09/17 00:25:00",ANGAS1,0,"2015/09/17 00:20:11"
D,METER_DATA,GEN_DUID,1,"2015/09/17 00:25:00",ANGAS2,0,"2015/09/17 00:20:11"
D,METER_DATA,GEN_DUID,1,"2015/09/17 00:25:00",BUTLERSG,-0.000002,"2015/09/17 00:20:11"
D,METER_DATA,GEN_DUID,1,"2015/09/17 00:25:00",CALL_A_4,0,"2015/09/17 00:20:11"
D,METER_DATA,GEN_DUID,1,"2015/09/17 00:25:00",CAPTL_WF,0,"2015/09/17 00:20:11"
D,METER_DATA,GEN_DUID,1,"2015/09/17 00:25:00",CATHROCK,3.50,"2015/09/17 00:20:11"
D,METER_DATA,GEN_DUID,1,"2015/09/17 00:25:00",CHALLHWF,0,"2015/09/17 00:20:11"
D,METER_DATA,GEN_DUID,1,"2015/09/17 00:25:00",CLOVER,0,"2015/09/17 00:20:11"
D,METER_DATA,GEN_DUID,1,"2015/09/17 00:25:00",CLUNY,3.972620,"2015/09/17 00:20:11"
D,METER_DATA,GEN_DUID,1,"2015/09/17 00:25:00",CNUNDAWF,2.703153,"2015/09/17 00:20:11"
D,METER_DATA,GEN_DUID,1,"2015/09/17 00:25:00",CULLRGWF,2.78,"2015/09/17 00:20:11"
D,METER_DATA,GEN_DUID,1,"2015/09/17 00:25:00",ERGT01,0,"2015/09/17 00:20:11"
D,METER_DATA,GEN_DUID,1,"2015/09/17 00:25:00",GB01,0.208096,"2015/09/17 00:20:11"
D,METER_DATA,GEN_DUID,1,"2015/09/17 00:25:00",GERMCRK,31.799999,"2015/09/17 00:20:11"
D,METER_DATA,GEN_DUID,1,"2015/09/17 00:25:00",INVICTA,37.900002,"2015/09/17 00:20:11"
D,METER_DATA,GEN_DUID,1,"2015/09/17 00:25:00",LKBONNY1,-0.449338,"2015/09/17 00:20:11"
D,METER_DATA,GEN_DUID,1,"2015/09/17 00:25:00",MBAHNTH,50.268753,"2015/09/17 00:20:11"
D,METER_DATA,GEN_DUID,1,"2015/09/17 00:25:00",MLWF1,0.03,"2015/09/17 00:20:11"
D,METER_DATA,GEN_DUID,1,"2015/09/17 00:25:00",MTMILLAR,8.996546,"2015/09/17 00:20:11"
D,METER_DATA,GEN_DUID,1,"2015/09/17 00:25:00",PALOONA,11.94,"2015/09/17 00:20:11"
D,METER_DATA,GEN_DUID,1,"2015/09/17 00:25:00",PIONEER,36,"2015/09/17 00:20:11"
D,METER_DATA,GEN_DUID,1,"2015/09/17 00:25:00",PORTWF,5.90,"2015/09/17 00:20:11"
D,METER_DATA,GEN_DUID,1,"2015/09/17 00:25:00",REPULSE,4.820915,"2015/09/17 00:20:11"
D,METER_DATA,GEN_DUID,1,"2015/09/17 00:25:00",ROWALLAN,7.2349,"2015/09/17 00:20:11"
D,METER_DATA,GEN_DUID,1,"2015/09/17 00:25:00",RPCG,5.677020,"2015/09/17 00:20:11"
D,METER_DATA,GEN_DUID,1,"2015/09/17 00:25:00",RUBICON,0,"2015/09/17 00:20:11"
D,METER_DATA,GEN_DUID,1,"2015/09/17 00:25:00",STARHLWF,3.898863,"2015/09/17 00:20:11"
D,METER_DATA,GEN_DUID,1,"2015/09/17 00:25:00",WAUBRAWF,1.4820,"2015/09/17 00:20:11"
D,METER_DATA,GEN_DUID,1,"2015/09/17 00:25:00",WOOLNTH1,39.850018,"2015/09/17 00:20:11"
D,METER_DATA,GEN_DUID,1,"2015/09/17 00:25:00",WPWF,21,"2015/09/17 00:20:11"
D,METER_DATA,GEN_DUID,1,"2015/09/17 00:25:00",YAMBUKWF,0,"2015/09/17 00:20:11"
D,METER_DATA,GEN_DUID,1,"2015/09/17 00:30:00",ANGAS1,0,"2015/09/17 00:25:13"
D,METER_DATA,GEN_DUID,1,"2015/09/17 00:30:00",ANGAS2,0,"2015/09/17 00:25:13"
D,METER_DATA,GEN_DUID,1,"2015/09/17 00:30:00",BUTLERSG,-0.000002,"2015/09/17 00:25:13"
D,METER_DATA,GEN_DUID,1,"2015/09/17 00:30:00",CALL_A_4,0,"2015/09/17 00:25:13"
D,METER_DATA,GEN_DUID,1,"2015/09/17 00:30:00",CAPTL_WF,0,"2015/09/17 00:25:13"
D,METER_DATA,GEN_DUID,1,"2015/09/17 00:30:00",CATHROCK,2.78,"2015/09/17 00:25:13"
D,METER_DATA,GEN_DUID,1,"2015/09/17 00:30:00",CHALLHWF,0.20,"2015/09/17 00:25:13"
D,METER_DATA,GEN_DUID,1,"2015/09/17 00:30:00",CLOVER,-0.01,"2015/09/17 00:25:13"
D,METER_DATA,GEN_DUID,1,"2015/09/17 00:30:00",CLUNY,4.029780,"2015/09/17 00:25:13"
D,METER_DATA,GEN_DUID,1,"2015/09/17 00:30:00",CNUNDAWF,3.103621,"2015/09/17 00:25:13"
D,METER_DATA,GEN_DUID,1,"2015/09/17 00:30:00",CULLRGWF,2.30,"2015/09/17 00:25:13"
D,METER_DATA,GEN_DUID,1,"2015/09/17 00:30:00",ERGT01,0,"2015/09/17 00:25:13"
D,METER_DATA,GEN_DUID,1,"2015/09/17 00:30:00",GB01,0.208096,"2015/09/17 00:25:13"
D,METER_DATA,GEN_DUID,1,"2015/09/17 00:30:00",GERMCRK,32.299999,"2015/09/17 00:25:13"
D,METER_DATA,GEN_DUID,1,"2015/09/17 00:30:00",INVICTA,37.900002,"2015/09/17 00:25:13"
D,METER_DATA,GEN_DUID,1,"2015/09/17 00:30:00",LKBONNY1,-0.449338,"2015/09/17 00:25:13"
D,METER_DATA,GEN_DUID,1,"2015/09/17 00:30:00",MBAHNTH,50.268753,"2015/09/17 00:25:13"
D,METER_DATA,GEN_DUID,1,"2015/09/17 00:30:00",MLWF1,0.1350,"2015/09/17 00:25:13"
D,METER_DATA,GEN_DUID,1,"2015/09/17 00:30:00",MTMILLAR,8.252415,"2015/09/17 00:25:13"
D,METER_DATA,GEN_DUID,1,"2015/09/17 00:30:00",PALOONA,11.94,"2015/09/17 00:25:13"
D,METER_DATA,GEN_DUID,1,"2015/09/17 00:30:00",PIONEER,36.50,"2015/09/17 00:25:13"
D,METER_DATA,GEN_DUID,1,"2015/09/17 00:30:00",PORTWF,5.90,"2015/09/17 00:25:13"
D,METER_DATA,GEN_DUID,1,"2015/09/17 00:30:00",REPULSE,5.125795,"2015/09/17 00:25:13"
D,METER_DATA,GEN_DUID,1,"2015/09/17 00:30:00",ROWALLAN,7.4621,"2015/09/17 00:25:13"
D,METER_DATA,GEN_DUID,1,"2015/09/17 00:30:00",RPCG,5.512557,"2015/09/17 00:25:13"
D,METER_DATA,GEN_DUID,1,"2015/09/17 00:30:00",RUBICON,0,"2015/09/17 00:25:13"
D,METER_DATA,GEN_DUID,1,"2015/09/17 00:30:00",STARHLWF,5.198484,"2015/09/17 00:25:13"
D,METER_DATA,GEN_DUID,1,"2015/09/17 00:30:00",WAUBRAWF,2.0760,"2015/09/17 00:25:13"
D,METER_DATA,GEN_DUID,1,"2015/09/17 00:30:00",WOOLNTH1,40.280014,"2015/09/17 00:25:13"
D,METER_DATA,GEN_DUID,1,"2015/09/17 00:30:00",WPWF,19,"2015/09/17 00:25:13"
D,METER_DATA,GEN_DUID,1,"2015/09/17 00:30:00",YAMBUKWF,0.20,"2015/09/17 00:25:13"
D,METER_DATA,GEN_DUID,1,"2015/09/17 00:35:00",ANGAS1,0,"2015/09/17 00:30:13"
D,METER_DATA,GEN_DUID,1,"2015/09/17 00:35:00",ANGAS2,0,"2015/09/17 00:30:13"
D,METER_DATA,GEN_DUID,1,"2015/09/17 00:35:00",BUTLERSG,-0.000002,"2015/09/17 00:30:13"
D,METER_DATA,GEN_DUID,1,"2015/09/17 00:35:00",CALL_A_4,0,"2015/09/17 00:30:13"
D,METER_DATA,GEN_DUID,1,"2015/09/17 00:35:00",CAPTL_WF,0,"2015/09/17 00:30:13"
D,METER_DATA,GEN_DUID,1,"2015/09/17 00:35:00",CATHROCK,2.82,"2015/09/17 00:30:13"
D,METER_DATA,GEN_DUID,1,"2015/09/17 00:35:00",CHALLHWF,0.30,"2015/09/17 00:30:13"
D,METER_DATA,GEN_DUID,1,"2015/09/17 00:35:00",CLOVER,-0.01,"2015/09/17 00:30:13"
D,METER_DATA,GEN_DUID,1,"2015/09/17 00:35:00",CLUNY,3.786850,"2015/09/17 00:30:13"
D,METER_DATA,GEN_DUID,1,"2015/09/17 00:35:00",CNUNDAWF,3.604205,"2015/09/17 00:30:13"
D,METER_DATA,GEN_DUID,1,"2015/09/17 00:35:00",CULLRGWF,1.94,"2015/09/17 00:30:13"
D,METER_DATA,GEN_DUID,1,"2015/09/17 00:35:00",ERGT01,0,"2015/09/17 00:30:13"
D,METER_DATA,GEN_DUID,1,"2015/09/17 00:35:00",GB01,0.208096,"2015/09/17 00:30:13"
D,METER_DATA,GEN_DUID,1,"2015/09/17 00:35:00",GERMCRK,31.90,"2015/09/17 00:30:13"
D,METER_DATA,GEN_DUID,1,"2015/09/17 00:35:00",INVICTA,37.900002,"2015/09/17 00:30:13"
D,METER_DATA,GEN_DUID,1,"2015/09/17 00:35:00",LKBONNY1,-0.449338,"2015/09/17 00:30:13"
D,METER_DATA,GEN_DUID,1,"2015/09/17 00:35:00",MBAHNTH,50.268753,"2015/09/17 00:30:13"
D,METER_DATA,GEN_DUID,1,"2015/09/17 00:35:00",MLWF1,0.33,"2015/09/17 00:30:13"
D,METER_DATA,GEN_DUID,1,"2015/09/17 00:35:00",MTMILLAR,9.629057,"2015/09/17 00:30:13"
D,METER_DATA,GEN_DUID,1,"2015/09/17 00:35:00",PALOONA,11.94,"2015/09/17 00:30:13"
D,METER_DATA,GEN_DUID,1,"2015/09/17 00:35:00",PIONEER,34.100002,"2015/09/17 00:30:13"
D,METER_DATA,GEN_DUID,1,"2015/09/17 00:35:00",PORTWF,5.90,"2015/09/17 00:30:13"
D,METER_DATA,GEN_DUID,1,"2015/09/17 00:35:00",REPULSE,4.801860,"2015/09/17 00:30:13"
D,METER_DATA,GEN_DUID,1,"2015/09/17 00:35:00",ROWALLAN,7.3698,"2015/09/17 00:30:13"
D,METER_DATA,GEN_DUID,1,"2015/09/17 00:35:00",RPCG,1.377046,"2015/09/17 00:30:13"
D,METER_DATA,GEN_DUID,1,"2015/09/17 00:35:00",RUBICON,0,"2015/09/17 00:30:13"
D,METER_DATA,GEN_DUID,1,"2015/09/17 00:35:00",STARHLWF,5.898280,"2015/09/17 00:30:13"
D,METER_DATA,GEN_DUID,1,"2015/09/17 00:35:00",WAUBRAWF,2.78,"2015/09/17 00:30:13"
D,METER_DATA,GEN_DUID,1,"2015/09/17 00:35:00",WOOLNTH1,52.320015,"2015/09/17 00:30:13"
D,METER_DATA,GEN_DUID,1,"2015/09/17 00:35:00",WPWF,19,"2015/09/17 00:30:13"
D,METER_DATA,GEN_DUID,1,"2015/09/17 00:35:00",YAMBUKWF,0,"2015/09/17 00:30:13"
D,METER_DATA,GEN_DUID,1,"2015/09/17 00:40:00",ANGAS1,0,"2015/09/17 00:35:12"
D,METER_DATA,GEN_DUID,1,"2015/09/17 00:40:00",ANGAS2,0,"2015/09/17 00:35:12"
D,METER_DATA,GEN_DUID,1,"2015/09/17 00:40:00",BUTLERSG,-0.000002,"2015/09/17 00:35:12"
D,METER_DATA,GEN_DUID,1,"2015/09/17 00:40:00",CALL_A_4,0,"2015/09/17 00:35:12"
D,METER_DATA,GEN_DUID,1,"2015/09/17 00:40:00",CAPTL_WF,0,"2015/09/17 00:35:12"
D,METER_DATA,GEN_DUID,1,"2015/09/17 00:40:00",CATHROCK,1.82,"2015/09/17 00:35:12"
D,METER_DATA,GEN_DUID,1,"2015/09/17 00:40:00",CHALLHWF,0.30,"2015/09/17 00:35:12"
D,METER_DATA,GEN_DUID,1,"2015/09/17 00:40:00",CLOVER,0,"2015/09/17 00:35:12"
D,METER_DATA,GEN_DUID,1,"2015/09/17 00:40:00",CLUNY,3.972620,"2015/09/17 00:35:12"
D,METER_DATA,GEN_DUID,1,"2015/09/17 00:40:00",CNUNDAWF,4.805606,"2015/09/17 00:35:12"
D,METER_DATA,GEN_DUID,1,"2015/09/17 00:40:00",CULLRGWF,1.51,"2015/09/17 00:35:12"
D,METER_DATA,GEN_DUID,1,"2015/09/17 00:40:00",ERGT01,0,"2015/09/17 00:35:12"
D,METER_DATA,GEN_DUID,1,"2015/09/17 00:40:00",GB01,0.208096,"2015/09/17 00:35:12"
D,METER_DATA,GEN_DUID,1,"2015/09/17 00:40:00",GERMCRK,31.799999,"2015/09/17 00:35:12"
D,METER_DATA,GEN_DUID,1,"2015/09/17 00:40:00",INVICTA,37.900002,"2015/09/17 00:35:12"
D,METER_DATA,GEN_DUID,1,"2015/09/17 00:40:00",LKBONNY1,-0.449338,"2015/09/17 00:35:12"
D,METER_DATA,GEN_DUID,1,"2015/09/17 00:40:00",MBAHNTH,50.268753,"2015/09/17 00:35:12"
D,METER_DATA,GEN_DUID,1,"2015/09/17 00:40:00",MLWF1,0.4350,"2015/09/17 00:35:12"
D,METER_DATA,GEN_DUID,1,"2015/09/17 00:40:00",MTMILLAR,9.495113,"2015/09/17 00:35:12"
D,METER_DATA,GEN_DUID,1,"2015/09/17 00:40:00",PALOONA,11.94,"2015/09/17 00:35:12"
D,METER_DATA,GEN_DUID,1,"2015/09/17 00:40:00",PIONEER,35.50,"2015/09/17 00:35:12"
D,METER_DATA,GEN_DUID,1,"2015/09/17 00:40:00",PORTWF,8.60,"2015/09/17 00:35:12"
D,METER_DATA,GEN_DUID,1,"2015/09/17 00:40:00",REPULSE,5.030520,"2015/09/17 00:35:12"
D,METER_DATA,GEN_DUID,1,"2015/09/17 00:40:00",ROWALLAN,7.5544,"2015/09/17 00:35:12"
D,METER_DATA,GEN_DUID,1,"2015/09/17 00:40:00",RPCG,1.108006,"2015/09/17 00:35:12"
D,METER_DATA,GEN_DUID,1,"2015/09/17 00:40:00",RUBICON,0,"2015/09/17 00:35:12"
D,METER_DATA,GEN_DUID,1,"2015/09/17 00:40:00",STARHLWF,4.798601,"2015/09/17 00:35:12"
D,METER_DATA,GEN_DUID,1,"2015/09/17 00:40:00",WAUBRAWF,3.0520,"2015/09/17 00:35:12"
D,METER_DATA,GEN_DUID,1,"2015/09/17 00:40:00",WOOLNTH1,60.410019,"2015/09/17 00:35:12"
D,METER_DATA,GEN_DUID,1,"2015/09/17 00:40:00",WPWF,23,"2015/09/17 00:35:12"
D,METER_DATA,GEN_DUID,1,"2015/09/17 00:40:00",YAMBUKWF,0.10,"2015/09/17 00:35:12"
D,METER_DATA,GEN_DUID,1,"2015/09/17 00:45:00",ANGAS1,0,"2015/09/17 00:40:16"
D,METER_DATA,GEN_DUID,1,"2015/09/17 00:45:00",ANGAS2,0,"2015/09/17 00:40:16"
D,METER_DATA,GEN_DUID,1,"2015/09/17 00:45:00",BUTLERSG,-0.000002,"2015/09/17 00:40:16"
D,METER_DATA,GEN_DUID,1,"2015/09/17 00:45:00",CALL_A_4,0,"2015/09/17 00:40:16"
D,METER_DATA,GEN_DUID,1,"2015/09/17 00:45:00",CAPTL_WF,0,"2015/09/17 00:40:16"
D,METER_DATA,GEN_DUID,1,"2015/09/17 00:45:00",CATHROCK,1.61,"2015/09/17 00:40:16"
D,METER_DATA,GEN_DUID,1,"2015/09/17 00:45:00",CHALLHWF,0.10,"2015/09/17 00:40:16"
D,METER_DATA,GEN_DUID,1,"2015/09/17 00:45:00",CLOVER,-0.01,"2015/09/17 00:40:16"
D,METER_DATA,GEN_DUID,1,"2015/09/17 00:45:00",CLUNY,3.944040,"2015/09/17 00:40:16"
D,METER_DATA,GEN_DUID,1,"2015/09/17 00:45:00",CNUNDAWF,5.306190,"2015/09/17 00:40:16"
D,METER_DATA,GEN_DUID,1,"2015/09/17 00:45:00",CULLRGWF,1.71,"2015/09/17 00:40:16"
D,METER_DATA,GEN_DUID,1,"2015/09/17 00:45:00",ERGT01,0,"2015/09/17 00:40:16"
D,METER_DATA,GEN_DUID,1,"2015/09/17 00:45:00",GB01,0.208096,"2015/09/17 00:40:16"
D,METER_DATA,GEN_DUID,1,"2015/09/17 00:45:00",GERMCRK,32,"2015/09/17 00:40:16"
D,METER_DATA,GEN_DUID,1,"2015/09/17 00:45:00",INVICTA,37.900002,"2015/09/17 00:40:16"
D,METER_DATA,GEN_DUID,1,"2015/09/17 00:45:00",LKBONNY1,-0.449338,"2015/09/17 00:40:16"
D,METER_DATA,GEN_DUID,1,"2015/09/17 00:45:00",MBAHNTH,50.268753,"2015/09/17 00:40:16"
D,METER_DATA,GEN_DUID,1,"2015/09/17 00:45:00",MLWF1,0.6450,"2015/09/17 00:40:16"
D,METER_DATA,GEN_DUID,1,"2015/09/17 00:45:00",MTMILLAR,9.807649,"2015/09/17 00:40:16"
D,METER_DATA,GEN_DUID,1,"2015/09/17 00:45:00",PALOONA,11.94,"2015/09/17 00:40:16"
D,METER_DATA,GEN_DUID,1,"2015/09/17 00:45:00",PIONEER,33,"2015/09/17 00:40:16"
D,METER_DATA,GEN_DUID,1,"2015/09/17 00:45:00",PORTWF,9.10,"2015/09/17 00:40:16"
D,METER_DATA,GEN_DUID,1,"2015/09/17 00:45:00",REPULSE,4.916190,"2015/09/17 00:40:16"
D,METER_DATA,GEN_DUID,1,"2015/09/17 00:45:00",ROWALLAN,7.5118,"2015/09/17 00:40:16"
D,METER_DATA,GEN_DUID,1,"2015/09/17 00:45:00",RPCG,5.536743,"2015/09/17 00:40:16"
D,METER_DATA,GEN_DUID,1,"2015/09/17 00:45:00",RUBICON,0,"2015/09/17 00:40:16"
D,METER_DATA,GEN_DUID,1,"2015/09/17 00:45:00",STARHLWF,3.498980,"2015/09/17 00:40:16"
D,METER_DATA,GEN_DUID,1,"2015/09/17 00:45:00",WAUBRAWF,3.6070,"2015/09/17 00:40:16"
D,METER_DATA,GEN_DUID,1,"2015/09/17 00:45:00",WOOLNTH1,72.650017,"2015/09/17 00:40:16"
D,METER_DATA,GEN_DUID,1,"2015/09/17 00:45:00",WPWF,24,"2015/09/17 00:40:16"
D,METER_DATA,GEN_DUID,1,"2015/09/17 00:45:00",YAMBUKWF,0,"2015/09/17 00:40:16"
D,METER_DATA,GEN_DUID,1,"2015/09/17 00:50:00",ANGAS1,0,"2015/09/17 00:45:12"
D,METER_DATA,GEN_DUID,1,"2015/09/17 00:50:00",ANGAS2,0,"2015/09/17 00:45:12"
D,METER_DATA,GEN_DUID,1,"2015/09/17 00:50:00",BUTLERSG,-0.000002,"2015/09/17 00:45:12"
D,METER_DATA,GEN_DUID,1,"2015/09/17 00:50:00",CALL_A_4,0,"2015/09/17 00:45:12"
D,METER_DATA,GEN_DUID,1,"2015/09/17 00:50:00",CAPTL_WF,0,"2015/09/17 00:45:12"
D,METER_DATA,GEN_DUID,1,"2015/09/17 00:50:00",CATHROCK,0,"2015/09/17 00:45:12"
D,METER_DATA,GEN_DUID,1,"2015/09/17 00:50:00",CHALLHWF,0,"2015/09/17 00:45:12"
D,METER_DATA,GEN_DUID,1,"2015/09/17 00:50:00",CLOVER,-0.01,"2015/09/17 00:45:12"
D,METER_DATA,GEN_DUID,1,"2015/09/17 00:50:00",CLUNY,4.201260,"2015/09/17 00:45:12"
D,METER_DATA,GEN_DUID,1,"2015/09/17 00:50:00",CNUNDAWF,4.905723,"2015/09/17 00:45:12"
D,METER_DATA,GEN_DUID,1,"2015/09/17 00:50:00",CULLRGWF,1.97,"2015/09/17 00:45:12"
D,METER_DATA,GEN_DUID,1,"2015/09/17 00:50:00",ERGT01,0,"2015/09/17 00:45:12"
D,METER_DATA,GEN_DUID,1,"2015/09/17 00:50:00",GB01,0.208096,"2015/09/17 00:45:12"
D,METER_DATA,GEN_DUID,1,"2015/09/17 00:50:00",GERMCRK,31.90,"2015/09/17 00:45:12"
D,METER_DATA,GEN_DUID,1,"2015/09/17 00:50:00",INVICTA,37.900002,"2015/09/17 00:45:12"
D,METER_DATA,GEN_DUID,1,"2015/09/17 00:50:00",LKBONNY1,-0.449338,"2015/09/17 00:45:12"
D,METER_DATA,GEN_DUID,1,"2015/09/17 00:50:00",MBAHNTH,50.268753,"2015/09/17 00:45:12"
D,METER_DATA,GEN_DUID,1,"2015/09/17 00:50:00",MLWF1,0.42,"2015/09/17 00:45:12"
D,METER_DATA,GEN_DUID,1,"2015/09/17 00:50:00",MTMILLAR,9.212343,"2015/09/17 00:45:12"
D,METER_DATA,GEN_DUID,1,"2015/09/17 00:50:00",PALOONA,11.94,"2015/09/17 00:45:12"
D,METER_DATA,GEN_DUID,1,"2015/09/17 00:50:00",PIONEER,34.900002,"2015/09/17 00:45:12"
D,METER_DATA,GEN_DUID,1,"2015/09/17 00:50:00",PORTWF,10.20,"2015/09/17 00:45:12"
D,METER_DATA,GEN_DUID,1,"2015/09/17 00:50:00",REPULSE,5.106740,"2015/09/17 00:45:12"
D,METER_DATA,GEN_DUID,1,"2015/09/17 00:50:00",ROWALLAN,7.5970,"2015/09/17 00:45:12"
D,METER_DATA,GEN_DUID,1,"2015/09/17 00:50:00",RPCG,5.450686,"2015/09/17 00:45:12"
D,METER_DATA,GEN_DUID,1,"2015/09/17 00:50:00",RUBICON,0,"2015/09/17 00:45:12"
D,METER_DATA,GEN_DUID,1,"2015/09/17 00:50:00",STARHLWF,2.799184,"2015/09/17 00:45:12"
D,METER_DATA,GEN_DUID,1,"2015/09/17 00:50:00",WAUBRAWF,4.3010,"2015/09/17 00:45:12"
D,METER_DATA,GEN_DUID,1,"2015/09/17 00:50:00",WOOLNTH1,72.800018,"2015/09/17 00:45:12"
D,METER_DATA,GEN_DUID,1,"2015/09/17 00:50:00",WPWF,24,"2015/09/17 00:45:12"
D,METER_DATA,GEN_DUID,1,"2015/09/17 00:50:00",YAMBUKWF,0.40,"2015/09/17 00:45:12"
D,METER_DATA,GEN_DUID,1,"2015/09/17 00:55:00",ANGAS1,0,"2015/09/17 00:50:11"
D,METER_DATA,GEN_DUID,1,"2015/09/17 00:55:00",ANGAS2,0,"2015/09/17 00:50:11"
D,METER_DATA,GEN_DUID,1,"2015/09/17 00:55:00",BUTLERSG,-0.000002,"2015/09/17 00:50:11"
D,METER_DATA,GEN_DUID,1,"2015/09/17 00:55:00",CALL_A_4,0,"2015/09/17 00:50:11"
D,METER_DATA,GEN_DUID,1,"2015/09/17 00:55:00",CAPTL_WF,0,"2015/09/17 00:50:11"
D,METER_DATA,GEN_DUID,1,"2015/09/17 00:55:00",CATHROCK,0,"2015/09/17 00:50:11"
D,METER_DATA,GEN_DUID,1,"2015/09/17 00:55:00",CHALLHWF,0,"2015/09/17 00:50:11"
D,METER_DATA,GEN_DUID,1,"2015/09/17 00:55:00",CLOVER,0,"2015/09/17 00:50:11"
D,METER_DATA,GEN_DUID,1,"2015/09/17 00:55:00",CLUNY,4.044070,"2015/09/17 00:50:11"
D,METER_DATA,GEN_DUID,1,"2015/09/17 00:55:00",CNUNDAWF,4.905723,"2015/09/17 00:50:11"
D,METER_DATA,GEN_DUID,1,"2015/09/17 00:55:00",CULLRGWF,2.18,"2015/09/17 00:50:11"
D,METER_DATA,GEN_DUID,1,"2015/09/17 00:55:00",ERGT01,0,"2015/09/17 00:50:11"
D,METER_DATA,GEN_DUID,1,"2015/09/17 00:55:00",GB01,0.208096,"2015/09/17 00:50:11"
D,METER_DATA,GEN_DUID,1,"2015/09/17 00:55:00",GERMCRK,32.099998,"2015/09/17 00:50:11"
D,METER_DATA,GEN_DUID,1,"2015/09/17 00:55:00",INVICTA,37.900002,"2015/09/17 00:50:11"
D,METER_DATA,GEN_DUID,1,"2015/09/17 00:55:00",LKBONNY1,-0.449338,"2015/09/17 00:50:11"
D,METER_DATA,GEN_DUID,1,"2015/09/17 00:55:00",MBAHNTH,50.268753,"2015/09/17 00:50:11"
D,METER_DATA,GEN_DUID,1,"2015/09/17 00:55:00",MLWF1,0.21,"2015/09/17 00:50:11"
D,METER_DATA,GEN_DUID,1,"2015/09/17 00:55:00",MTMILLAR,9.844855,"2015/09/17 00:50:11"
D,METER_DATA,GEN_DUID,1,"2015/09/17 00:55:00",PALOONA,11.94,"2015/09/17 00:50:11"
D,METER_DATA,GEN_DUID,1,"2015/09/17 00:55:00",PIONEER,38.299999,"2015/09/17 00:50:11"
D,METER_DATA,GEN_DUID,1,"2015/09/17 00:55:00",PORTWF,14.80,"2015/09/17 00:50:11"
D,METER_DATA,GEN_DUID,1,"2015/09/17 00:55:00",REPULSE,4.935245,"2015/09/17 00:50:11"
D,METER_DATA,GEN_DUID,1,"2015/09/17 00:55:00",ROWALLAN,7.4834,"2015/09/17 00:50:11"
D,METER_DATA,GEN_DUID,1,"2015/09/17 00:55:00",RPCG,1.0906,"2015/09/17 00:50:11"
D,METER_DATA,GEN_DUID,1,"2015/09/17 00:55:00",RUBICON,0,"2015/09/17 00:50:11"
D,METER_DATA,GEN_DUID,1,"2015/09/17 00:55:00",STARHLWF,2.799184,"2015/09/17 00:50:11"
D,METER_DATA,GEN_DUID,1,"2015/09/17 00:55:00",WAUBRAWF,4.3090,"2015/09/17 00:50:11"
D,METER_DATA,GEN_DUID,1,"2015/09/17 00:55:00",WOOLNTH1,80.860016,"2015/09/17 00:50:11"
D,METER_DATA,GEN_DUID,1,"2015/09/17 00:55:00",WPWF,23,"2015/09/17 00:50:11"
D,METER_DATA,GEN_DUID,1,"2015/09/17 00:55:00",YAMBUKWF,0.60,"2015/09/17 00:50:11"
D,METER_DATA,GEN_DUID,1,"2015/09/17 01:00:00",ANGAS1,0,"2015/09/17 00:55:12"
D,METER_DATA,GEN_DUID,1,"2015/09/17 01:00:00",ANGAS2,0,"2015/09/17 00:55:12"
D,METER_DATA,GEN_DUID,1,"2015/09/17 01:00:00",BUTLERSG,-0.000002,"2015/09/17 00:55:12"
D,METER_DATA,GEN_DUID,1,"2015/09/17 01:00:00",CALL_A_4,0,"2015/09/17 00:55:12"
D,METER_DATA,GEN_DUID,1,"2015/09/17 01:00:00",CAPTL_WF,0,"2015/09/17 00:55:12"
D,METER_DATA,GEN_DUID,1,"2015/09/17 01:00:00",CATHROCK,0,"2015/09/17 00:55:12"
D,METER_DATA,GEN_DUID,1,"2015/09/17 01:00:00",CHALLHWF,0,"2015/09/17 00:55:12"
D,METER_DATA,GEN_DUID,1,"2015/09/17 01:00:00",CLOVER,-0.01,"2015/09/17 00:55:12"
D,METER_DATA,GEN_DUID,1,"2015/09/17 01:00:00",CLUNY,4.101230,"2015/09/17 00:55:12"
D,METER_DATA,GEN_DUID,1,"2015/09/17 01:00:00",CNUNDAWF,4.605372,"2015/09/17 00:55:12"
D,METER_DATA,GEN_DUID,1,"2015/09/17 01:00:00",CULLRGWF,2.02,"2015/09/17 00:55:12"
D,METER_DATA,GEN_DUID,1,"2015/09/17 01:00:00",ERGT01,0,"2015/09/17 00:55:12"
D,METER_DATA,GEN_DUID,1,"2015/09/17 01:00:00",GB01,0.208096,"2015/09/17 00:55:12"
D,METER_DATA,GEN_DUID,1,"2015/09/17 01:00:00",GERMCRK,31.50,"2015/09/17 00:55:12"
D,METER_DATA,GEN_DUID,1,"2015/09/17 01:00:00",INVICTA,37.900002,"2015/09/17 00:55:12"
D,METER_DATA,GEN_DUID,1,"2015/09/17 01:00:00",LKBONNY1,-0.449338,"2015/09/17 00:55:12"
D,METER_DATA,GEN_DUID,1,"2015/09/17 01:00:00",MBAHNTH,50.268753,"2015/09/17 00:55:12"
D,METER_DATA,GEN_DUID,1,"2015/09/17 01:00:00",MLWF1,0.1050,"2015/09/17 00:55:12"
D,METER_DATA,GEN_DUID,1,"2015/09/17 01:00:00",MTMILLAR,9.502555,"2015/09/17 00:55:12"
D,METER_DATA,GEN_DUID,1,"2015/09/17 01:00:00",PALOONA,11.90,"2015/09/17 00:55:12"
D,METER_DATA,GEN_DUID,1,"2015/09/17 01:00:00",PIONEER,36.100002,"2015/09/17 00:55:12"
D,METER_DATA,GEN_DUID,1,"2015/09/17 01:00:00",PORTWF,15.60,"2015/09/17 00:55:12"
D,METER_DATA,GEN_DUID,1,"2015/09/17 01:00:00",REPULSE,5.068630,"2015/09/17 00:55:12"
D,METER_DATA,GEN_DUID,1,"2015/09/17 01:00:00",ROWALLAN,7.5260,"2015/09/17 00:55:12"
D,METER_DATA,GEN_DUID,1,"2015/09/17 01:00:00",RPCG,5.319141,"2015/09/17 00:55:12"
D,METER_DATA,GEN_DUID,1,"2015/09/17 01:00:00",RUBICON,0,"2015/09/17 00:55:12"
D,METER_DATA,GEN_DUID,1,"2015/09/17 01:00:00",STARHLWF,3.199067,"2015/09/17 00:55:12"
D,METER_DATA,GEN_DUID,1,"2015/09/17 01:00:00",WAUBRAWF,4.7780,"2015/09/17 00:55:12"
D,METER_DATA,GEN_DUID,1,"2015/09/17 01:00:00",WOOLNTH1,74.610016,"2015/09/17 00:55:12"
D,METER_DATA,GEN_DUID,1,"2015/09/17 01:00:00",WPWF,23,"2015/09/17 00:55:12"
D,METER_DATA,GEN_DUID,1,"2015/09/17 01:00:00",YAMBUKWF,0.80,"2015/09/17 00:55:12"
D,METER_DATA,GEN_DUID,1,"2015/09/17 01:05:00",ANGAS1,0,"2015/09/17 01:00:13"
D,METER_DATA,GEN_DUID,1,"2015/09/17 01:05:00",ANGAS2,0,"2015/09/17 01:00:13"
D,METER_DATA,GEN_DUID,1,"2015/09/17 01:05:00",BUTLERSG,-0.000002,"2015/09/17 01:00:13"
D,METER_DATA,GEN_DUID,1,"2015/09/17 01:05:00",CALL_A_4,0,"2015/09/17 01:00:13"
D,METER_DATA,GEN_DUID,1,"2015/09/17 01:05:00",CAPTL_WF,0,"2015/09/17 01:00:13"
D,METER_DATA,GEN_DUID,1,"2015/09/17 01:05:00",CATHROCK,0,"2015/09/17 01:00:13"
D,METER_DATA,GEN_DUID,1,"2015/09/17 01:05:00",CHALLHWF,0.70,"2015/09/17 01:00:13"
D,METER_DATA,GEN_DUID,1,"2015/09/17 01:05:00",CLOVER,-0.02,"2015/09/17 01:00:13"
D,METER_DATA,GEN_DUID,1,"2015/09/17 01:05:00",CLUNY,3.901170,"2015/09/17 01:00:13"
D,METER_DATA,GEN_DUID,1,"2015/09/17 01:05:00",CNUNDAWF,4.705489,"2015/09/17 01:00:13"
D,METER_DATA,GEN_DUID,1,"2015/09/17 01:05:00",CULLRGWF,2.13,"2015/09/17 01:00:13"
D,METER_DATA,GEN_DUID,1,"2015/09/17 01:05:00",ERGT01,0,"2015/09/17 01:00:13"
D,METER_DATA,GEN_DUID,1,"2015/09/17 01:05:00",GB01,0.208096,"2015/09/17 01:00:13"
D,METER_DATA,GEN_DUID,1,"2015/09/17 01:05:00",GERMCRK,32.299999,"2015/09/17 01:00:13"
D,METER_DATA,GEN_DUID,1,"2015/09/17 01:05:00",INVICTA,37.900002,"2015/09/17 01:00:13"
D,METER_DATA,GEN_DUID,1,"2015/09/17 01:05:00",LKBONNY1,-0.449338,"2015/09/17 01:00:13"
D,METER_DATA,GEN_DUID,1,"2015/09/17 01:05:00",MBAHNTH,51.356251,"2015/09/17 01:00:13"
D,METER_DATA,GEN_DUID,1,"2015/09/17 01:05:00",MLWF1,0.1050,"2015/09/17 01:00:13"
D,METER_DATA,GEN_DUID,1,"2015/09/17 01:05:00",MTMILLAR,9.428142,"2015/09/17 01:00:13"
D,METER_DATA,GEN_DUID,1,"2015/09/17 01:05:00",PALOONA,11.90,"2015/09/17 01:00:13"
D,METER_DATA,GEN_DUID,1,"2015/09/17 01:05:00",PIONEER,40.100002,"2015/09/17 01:00:13"
D,METER_DATA,GEN_DUID,1,"2015/09/17 01:05:00",PORTWF,15.20,"2015/09/17 01:00:13"
D,METER_DATA,GEN_DUID,1,"2015/09/17 01:05:00",REPULSE,4.668475,"2015/09/17 01:00:13"
D,METER_DATA,GEN_DUID,1,"2015/09/17 01:05:00",ROWALLAN,7.3698,"2015/09/17 01:00:13"
D,METER_DATA,GEN_DUID,1,"2015/09/17 01:05:00",RPCG,1.303769,"2015/09/17 01:00:13"
D,METER_DATA,GEN_DUID,1,"2015/09/17 01:05:00",RUBICON,0,"2015/09/17 01:00:13"
D,METER_DATA,GEN_DUID,1,"2015/09/17 01:05:00",STARHLWF,3.199067,"2015/09/17 01:00:13"
D,METER_DATA,GEN_DUID,1,"2015/09/17 01:05:00",WAUBRAWF,6.9530,"2015/09/17 01:00:13"
D,METER_DATA,GEN_DUID,1,"2015/09/17 01:05:00",WOOLNTH1,69.000015,"2015/09/17 01:00:13"
D,METER_DATA,GEN_DUID,1,"2015/09/17 01:05:00",WPWF,23,"2015/09/17 01:00:13"
D,METER_DATA,GEN_DUID,1,"2015/09/17 01:05:00",YAMBUKWF,0.50,"2015/09/17 01:00:13"
D,METER_DATA,GEN_DUID,1,"2015/09/17 01:10:00",ANGAS1,0,"2015/09/17 01:05:12"
D,METER_DATA,GEN_DUID,1,"2015/09/17 01:10:00",ANGAS2,0,"2015/09/17 01:05:12"
D,METER_DATA,GEN_DUID,1,"2015/09/17 01:10:00",BUTLERSG,-0.000002,"2015/09/17 01:05:12"
D,METER_DATA,GEN_DUID,1,"2015/09/17 01:10:00",CALL_A_4,0,"2015/09/17 01:05:12"
D,METER_DATA,GEN_DUID,1,"2015/09/17 01:10:00",CAPTL_WF,0,"2015/09/17 01:05:12"
D,METER_DATA,GEN_DUID,1,"2015/09/17 01:10:00",CATHROCK,0,"2015/09/17 01:05:12"
D,METER_DATA,GEN_DUID,1,"2015/09/17 01:10:00",CHALLHWF,1.20,"2015/09/17 01:05:12"
D,METER_DATA,GEN_DUID,1,"2015/09/17 01:10:00",CLOVER,-0.01,"2015/09/17 01:05:12"
D,METER_DATA,GEN_DUID,1,"2015/09/17 01:10:00",CLUNY,4.072650,"2015/09/17 01:05:12"
D,METER_DATA,GEN_DUID,1,"2015/09/17 01:10:00",CNUNDAWF,5.506423,"2015/09/17 01:05:12"
D,METER_DATA,GEN_DUID,1,"2015/09/17 01:10:00",CULLRGWF,1.69,"2015/09/17 01:05:12"
D,METER_DATA,GEN_DUID,1,"2015/09/17 01:10:00",ERGT01,0,"2015/09/17 01:05:12"
D,METER_DATA,GEN_DUID,1,"2015/09/17 01:10:00",GB01,0.208096,"2015/09/17 01:05:12"
D,METER_DATA,GEN_DUID,1,"2015/09/17 01:10:00",GERMCRK,32,"2015/09/17 01:05:12"
D,METER_DATA,GEN_DUID,1,"2015/09/17 01:10:00",INVICTA,37.900002,"2015/09/17 01:05:12"
D,METER_DATA,GEN_DUID,1,"2015/09/17 01:10:00",LKBONNY1,-0.449338,"2015/09/17 01:05:12"
D,METER_DATA,GEN_DUID,1,"2015/09/17 01:10:00",MBAHNTH,51.356251,"2015/09/17 01:05:12"
D,METER_DATA,GEN_DUID,1,"2015/09/17 01:10:00",MLWF1,0.0150,"2015/09/17 01:05:12"
D,METER_DATA,GEN_DUID,1,"2015/09/17 01:10:00",MTMILLAR,9.614175,"2015/09/17 01:05:12"
D,METER_DATA,GEN_DUID,1,"2015/09/17 01:10:00",PALOONA,11.90,"2015/09/17 01:05:12"
D,METER_DATA,GEN_DUID,1,"2015/09/17 01:10:00",PIONEER,38.799999,"2015/09/17 01:05:12"
D,METER_DATA,GEN_DUID,1,"2015/09/17 01:10:00",PORTWF,14,"2015/09/17 01:05:12"
D,METER_DATA,GEN_DUID,1,"2015/09/17 01:10:00",REPULSE,5.125795,"2015/09/17 01:05:12"
D,METER_DATA,GEN_DUID,1,"2015/09/17 01:10:00",ROWALLAN,7.4692,"2015/09/17 01:05:12"
D,METER_DATA,GEN_DUID,1,"2015/09/17 01:10:00",RPCG,1.125241,"2015/09/17 01:05:12"
D,METER_DATA,GEN_DUID,1,"2015/09/17 01:10:00",RUBICON,0,"2015/09/17 01:05:12"
D,METER_DATA,GEN_DUID,1,"2015/09/17 01:10:00",STARHLWF,3.099096,"2015/09/17 01:05:12"
D,METER_DATA,GEN_DUID,1,"2015/09/17 01:10:00",WAUBRAWF,8.0560,"2015/09/17 01:05:12"
D,METER_DATA,GEN_DUID,1,"2015/09/17 01:10:00",WOOLNTH1,56.550018,"2015/09/17 01:05:12"
D,METER_DATA,GEN_DUID,1,"2015/09/17 01:10:00",WPWF,23,"2015/09/17 01:05:12"
D,METER_DATA,GEN_DUID,1,"2015/09/17 01:10:00",YAMBUKWF,1,"2015/09/17 01:05:12"
D,METER_DATA,GEN_DUID,1,"2015/09/17 01:15:00",ANGAS1,0,"2015/09/17 01:10:11"
D,METER_DATA,GEN_DUID,1,"2015/09/17 01:15:00",ANGAS2,0,"2015/09/17 01:10:11"
D,METER_DATA,GEN_DUID,1,"2015/09/17 01:15:00",BUTLERSG,-0.000002,"2015/09/17 01:10:11"
D,METER_DATA,GEN_DUID,1,"2015/09/17 01:15:00",CALL_A_4,0,"2015/09/17 01:10:11"
D,METER_DATA,GEN_DUID,1,"2015/09/17 01:15:00",CAPTL_WF,0,"2015/09/17 01:10:11"
D,METER_DATA,GEN_DUID,1,"2015/09/17 01:15:00",CATHROCK,1.71,"2015/09/17 01:10:11"
D,METER_DATA,GEN_DUID,1,"2015/09/17 01:15:00",CHALLHWF,1.20,"2015/09/17 01:10:11"
D,METER_DATA,GEN_DUID,1,"2015/09/17 01:15:00",CLOVER,-0.02,"2015/09/17 01:10:11"
D,METER_DATA,GEN_DUID,1,"2015/09/17 01:15:00",CLUNY,3.701110,"2015/09/17 01:10:11"
D,METER_DATA,GEN_DUID,1,"2015/09/17 01:15:00",CNUNDAWF,4.705489,"2015/09/17 01:10:11"
D,METER_DATA,GEN_DUID,1,"2015/09/17 01:15:00",CULLRGWF,1.51,"2015/09/17 01:10:11"
D,METER_DATA,GEN_DUID,1,"2015/09/17 01:15:00",ERGT01,0,"2015/09/17 01:10:11"
D,METER_DATA,GEN_DUID,1,"2015/09/17 01:15:00",GB01,0.208096,"2015/09/17 01:10:11"
D,METER_DATA,GEN_DUID,1,"2015/09/17 01:15:00",GERMCRK,31.90,"2015/09/17 01:10:11"
D,METER_DATA,GEN_DUID,1,"2015/09/17 01:15:00",INVICTA,37.900002,"2015/09/17 01:10:11"
D,METER_DATA,GEN_DUID,1,"2015/09/17 01:15:00",LKBONNY1,-0.449338,"2015/09/17 01:10:11"
D,METER_DATA,GEN_DUID,1,"2015/09/17 01:15:00",MBAHNTH,52.368752,"2015/09/17 01:10:11"
D,METER_DATA,GEN_DUID,1,"2015/09/17 01:15:00",MLWF1,0.0150,"2015/09/17 01:10:11"
D,METER_DATA,GEN_DUID,1,"2015/09/17 01:15:00",MTMILLAR,10.127625,"2015/09/17 01:10:11"
D,METER_DATA,GEN_DUID,1,"2015/09/17 01:15:00",PALOONA,11.79,"2015/09/17 01:10:11"
D,METER_DATA,GEN_DUID,1,"2015/09/17 01:15:00",PIONEER,39.799999,"2015/09/17 01:10:11"
D,METER_DATA,GEN_DUID,1,"2015/09/17 01:15:00",PORTWF,14.40,"2015/09/17 01:10:11"
D,METER_DATA,GEN_DUID,1,"2015/09/17 01:15:00",REPULSE,4.668475,"2015/09/17 01:10:11"
D,METER_DATA,GEN_DUID,1,"2015/09/17 01:15:00",ROWALLAN,7.0290,"2015/09/17 01:10:11"
D,METER_DATA,GEN_DUID,1,"2015/09/17 01:15:00",RPCG,5.327944,"2015/09/17 01:10:11"
D,METER_DATA,GEN_DUID,1,"2015/09/17 01:15:00",RUBICON,0,"2015/09/17 01:10:11"
D,METER_DATA,GEN_DUID,1,"2015/09/17 01:15:00",STARHLWF,3.898863,"2015/09/17 01:10:11"
D,METER_DATA,GEN_DUID,1,"2015/09/17 01:15:00",WAUBRAWF,7.2580,"2015/09/17 01:10:11"
D,METER_DATA,GEN_DUID,1,"2015/09/17 01:15:00",WOOLNTH1,57.370018,"2015/09/17 01:10:11"
D,METER_DATA,GEN_DUID,1,"2015/09/17 01:15:00",WPWF,22,"2015/09/17 01:10:11"
D,METER_DATA,GEN_DUID,1,"2015/09/17 01:15:00",YAMBUKWF,2.20,"2015/09/17 01:10:11"
D,METER_DATA,GEN_DUID,1,"2015/09/17 01:20:00",ANGAS1,0,"2015/09/17 01:15:09"
D,METER_DATA,GEN_DUID,1,"2015/09/17 01:20:00",ANGAS2,0,"2015/09/17 01:15:09"
D,METER_DATA,GEN_DUID,1,"2015/09/17 01:20:00",BUTLERSG,-0.000002,"2015/09/17 01:15:09"
D,METER_DATA,GEN_DUID,1,"2015/09/17 01:20:00",CALL_A_4,0,"2015/09/17 01:15:09"
D,METER_DATA,GEN_DUID,1,"2015/09/17 01:20:00",CAPTL_WF,0,"2015/09/17 01:15:09"
D,METER_DATA,GEN_DUID,1,"2015/09/17 01:20:00",CATHROCK,2.76,"2015/09/17 01:15:09"
D,METER_DATA,GEN_DUID,1,"2015/09/17 01:20:00",CHALLHWF,1.20,"2015/09/17 01:15:09"
D,METER_DATA,GEN_DUID,1,"2015/09/17 01:20:00",CLOVER,-0.01,"2015/09/17 01:15:09"
D,METER_DATA,GEN_DUID,1,"2015/09/17 01:20:00",CLUNY,4.115520,"2015/09/17 01:15:09"
D,METER_DATA,GEN_DUID,1,"2015/09/17 01:20:00",CNUNDAWF,5.206073,"2015/09/17 01:15:09"
D,METER_DATA,GEN_DUID,1,"2015/09/17 01:20:00",CULLRGWF,1.70,"2015/09/17 01:15:09"
D,METER_DATA,GEN_DUID,1,"2015/09/17 01:20:00",ERGT01,0,"2015/09/17 01:15:09"
D,METER_DATA,GEN_DUID,1,"2015/09/17 01:20:00",GB01,0.208096,"2015/09/17 01:15:09"
D,METER_DATA,GEN_DUID,1,"2015/09/17 01:20:00",GERMCRK,32.299999,"2015/09/17 01:15:09"
D,METER_DATA,GEN_DUID,1,"2015/09/17 01:20:00",INVICTA,37.900002,"2015/09/17 01:15:09"
D,METER_DATA,GEN_DUID,1,"2015/09/17 01:20:00",LKBONNY1,-0.449338,"2015/09/17 01:15:09"
D,METER_DATA,GEN_DUID,1,"2015/09/17 01:20:00",MBAHNTH,52.368752,"2015/09/17 01:15:09"
D,METER_DATA,GEN_DUID,1,"2015/09/17 01:20:00",MLWF1,0.0150,"2015/09/17 01:15:09"
D,METER_DATA,GEN_DUID,1,"2015/09/17 01:20:00",MTMILLAR,10.871756,"2015/09/17 01:15:09"
D,METER_DATA,GEN_DUID,1,"2015/09/17 01:20:00",PALOONA,11.79,"2015/09/17 01:15:09"
D,METER_DATA,GEN_DUID,1,"2015/09/17 01:20:00",PIONEER,40.700001,"2015/09/17 01:15:09"
D,METER_DATA,GEN_DUID,1,"2015/09/17 01:20:00",PORTWF,28.40,"2015/09/17 01:15:09"
D,METER_DATA,GEN_DUID,1,"2015/09/17 01:20:00",REPULSE,5.316345,"2015/09/17 01:15:09"
D,METER_DATA,GEN_DUID,1,"2015/09/17 01:20:00",ROWALLAN,7.5757,"2015/09/17 01:15:09"
D,METER_DATA,GEN_DUID,1,"2015/09/17 01:20:00",RPCG,5.329941,"2015/09/17 01:15:09"
D,METER_DATA,GEN_DUID,1,"2015/09/17 01:20:00",RUBICON,0,"2015/09/17 01:15:09"
D,METER_DATA,GEN_DUID,1,"2015/09/17 01:20:00",STARHLWF,3.399009,"2015/09/17 01:15:09"
D,METER_DATA,GEN_DUID,1,"2015/09/17 01:20:00",WAUBRAWF,8.2960,"2015/09/17 01:15:09"
D,METER_DATA,GEN_DUID,1,"2015/09/17 01:20:00",WOOLNTH1,57.700016,"2015/09/17 01:15:09"
D,METER_DATA,GEN_DUID,1,"2015/09/17 01:20:00",WPWF,20,"2015/09/17 01:15:09"
D,METER_DATA,GEN_DUID,1,"2015/09/17 01:20:00",YAMBUKWF,2.90,"2015/09/17 01:15:09"
D,METER_DATA,GEN_DUID,1,"2015/09/17 01:25:00",ANGAS1,0,"2015/09/17 01:20:08"
D,METER_DATA,GEN_DUID,1,"2015/09/17 01:25:00",ANGAS2,0,"2015/09/17 01:20:08"
D,METER_DATA,GEN_DUID,1,"2015/09/17 01:25:00",BUTLERSG,-0.000002,"2015/09/17 01:20:08"
D,METER_DATA,GEN_DUID,1,"2015/09/17 01:25:00",CALL_A_4,0,"2015/09/17 01:20:08"
D,METER_DATA,GEN_DUID,1,"2015/09/17 01:25:00",CAPTL_WF,0,"2015/09/17 01:20:08"
D,METER_DATA,GEN_DUID,1,"2015/09/17 01:25:00",CATHROCK,2.36,"2015/09/17 01:20:08"
D,METER_DATA,GEN_DUID,1,"2015/09/17 01:25:00",CHALLHWF,0.80,"2015/09/17 01:20:08"
D,METER_DATA,GEN_DUID,1,"2015/09/17 01:25:00",CLOVER,-0.01,"2015/09/17 01:20:08"
D,METER_DATA,GEN_DUID,1,"2015/09/17 01:25:00",CLUNY,3.986910,"2015/09/17 01:20:08"
D,METER_DATA,GEN_DUID,1,"2015/09/17 01:25:00",CNUNDAWF,6.007008,"2015/09/17 01:20:08"
D,METER_DATA,GEN_DUID,1,"2015/09/17 01:25:00",CULLRGWF,2.20,"2015/09/17 01:20:08"
D,METER_DATA,GEN_DUID,1,"2015/09/17 01:25:00",ERGT01,0,"2015/09/17 01:20:08"
D,METER_DATA,GEN_DUID,1,"2015/09/17 01:25:00",GB01,0.208096,"2015/09/17 01:20:08"
D,METER_DATA,GEN_DUID,1,"2015/09/17 01:25:00",GERMCRK,32,"2015/09/17 01:20:08"
D,METER_DATA,GEN_DUID,1,"2015/09/17 01:25:00",INVICTA,37.900002,"2015/09/17 01:20:08"
D,METER_DATA,GEN_DUID,1,"2015/09/17 01:25:00",LKBONNY1,-0.449338,"2015/09/17 01:20:08"
D,METER_DATA,GEN_DUID,1,"2015/09/17 01:25:00",MBAHNTH,51.150002,"2015/09/17 01:20:08"
D,METER_DATA,GEN_DUID,1,"2015/09/17 01:25:00",MLWF1,0.0150,"2015/09/17 01:20:08"
D,METER_DATA,GEN_DUID,1,"2015/09/17 01:25:00",MTMILLAR,9.0784,"2015/09/17 01:20:08"
D,METER_DATA,GEN_DUID,1,"2015/09/17 01:25:00",PALOONA,11.79,"2015/09/17 01:20:08"
D,METER_DATA,GEN_DUID,1,"2015/09/17 01:25:00",PIONEER,41.50,"2015/09/17 01:20:08"
D,METER_DATA,GEN_DUID,1,"2015/09/17 01:25:00",PORTWF,26.700001,"2015/09/17 01:20:08"
D,METER_DATA,GEN_DUID,1,"2015/09/17 01:25:00",REPULSE,5.106740,"2015/09/17 01:20:08"
D,METER_DATA,GEN_DUID,1,"2015/09/17 01:25:00",ROWALLAN,7.5118,"2015/09/17 01:20:08"
D,METER_DATA,GEN_DUID,1,"2015/09/17 01:25:00",RPCG,5.384521,"2015/09/17 01:20:08"
D,METER_DATA,GEN_DUID,1,"2015/09/17 01:25:00",RUBICON,0,"2015/09/17 01:20:08"
D,METER_DATA,GEN_DUID,1,"2015/09/17 01:25:00",STARHLWF,2.999125,"2015/09/17 01:20:08"
D,METER_DATA,GEN_DUID,1,"2015/09/17 01:25:00",WAUBRAWF,9.9460,"2015/09/17 01:20:08"
D,METER_DATA,GEN_DUID,1,"2015/09/17 01:25:00",WOOLNTH1,52.930016,"2015/09/17 01:20:08"
D,METER_DATA,GEN_DUID,1,"2015/09/17 01:25:00",WPWF,18,"2015/09/17 01:20:08"
D,METER_DATA,GEN_DUID,1,"2015/09/17 01:25:00",YAMBUKWF,3,"2015/09/17 01:20:08"
D,METER_DATA,GEN_DUID,1,"2015/09/17 01:30:00",ANGAS1,0,"2015/09/17 01:25:10"
D,METER_DATA,GEN_DUID,1,"2015/09/17 01:30:00",ANGAS2,0,"2015/09/17 01:25:10"
D,METER_DATA,GEN_DUID,1,"2015/09/17 01:30:00",BUTLERSG,-0.000002,"2015/09/17 01:25:10"
D,METER_DATA,GEN_DUID,1,"2015/09/17 01:30:00",CALL_A_4,0,"2015/09/17 01:25:10"
D,METER_DATA,GEN_DUID,1,"2015/09/17 01:30:00",CAPTL_WF,0,"2015/09/17 01:25:10"
D,METER_DATA,GEN_DUID,1,"2015/09/17 01:30:00",CATHROCK,1.39,"2015/09/17 01:25:10"
D,METER_DATA,GEN_DUID,1,"2015/09/17 01:30:00",CHALLHWF,1.30,"2015/09/17 01:25:10"
D,METER_DATA,GEN_DUID,1,"2015/09/17 01:30:00",CLOVER,-0.01,"2015/09/17 01:25:10"
D,METER_DATA,GEN_DUID,1,"2015/09/17 01:30:00",CLUNY,3.986910,"2015/09/17 01:25:10"
D,METER_DATA,GEN_DUID,1,"2015/09/17 01:30:00",CNUNDAWF,11.513432,"2015/09/17 01:25:10"
D,METER_DATA,GEN_DUID,1,"2015/09/17 01:30:00",CULLRGWF,2.76,"2015/09/17 01:25:10"
D,METER_DATA,GEN_DUID,1,"2015/09/17 01:30:00",ERGT01,0,"2015/09/17 01:25:10"
D,METER_DATA,GEN_DUID,1,"2015/09/17 01:30:00",GB01,0.208096,"2015/09/17 01:25:10"
D,METER_DATA,GEN_DUID,1,"2015/09/17 01:30:00",GERMCRK,32.099998,"2015/09/17 01:25:10"
D,METER_DATA,GEN_DUID,1,"2015/09/17 01:30:00",INVICTA,37.900002,"2015/09/17 01:25:10"
D,METER_DATA,GEN_DUID,1,"2015/09/17 01:30:00",LKBONNY1,-0.449338,"2015/09/17 01:25:10"
D,METER_DATA,GEN_DUID,1,"2015/09/17 01:30:00",MBAHNTH,49.012501,"2015/09/17 01:25:10"
D,METER_DATA,GEN_DUID,1,"2015/09/17 01:30:00",MLWF1,0.0150,"2015/09/17 01:25:10"
D,METER_DATA,GEN_DUID,1,"2015/09/17 01:30:00",MTMILLAR,8.944456,"2015/09/17 01:25:10"
D,METER_DATA,GEN_DUID,1,"2015/09/17 01:30:00",PALOONA,11.91,"2015/09/17 01:25:10"
D,METER_DATA,GEN_DUID,1,"2015/09/17 01:30:00",PIONEER,41.50,"2015/09/17 01:25:10"
D,METER_DATA,GEN_DUID,1,"2015/09/17 01:30:00",PORTWF,22.10,"2015/09/17 01:25:10"
D,METER_DATA,GEN_DUID,1,"2015/09/17 01:30:00",REPULSE,5.030520,"2015/09/17 01:25:10"
D,METER_DATA,GEN_DUID,1,"2015/09/17 01:30:00",ROWALLAN,7.6112,"2015/09/17 01:25:10"
D,METER_DATA,GEN_DUID,1,"2015/09/17 01:30:00",RPCG,1.114737,"2015/09/17 01:25:10"
D,METER_DATA,GEN_DUID,1,"2015/09/17 01:30:00",RUBICON,0,"2015/09/17 01:25:10"
D,METER_DATA,GEN_DUID,1,"2015/09/17 01:30:00",STARHLWF,2.599242,"2015/09/17 01:25:10"
D,METER_DATA,GEN_DUID,1,"2015/09/17 01:30:00",WAUBRAWF,12.2660,"2015/09/17 01:25:10"
D,METER_DATA,GEN_DUID,1,"2015/09/17 01:30:00",WOOLNTH1,49.660019,"2015/09/17 01:25:10"
D,METER_DATA,GEN_DUID,1,"2015/09/17 01:30:00",WPWF,15,"2015/09/17 01:25:10"
D,METER_DATA,GEN_DUID,1,"2015/09/17 01:30:00",YAMBUKWF,2.30,"2015/09/17 01:25:10"
D,METER_DATA,GEN_DUID,1,"2015/09/17 01:35:00",ANGAS1,0,"2015/09/17 01:30:11"
D,METER_DATA,GEN_DUID,1,"2015/09/17 01:35:00",ANGAS2,0,"2015/09/17 01:30:11"
D,METER_DATA,GEN_DUID,1,"2015/09/17 01:35:00",BUTLERSG,-0.000002,"2015/09/17 01:30:11"
D,METER_DATA,GEN_DUID,1,"2015/09/17 01:35:00",CALL_A_4,0,"2015/09/17 01:30:11"
D,METER_DATA,GEN_DUID,1,"2015/09/17 01:35:00",CAPTL_WF,0,"2015/09/17 01:30:11"
D,METER_DATA,GEN_DUID,1,"2015/09/17 01:35:00",CATHROCK,1.81,"2015/09/17 01:30:11"
D,METER_DATA,GEN_DUID,1,"2015/09/17 01:35:00",CHALLHWF,1.50,"2015/09/17 01:30:11"
D,METER_DATA,GEN_DUID,1,"2015/09/17 01:35:00",CLOVER,-0.01,"2015/09/17 01:30:11"
D,METER_DATA,GEN_DUID,1,"2015/09/17 01:35:00",CLUNY,3.944040,"2015/09/17 01:30:11"
D,METER_DATA,GEN_DUID,1,"2015/09/17 01:35:00",CNUNDAWF,20.223591,"2015/09/17 01:30:11"
D,METER_DATA,GEN_DUID,1,"2015/09/17 01:35:00",CULLRGWF,2.22,"2015/09/17 01:30:11"
D,METER_DATA,GEN_DUID,1,"2015/09/17 01:35:00",ERGT01,0,"2015/09/17 01:30:11"
D,METER_DATA,GEN_DUID,1,"2015/09/17 01:35:00",GB01,0.208096,"2015/09/17 01:30:11"
D,METER_DATA,GEN_DUID,1,"2015/09/17 01:35:00",GERMCRK,31.799999,"2015/09/17 01:30:11"
D,METER_DATA,GEN_DUID,1,"2015/09/17 01:35:00",INVICTA,37.900002,"2015/09/17 01:30:11"
D,METER_DATA,GEN_DUID,1,"2015/09/17 01:35:00",LKBONNY1,-0.449338,"2015/09/17 01:30:11"
D,METER_DATA,GEN_DUID,1,"2015/09/17 01:35:00",MBAHNTH,50.081253,"2015/09/17 01:30:11"
D,METER_DATA,GEN_DUID,1,"2015/09/17 01:35:00",MLWF1,0.0150,"2015/09/17 01:30:11"
D,METER_DATA,GEN_DUID,1,"2015/09/17 01:35:00",MTMILLAR,7.984527,"2015/09/17 01:30:11"
D,METER_DATA,GEN_DUID,1,"2015/09/17 01:35:00",PALOONA,11.82,"2015/09/17 01:30:11"
D,METER_DATA,GEN_DUID,1,"2015/09/17 01:35:00",PIONEER,40.100002,"2015/09/17 01:30:11"
D,METER_DATA,GEN_DUID,1,"2015/09/17 01:35:00",PORTWF,23.50,"2015/09/17 01:30:11"
D,METER_DATA,GEN_DUID,1,"2015/09/17 01:35:00",REPULSE,4.992410,"2015/09/17 01:30:11"
D,METER_DATA,GEN_DUID,1,"2015/09/17 01:35:00",ROWALLAN,7.4053,"2015/09/17 01:30:11"
D,METER_DATA,GEN_DUID,1,"2015/09/17 01:35:00",RPCG,1.113328,"2015/09/17 01:30:11"
D,METER_DATA,GEN_DUID,1,"2015/09/17 01:35:00",RUBICON,0,"2015/09/17 01:30:11"
D,METER_DATA,GEN_DUID,1,"2015/09/17 01:35:00",STARHLWF,1.899446,"2015/09/17 01:30:11"
D,METER_DATA,GEN_DUID,1,"2015/09/17 01:35:00",WAUBRAWF,13.6990,"2015/09/17 01:30:11"
D,METER_DATA,GEN_DUID,1,"2015/09/17 01:35:00",WOOLNTH1,71.860016,"2015/09/17 01:30:11"
D,METER_DATA,GEN_DUID,1,"2015/09/17 01:35:00",WPWF,16,"2015/09/17 01:30:11"
D,METER_DATA,GEN_DUID,1,"2015/09/17 01:35:00",YAMBUKWF,1.80,"2015/09/17 01:30:11"
D,METER_DATA,GEN_DUID,1,"2015/09/17 01:40:00",ANGAS1,0,"2015/09/17 01:35:11"
D,METER_DATA,GEN_DUID,1,"2015/09/17 01:40:00",ANGAS2,0,"2015/09/17 01:35:11"
D,METER_DATA,GEN_DUID,1,"2015/09/17 01:40:00",BUTLERSG,-0.000002,"2015/09/17 01:35:11"
D,METER_DATA,GEN_DUID,1,"2015/09/17 01:40:00",CALL_A_4,0,"2015/09/17 01:35:11"
D,METER_DATA,GEN_DUID,1,"2015/09/17 01:40:00",CAPTL_WF,0,"2015/09/17 01:35:11"
D,METER_DATA,GEN_DUID,1,"2015/09/17 01:40:00",CATHROCK,0,"2015/09/17 01:35:11"
D,METER_DATA,GEN_DUID,1,"2015/09/17 01:40:00",CHALLHWF,2.30,"2015/09/17 01:35:11"
D,METER_DATA,GEN_DUID,1,"2015/09/17 01:40:00",CLOVER,0,"2015/09/17 01:35:11"
D,METER_DATA,GEN_DUID,1,"2015/09/17 01:40:00",CLUNY,4.072650,"2015/09/17 01:35:11"
D,METER_DATA,GEN_DUID,1,"2015/09/17 01:40:00",CNUNDAWF,13.415649,"2015/09/17 01:35:11"
D,METER_DATA,GEN_DUID,1,"2015/09/17 01:40:00",CULLRGWF,2.32,"2015/09/17 01:35:11"
D,METER_DATA,GEN_DUID,1,"2015/09/17 01:40:00",ERGT01,0,"2015/09/17 01:35:11"
D,METER_DATA,GEN_DUID,1,"2015/09/17 01:40:00",GB01,0.208096,"2015/09/17 01:35:11"
D,METER_DATA,GEN_DUID,1,"2015/09/17 01:40:00",GERMCRK,32,"2015/09/17 01:35:11"
D,METER_DATA,GEN_DUID,1,"2015/09/17 01:40:00",INVICTA,37.900002,"2015/09/17 01:35:11"
D,METER_DATA,GEN_DUID,1,"2015/09/17 01:40:00",LKBONNY1,-0.449338,"2015/09/17 01:35:11"
D,METER_DATA,GEN_DUID,1,"2015/09/17 01:40:00",MBAHNTH,50.081253,"2015/09/17 01:35:11"
D,METER_DATA,GEN_DUID,1,"2015/09/17 01:40:00",MLWF1,0.21,"2015/09/17 01:35:11"
D,METER_DATA,GEN_DUID,1,"2015/09/17 01:40:00",MTMILLAR,9.755559,"2015/09/17 01:35:11"
D,METER_DATA,GEN_DUID,1,"2015/09/17 01:40:00",PALOONA,11.82,"2015/09/17 01:35:11"
D,METER_DATA,GEN_DUID,1,"2015/09/17 01:40:00",PIONEER,40.50,"2015/09/17 01:35:11"
D,METER_DATA,GEN_DUID,1,"2015/09/17 01:40:00",PORTWF,29,"2015/09/17 01:35:11"
D,METER_DATA,GEN_DUID,1,"2015/09/17 01:40:00",REPULSE,5.011465,"2015/09/17 01:35:11"
D,METER_DATA,GEN_DUID,1,"2015/09/17 01:40:00",ROWALLAN,7.4124,"2015/09/17 01:35:11"
D,METER_DATA,GEN_DUID,1,"2015/09/17 01:40:00",RPCG,5.324506,"2015/09/17 01:35:11"
D,METER_DATA,GEN_DUID,1,"2015/09/17 01:40:00",RUBICON,0,"2015/09/17 01:35:11"
D,METER_DATA,GEN_DUID,1,"2015/09/17 01:40:00",STARHLWF,1.899446,"2015/09/17 01:35:11"
D,METER_DATA,GEN_DUID,1,"2015/09/17 01:40:00",WAUBRAWF,13.5490,"2015/09/17 01:35:11"
D,METER_DATA,GEN_DUID,1,"2015/09/17 01:40:00",WOOLNTH1,88.010017,"2015/09/17 01:35:11"
D,METER_DATA,GEN_DUID,1,"2015/09/17 01:40:00",WPWF,16,"2015/09/17 01:35:11"
D,METER_DATA,GEN_DUID,1,"2015/09/17 01:40:00",YAMBUKWF,0.70,"2015/09/17 01:35:11"
D,METER_DATA,GEN_DUID,1,"2015/09/17 01:45:00",ANGAS1,0,"2015/09/17 01:40:11"
D,METER_DATA,GEN_DUID,1,"2015/09/17 01:45:00",ANGAS2,0,"2015/09/17 01:40:11"
D,METER_DATA,GEN_DUID,1,"2015/09/17 01:45:00",BUTLERSG,-0.000002,"2015/09/17 01:40:11"
D,METER_DATA,GEN_DUID,1,"2015/09/17 01:45:00",CALL_A_4,0,"2015/09/17 01:40:11"
D,METER_DATA,GEN_DUID,1,"2015/09/17 01:45:00",CAPTL_WF,0,"2015/09/17 01:40:11"
D,METER_DATA,GEN_DUID,1,"2015/09/17 01:45:00",CATHROCK,0,"2015/09/17 01:40:11"
D,METER_DATA,GEN_DUID,1,"2015/09/17 01:45:00",CHALLHWF,2.20,"2015/09/17 01:40:11"
D,METER_DATA,GEN_DUID,1,"2015/09/17 01:45:00",CLOVER,-0.01,"2015/09/17 01:40:11"
D,METER_DATA,GEN_DUID,1,"2015/09/17 01:45:00",CLUNY,4.129810,"2015/09/17 01:40:11"
D,METER_DATA,GEN_DUID,1,"2015/09/17 01:45:00",CNUNDAWF,10.111795,"2015/09/17 01:40:11"
D,METER_DATA,GEN_DUID,1,"2015/09/17 01:45:00",CULLRGWF,1.93,"2015/09/17 01:40:11"
D,METER_DATA,GEN_DUID,1,"2015/09/17 01:45:00",ERGT01,0,"2015/09/17 01:40:11"
D,METER_DATA,GEN_DUID,1,"2015/09/17 01:45:00",GB01,0.208096,"2015/09/17 01:40:11"
D,METER_DATA,GEN_DUID,1,"2015/09/17 01:45:00",GERMCRK,31.90,"2015/09/17 01:40:11"
D,METER_DATA,GEN_DUID,1,"2015/09/17 01:45:00",INVICTA,37.900002,"2015/09/17 01:40:11"
D,METER_DATA,GEN_DUID,1,"2015/09/17 01:45:00",LKBONNY1,-0.449338,"2015/09/17 01:40:11"
D,METER_DATA,GEN_DUID,1,"2015/09/17 01:45:00",MBAHNTH,50.081253,"2015/09/17 01:40:11"
D,METER_DATA,GEN_DUID,1,"2015/09/17 01:45:00",MLWF1,0.2250,"2015/09/17 01:40:11"
D,METER_DATA,GEN_DUID,1,"2015/09/17 01:45:00",MTMILLAR,8.698894,"2015/09/17 01:40:11"
D,METER_DATA,GEN_DUID,1,"2015/09/17 01:45:00",PALOONA,11.82,"2015/09/17 01:40:11"
D,METER_DATA,GEN_DUID,1,"2015/09/17 01:45:00",PIONEER,39.50,"2015/09/17 01:40:11"
D,METER_DATA,GEN_DUID,1,"2015/09/17 01:45:00",PORTWF,28,"2015/09/17 01:40:11"
D,METER_DATA,GEN_DUID,1,"2015/09/17 01:45:00",REPULSE,3.887220,"2015/09/17 01:40:11"
D,METER_DATA,GEN_DUID,1,"2015/09/17 01:45:00",ROWALLAN,7.5828,"2015/09/17 01:40:11"
D,METER_DATA,GEN_DUID,1,"2015/09/17 01:45:00",RPCG,5.333248,"2015/09/17 01:40:11"
D,METER_DATA,GEN_DUID,1,"2015/09/17 01:45:00",RUBICON,0,"2015/09/17 01:40:11"
D,METER_DATA,GEN_DUID,1,"2015/09/17 01:45:00",STARHLWF,1.899446,"2015/09/17 01:40:11"
D,METER_DATA,GEN_DUID,1,"2015/09/17 01:45:00",WAUBRAWF,17.752001,"2015/09/17 01:40:11"
D,METER_DATA,GEN_DUID,1,"2015/09/17 01:45:00",WOOLNTH1,54.930016,"2015/09/17 01:40:11"
D,METER_DATA,GEN_DUID,1,"2015/09/17 01:45:00",WPWF,16,"2015/09/17 01:40:11"
D,METER_DATA,GEN_DUID,1,"2015/09/17 01:45:00",YAMBUKWF,0.20,"2015/09/17 01:40:11"
D,METER_DATA,GEN_DUID,1,"2015/09/17 01:50:00",ANGAS1,0,"2015/09/17 01:45:12"
D,METER_DATA,GEN_DUID,1,"2015/09/17 01:50:00",ANGAS2,0,"2015/09/17 01:45:12"
D,METER_DATA,GEN_DUID,1,"2015/09/17 01:50:00",BUTLERSG,-0.000002,"2015/09/17 01:45:12"
D,METER_DATA,GEN_DUID,1,"2015/09/17 01:50:00",CALL_A_4,0,"2015/09/17 01:45:12"
D,METER_DATA,GEN_DUID,1,"2015/09/17 01:50:00",CAPTL_WF,0,"2015/09/17 01:45:12"
D,METER_DATA,GEN_DUID,1,"2015/09/17 01:50:00",CATHROCK,0,"2015/09/17 01:45:12"
D,METER_DATA,GEN_DUID,1,"2015/09/17 01:50:00",CHALLHWF,2,"2015/09/17 01:45:12"
D,METER_DATA,GEN_DUID,1,"2015/09/17 01:50:00",CLOVER,-0.01,"2015/09/17 01:45:12"
D,METER_DATA,GEN_DUID,1,"2015/09/17 01:50:00",CLUNY,4.201260,"2015/09/17 01:45:12"
D,METER_DATA,GEN_DUID,1,"2015/09/17 01:50:00",CNUNDAWF,9.811445,"2015/09/17 01:45:12"
D,METER_DATA,GEN_DUID,1,"2015/09/17 01:50:00",CULLRGWF,2.12,"2015/09/17 01:45:12"
D,METER_DATA,GEN_DUID,1,"2015/09/17 01:50:00",ERGT01,0,"2015/09/17 01:45:12"
D,METER_DATA,GEN_DUID,1,"2015/09/17 01:50:00",GB01,0.208096,"2015/09/17 01:45:12"
D,METER_DATA,GEN_DUID,1,"2015/09/17 01:50:00",GERMCRK,32,"2015/09/17 01:45:12"
D,METER_DATA,GEN_DUID,1,"2015/09/17 01:50:00",INVICTA,37.900002,"2015/09/17 01:45:12"
D,METER_DATA,GEN_DUID,1,"2015/09/17 01:50:00",LKBONNY1,-0.449338,"2015/09/17 01:45:12"
D,METER_DATA,GEN_DUID,1,"2015/09/17 01:50:00",MBAHNTH,50.081253,"2015/09/17 01:45:12"
D,METER_DATA,GEN_DUID,1,"2015/09/17 01:50:00",MLWF1,0.42,"2015/09/17 01:45:12"
D,METER_DATA,GEN_DUID,1,"2015/09/17 01:50:00",MTMILLAR,7.939879,"2015/09/17 01:45:12"
D,METER_DATA,GEN_DUID,1,"2015/09/17 01:50:00",PALOONA,11.719999,"2015/09/17 01:45:12"
D,METER_DATA,GEN_DUID,1,"2015/09/17 01:50:00",PIONEER,35.100002,"2015/09/17 01:45:12"
D,METER_DATA,GEN_DUID,1,"2015/09/17 01:50:00",PORTWF,29.200001,"2015/09/17 01:45:12"
D,METER_DATA,GEN_DUID,1,"2015/09/17 01:50:00",REPULSE,3.677615,"2015/09/17 01:45:12"
D,METER_DATA,GEN_DUID,1,"2015/09/17 01:50:00",ROWALLAN,7.6538,"2015/09/17 01:45:12"
D,METER_DATA,GEN_DUID,1,"2015/09/17 01:50:00",RPCG,5.399406,"2015/09/17 01:45:12"
D,METER_DATA,GEN_DUID,1,"2015/09/17 01:50:00",RUBICON,0,"2015/09/17 01:45:12"
D,METER_DATA,GEN_DUID,1,"2015/09/17 01:50:00",STARHLWF,1.699504,"2015/09/17 01:45:12"
D,METER_DATA,GEN_DUID,1,"2015/09/17 01:50:00",WAUBRAWF,23.2150,"2015/09/17 01:45:12"
D,METER_DATA,GEN_DUID,1,"2015/09/17 01:50:00",WOOLNTH1,53.210014,"2015/09/17 01:45:12"
D,METER_DATA,GEN_DUID,1,"2015/09/17 01:50:00",WPWF,16,"2015/09/17 01:45:12"
D,METER_DATA,GEN_DUID,1,"2015/09/17 01:50:00",YAMBUKWF,0.40,"2015/09/17 01:45:12"
D,METER_DATA,GEN_DUID,1,"2015/09/17 01:55:00",ANGAS1,0,"2015/09/17 01:50:10"
D,METER_DATA,GEN_DUID,1,"2015/09/17 01:55:00",ANGAS2,0,"2015/09/17 01:50:10"
D,METER_DATA,GEN_DUID,1,"2015/09/17 01:55:00",BUTLERSG,-0.000002,"2015/09/17 01:50:10"
D,METER_DATA,GEN_DUID,1,"2015/09/17 01:55:00",CALL_A_4,0,"2015/09/17 01:50:10"
D,METER_DATA,GEN_DUID,1,"2015/09/17 01:55:00",CAPTL_WF,0,"2015/09/17 01:50:10"
D,METER_DATA,GEN_DUID,1,"2015/09/17 01:55:00",CATHROCK,2.78,"2015/09/17 01:50:10"
D,METER_DATA,GEN_DUID,1,"2015/09/17 01:55:00",CHALLHWF,1.90,"2015/09/17 01:50:10"
D,METER_DATA,GEN_DUID,1,"2015/09/17 01:55:00",CLOVER,-0.02,"2015/09/17 01:50:10"
D,METER_DATA,GEN_DUID,1,"2015/09/17 01:55:00",CLUNY,4.172680,"2015/09/17 01:50:10"
D,METER_DATA,GEN_DUID,1,"2015/09/17 01:55:00",CNUNDAWF,8.610044,"2015/09/17 01:50:10"
D,METER_DATA,GEN_DUID,1,"2015/09/17 01:55:00",CULLRGWF,1.48,"2015/09/17 01:50:10"
D,METER_DATA,GEN_DUID,1,"2015/09/17 01:55:00",ERGT01,0,"2015/09/17 01:50:10"
D,METER_DATA,GEN_DUID,1,"2015/09/17 01:55:00",GB01,0.208096,"2015/09/17 01:50:10"
D,METER_DATA,GEN_DUID,1,"2015/09/17 01:55:00",GERMCRK,31.60,"2015/09/17 01:50:10"
D,METER_DATA,GEN_DUID,1,"2015/09/17 01:55:00",INVICTA,37.900002,"2015/09/17 01:50:10"
D,METER_DATA,GEN_DUID,1,"2015/09/17 01:55:00",LKBONNY1,-0.449338,"2015/09/17 01:50:10"
D,METER_DATA,GEN_DUID,1,"2015/09/17 01:55:00",MBAHNTH,50.081253,"2015/09/17 01:50:10"
D,METER_DATA,GEN_DUID,1,"2015/09/17 01:55:00",MLWF1,0.42,"2015/09/17 01:50:10"
D,METER_DATA,GEN_DUID,1,"2015/09/17 01:55:00",MTMILLAR,7.657109,"2015/09/17 01:50:10"
D,METER_DATA,GEN_DUID,1,"2015/09/17 01:55:00",PALOONA,11.91,"2015/09/17 01:50:10"
D,METER_DATA,GEN_DUID,1,"2015/09/17 01:55:00",PIONEER,36.299999,"2015/09/17 01:50:10"
D,METER_DATA,GEN_DUID,1,"2015/09/17 01:55:00",PORTWF,23.200001,"2015/09/17 01:50:10"
D,METER_DATA,GEN_DUID,1,"2015/09/17 01:55:00",REPULSE,3.753835,"2015/09/17 01:50:10"
D,METER_DATA,GEN_DUID,1,"2015/09/17 01:55:00",ROWALLAN,7.5473,"2015/09/17 01:50:10"
D,METER_DATA,GEN_DUID,1,"2015/09/17 01:55:00",RPCG,5.420747,"2015/09/17 01:50:10"
D,METER_DATA,GEN_DUID,1,"2015/09/17 01:55:00",RUBICON,0,"2015/09/17 01:50:10"
D,METER_DATA,GEN_DUID,1,"2015/09/17 01:55:00",STARHLWF,1.699504,"2015/09/17 01:50:10"
D,METER_DATA,GEN_DUID,1,"2015/09/17 01:55:00",WAUBRAWF,27.200001,"2015/09/17 01:50:10"
D,METER_DATA,GEN_DUID,1,"2015/09/17 01:55:00",WOOLNTH1,52.230019,"2015/09/17 01:50:10"
D,METER_DATA,GEN_DUID,1,"2015/09/17 01:55:00",WPWF,15,"2015/09/17 01:50:10"
D,METER_DATA,GEN_DUID,1,"2015/09/17 01:55:00",YAMBUKWF,0.30,"2015/09/17 01:50:10"
D,METER_DATA,GEN_DUID,1,"2015/09/17 02:00:00",ANGAS1,0,"2015/09/17 01:55:11"
D,METER_DATA,GEN_DUID,1,"2015/09/17 02:00:00",ANGAS2,0,"2015/09/17 01:55:11"
D,METER_DATA,GEN_DUID,1,"2015/09/17 02:00:00",BUTLERSG,-0.000002,"2015/09/17 01:55:11"
D,METER_DATA,GEN_DUID,1,"2015/09/17 02:00:00",CALL_A_4,0,"2015/09/17 01:55:11"
D,METER_DATA,GEN_DUID,1,"2015/09/17 02:00:00",CAPTL_WF,0,"2015/09/17 01:55:11"
D,METER_DATA,GEN_DUID,1,"2015/09/17 02:00:00",CATHROCK,0,"2015/09/17 01:55:11"
D,METER_DATA,GEN_DUID,1,"2015/09/17 02:00:00",CHALLHWF,2,"2015/09/17 01:55:11"
D,METER_DATA,GEN_DUID,1,"2015/09/17 02:00:00",CLOVER,-0.01,"2015/09/17 01:55:11"
D,METER_DATA,GEN_DUID,1,"2015/09/17 02:00:00",CLUNY,4.029780,"2015/09/17 01:55:11"
D,METER_DATA,GEN_DUID,1,"2015/09/17 02:00:00",CNUNDAWF,8.209577,"2015/09/17 01:55:11"
D,METER_DATA,GEN_DUID,1,"2015/09/17 02:00:00",CULLRGWF,1.91,"2015/09/17 01:55:11"
D,METER_DATA,GEN_DUID,1,"2015/09/17 02:00:00",ERGT01,0,"2015/09/17 01:55:11"
D,METER_DATA,GEN_DUID,1,"2015/09/17 02:00:00",GB01,0.208096,"2015/09/17 01:55:11"
D,METER_DATA,GEN_DUID,1,"2015/09/17 02:00:00",GERMCRK,31.700001,"2015/09/17 01:55:11"
D,METER_DATA,GEN_DUID,1,"2015/09/17 02:00:00",INVICTA,37.900002,"2015/09/17 01:55:11"
D,METER_DATA,GEN_DUID,1,"2015/09/17 02:00:00",LKBONNY1,-0.449338,"2015/09/17 01:55:11"
D,METER_DATA,GEN_DUID,1,"2015/09/17 02:00:00",MBAHNTH,51.187504,"2015/09/17 01:55:11"
D,METER_DATA,GEN_DUID,1,"2015/09/17 02:00:00",MLWF1,0.72,"2015/09/17 01:55:11"
D,METER_DATA,GEN_DUID,1,"2015/09/17 02:00:00",MTMILLAR,7.746405,"2015/09/17 01:55:11"
D,METER_DATA,GEN_DUID,1,"2015/09/17 02:00:00",PALOONA,11.70,"2015/09/17 01:55:11"
D,METER_DATA,GEN_DUID,1,"2015/09/17 02:00:00",PIONEER,34.700001,"2015/09/17 01:55:11"
D,METER_DATA,GEN_DUID,1,"2015/09/17 02:00:00",PORTWF,22,"2015/09/17 01:55:11"
D,METER_DATA,GEN_DUID,1,"2015/09/17 02:00:00",REPULSE,3.963440,"2015/09/17 01:55:11"
D,METER_DATA,GEN_DUID,1,"2015/09/17 02:00:00",ROWALLAN,7.3698,"2015/09/17 01:55:11"
D,METER_DATA,GEN_DUID,1,"2015/09/17 02:00:00",RPCG,5.385821,"2015/09/17 01:55:11"
D,METER_DATA,GEN_DUID,1,"2015/09/17 02:00:00",RUBICON,0,"2015/09/17 01:55:11"
D,METER_DATA,GEN_DUID,1,"2015/09/17 02:00:00",STARHLWF,2.899155,"2015/09/17 01:55:11"
D,METER_DATA,GEN_DUID,1,"2015/09/17 02:00:00",WAUBRAWF,27.216999,"2015/09/17 01:55:11"
D,METER_DATA,GEN_DUID,1,"2015/09/17 02:00:00",WOOLNTH1,52.480019,"2015/09/17 01:55:11"
D,METER_DATA,GEN_DUID,1,"2015/09/17 02:00:00",WPWF,14,"2015/09/17 01:55:11"
D,METER_DATA,GEN_DUID,1,"2015/09/17 02:00:00",YAMBUKWF,0.30,"2015/09/17 01:55:11"
D,METER_DATA,GEN_DUID,1,"2015/09/17 02:05:00",ANGAS1,0,"2015/09/17 02:00:13"
D,METER_DATA,GEN_DUID,1,"2015/09/17 02:05:00",ANGAS2,0,"2015/09/17 02:00:13"
D,METER_DATA,GEN_DUID,1,"2015/09/17 02:05:00",BUTLERSG,-0.000002,"2015/09/17 02:00:13"
D,METER_DATA,GEN_DUID,1,"2015/09/17 02:05:00",CALL_A_4,0,"2015/09/17 02:00:13"
D,METER_DATA,GEN_DUID,1,"2015/09/17 02:05:00",CAPTL_WF,0,"2015/09/17 02:00:13"
D,METER_DATA,GEN_DUID,1,"2015/09/17 02:05:00",CATHROCK,0,"2015/09/17 02:00:13"
D,METER_DATA,GEN_DUID,1,"2015/09/17 02:05:00",CHALLHWF,1.50,"2015/09/17 02:00:13"
D,METER_DATA,GEN_DUID,1,"2015/09/17 02:05:00",CLOVER,0,"2015/09/17 02:00:13"
D,METER_DATA,GEN_DUID,1,"2015/09/17 02:05:00",CLUNY,4.1441,"2015/09/17 02:00:13"
D,METER_DATA,GEN_DUID,1,"2015/09/17 02:05:00",CNUNDAWF,7.909226,"2015/09/17 02:00:13"
D,METER_DATA,GEN_DUID,1,"2015/09/17 02:05:00",CULLRGWF,2.57,"2015/09/17 02:00:13"
D,METER_DATA,GEN_DUID,1,"2015/09/17 02:05:00",ERGT01,0,"2015/09/17 02:00:13"
D,METER_DATA,GEN_DUID,1,"2015/09/17 02:05:00",GB01,0.208096,"2015/09/17 02:00:13"
D,METER_DATA,GEN_DUID,1,"2015/09/17 02:05:00",GERMCRK,31.700001,"2015/09/17 02:00:13"
D,METER_DATA,GEN_DUID,1,"2015/09/17 02:05:00",INVICTA,37.900002,"2015/09/17 02:00:13"
D,METER_DATA,GEN_DUID,1,"2015/09/17 02:05:00",LKBONNY1,-0.449338,"2015/09/17 02:00:13"
D,METER_DATA,GEN_DUID,1,"2015/09/17 02:05:00",MBAHNTH,51.187504,"2015/09/17 02:00:13"
D,METER_DATA,GEN_DUID,1,"2015/09/17 02:05:00",MLWF1,0.72,"2015/09/17 02:00:13"
D,METER_DATA,GEN_DUID,1,"2015/09/17 02:05:00",MTMILLAR,8.207767,"2015/09/17 02:00:13"
D,METER_DATA,GEN_DUID,1,"2015/09/17 02:05:00",PALOONA,11.87,"2015/09/17 02:00:13"
D,METER_DATA,GEN_DUID,1,"2015/09/17 02:05:00",PIONEER,37.900002,"2015/09/17 02:00:13"
D,METER_DATA,GEN_DUID,1,"2015/09/17 02:05:00",PORTWF,20.700001,"2015/09/17 02:00:13"
D,METER_DATA,GEN_DUID,1,"2015/09/17 02:05:00",REPULSE,4.477925,"2015/09/17 02:00:13"
D,METER_DATA,GEN_DUID,1,"2015/09/17 02:05:00",ROWALLAN,7.7106,"2015/09/17 02:00:13"
D,METER_DATA,GEN_DUID,1,"2015/09/17 02:05:00",RPCG,1.199102,"2015/09/17 02:00:13"
D,METER_DATA,GEN_DUID,1,"2015/09/17 02:05:00",RUBICON,0,"2015/09/17 02:00:13"
D,METER_DATA,GEN_DUID,1,"2015/09/17 02:05:00",STARHLWF,3.299038,"2015/09/17 02:00:13"
D,METER_DATA,GEN_DUID,1,"2015/09/17 02:05:00",WAUBRAWF,24.7150,"2015/09/17 02:00:13"
D,METER_DATA,GEN_DUID,1,"2015/09/17 02:05:00",WOOLNTH1,48.620018,"2015/09/17 02:00:13"
D,METER_DATA,GEN_DUID,1,"2015/09/17 02:05:00",WPWF,14,"2015/09/17 02:00:13"
D,METER_DATA,GEN_DUID,1,"2015/09/17 02:05:00",YAMBUKWF,0.10,"2015/09/17 02:00:13"
D,METER_DATA,GEN_DUID,1,"2015/09/17 02:10:00",ANGAS1,0,"2015/09/17 02:05:12"
D,METER_DATA,GEN_DUID,1,"2015/09/17 02:10:00",ANGAS2,0,"2015/09/17 02:05:12"
D,METER_DATA,GEN_DUID,1,"2015/09/17 02:10:00",BUTLERSG,-0.000002,"2015/09/17 02:05:12"
D,METER_DATA,GEN_DUID,1,"2015/09/17 02:10:00",CALL_A_4,0,"2015/09/17 02:05:12"
D,METER_DATA,GEN_DUID,1,"2015/09/17 02:10:00",CAPTL_WF,0,"2015/09/17 02:05:12"
D,METER_DATA,GEN_DUID,1,"2015/09/17 02:10:00",CATHROCK,0,"2015/09/17 02:05:12"
D,METER_DATA,GEN_DUID,1,"2015/09/17 02:10:00",CHALLHWF,1.30,"2015/09/17 02:05:12"
D,METER_DATA,GEN_DUID,1,"2015/09/17 02:10:00",CLOVER,0,"2015/09/17 02:05:12"
D,METER_DATA,GEN_DUID,1,"2015/09/17 02:10:00",CLUNY,3.944040,"2015/09/17 02:05:12"
D,METER_DATA,GEN_DUID,1,"2015/09/17 02:10:00",CNUNDAWF,11.112964,"2015/09/17 02:05:12"
D,METER_DATA,GEN_DUID,1,"2015/09/17 02:10:00",CULLRGWF,2.74,"2015/09/17 02:05:12"
D,METER_DATA,GEN_DUID,1,"2015/09/17 02:10:00",ERGT01,0,"2015/09/17 02:05:12"
D,METER_DATA,GEN_DUID,1,"2015/09/17 02:10:00",GB01,0.208096,"2015/09/17 02:05:12"
D,METER_DATA,GEN_DUID,1,"2015/09/17 02:10:00",GERMCRK,32.099998,"2015/09/17 02:05:12"
D,METER_DATA,GEN_DUID,1,"2015/09/17 02:10:00",INVICTA,37.900002,"2015/09/17 02:05:12"
D,METER_DATA,GEN_DUID,1,"2015/09/17 02:10:00",LKBONNY1,-0.449338,"2015/09/17 02:05:12"
D,METER_DATA,GEN_DUID,1,"2015/09/17 02:10:00",MBAHNTH,51.187504,"2015/09/17 02:05:12"
D,METER_DATA,GEN_DUID,1,"2015/09/17 02:10:00",MLWF1,0.8250,"2015/09/17 02:05:12"
D,METER_DATA,GEN_DUID,1,"2015/09/17 02:10:00",MTMILLAR,8.044058,"2015/09/17 02:05:12"
D,METER_DATA,GEN_DUID,1,"2015/09/17 02:10:00",PALOONA,11.74,"2015/09/17 02:05:12"
D,METER_DATA,GEN_DUID,1,"2015/09/17 02:10:00",PIONEER,34.900002,"2015/09/17 02:05:12"
D,METER_DATA,GEN_DUID,1,"2015/09/17 02:10:00",PORTWF,27.700001,"2015/09/17 02:05:12"
D,METER_DATA,GEN_DUID,1,"2015/09/17 02:10:00",REPULSE,3.8110,"2015/09/17 02:05:12"
D,METER_DATA,GEN_DUID,1,"2015/09/17 02:10:00",ROWALLAN,8.6052,"2015/09/17 02:05:12"
D,METER_DATA,GEN_DUID,1,"2015/09/17 02:10:00",RPCG,5.350729,"2015/09/17 02:05:12"
D,METER_DATA,GEN_DUID,1,"2015/09/17 02:10:00",RUBICON,0,"2015/09/17 02:05:12"
D,METER_DATA,GEN_DUID,1,"2015/09/17 02:10:00",STARHLWF,4.098805,"2015/09/17 02:05:12"
D,METER_DATA,GEN_DUID,1,"2015/09/17 02:10:00",WAUBRAWF,22.9590,"2015/09/17 02:05:12"
D,METER_DATA,GEN_DUID,1,"2015/09/17 02:10:00",WOOLNTH1,52.240017,"2015/09/17 02:05:12"
D,METER_DATA,GEN_DUID,1,"2015/09/17 02:10:00",WPWF,13,"2015/09/17 02:05:12"
D,METER_DATA,GEN_DUID,1,"2015/09/17 02:10:00",YAMBUKWF,0.40,"2015/09/17 02:05:12"
D,METER_DATA,GEN_DUID,1,"2015/09/17 02:15:00",ANGAS1,0,"2015/09/17 02:10:08"
D,METER_DATA,GEN_DUID,1,"2015/09/17 02:15:00",ANGAS2,0,"2015/09/17 02:10:08"
D,METER_DATA,GEN_DUID,1,"2015/09/17 02:15:00",BUTLERSG,-0.000002,"2015/09/17 02:10:08"
D,METER_DATA,GEN_DUID,1,"2015/09/17 02:15:00",CALL_A_4,0,"2015/09/17 02:10:08"
D,METER_DATA,GEN_DUID,1,"2015/09/17 02:15:00",CAPTL_WF,0,"2015/09/17 02:10:08"
D,METER_DATA,GEN_DUID,1,"2015/09/17 02:15:00",CATHROCK,0,"2015/09/17 02:10:08"
D,METER_DATA,GEN_DUID,1,"2015/09/17 02:15:00",CHALLHWF,1.90,"2015/09/17 02:10:08"
D,METER_DATA,GEN_DUID,1,"2015/09/17 02:15:00",CLOVER,-0.02,"2015/09/17 02:10:08"
D,METER_DATA,GEN_DUID,1,"2015/09/17 02:15:00",CLUNY,4.129810,"2015/09/17 02:10:08"
D,METER_DATA,GEN_DUID,1,"2015/09/17 02:15:00",CNUNDAWF,12.614716,"2015/09/17 02:10:08"
D,METER_DATA,GEN_DUID,1,"2015/09/17 02:15:00",CULLRGWF,2.79,"2015/09/17 02:10:08"
D,METER_DATA,GEN_DUID,1,"2015/09/17 02:15:00",ERGT01,0,"2015/09/17 02:10:08"
D,METER_DATA,GEN_DUID,1,"2015/09/17 02:15:00",GB01,0.208096,"2015/09/17 02:10:08"
D,METER_DATA,GEN_DUID,1,"2015/09/17 02:15:00",GERMCRK,31.700001,"2015/09/17 02:10:08"
D,METER_DATA,GEN_DUID,1,"2015/09/17 02:15:00",INVICTA,37.900002,"2015/09/17 02:10:08"
D,METER_DATA,GEN_DUID,1,"2015/09/17 02:15:00",LKBONNY1,-0.449338,"2015/09/17 02:10:08"
D,METER_DATA,GEN_DUID,1,"2015/09/17 02:15:00",MBAHNTH,51.187504,"2015/09/17 02:10:08"
D,METER_DATA,GEN_DUID,1,"2015/09/17 02:15:00",MLWF1,0.63,"2015/09/17 02:10:08"
D,METER_DATA,GEN_DUID,1,"2015/09/17 02:15:00",MTMILLAR,8.215208,"2015/09/17 02:10:08"
D,METER_DATA,GEN_DUID,1,"2015/09/17 02:15:00",PALOONA,11.74,"2015/09/17 02:10:08"
D,METER_DATA,GEN_DUID,1,"2015/09/17 02:15:00",PIONEER,35.799999,"2015/09/17 02:10:08"
D,METER_DATA,GEN_DUID,1,"2015/09/17 02:15:00",PORTWF,33.200001,"2015/09/17 02:10:08"
D,METER_DATA,GEN_DUID,1,"2015/09/17 02:15:00",REPULSE,4.211155,"2015/09/17 02:10:08"
D,METER_DATA,GEN_DUID,1,"2015/09/17 02:15:00",ROWALLAN,9.2087,"2015/09/17 02:10:08"
D,METER_DATA,GEN_DUID,1,"2015/09/17 02:15:00",RPCG,1.168691,"2015/09/17 02:10:08"
D,METER_DATA,GEN_DUID,1,"2015/09/17 02:15:00",RUBICON,0,"2015/09/17 02:10:08"
D,METER_DATA,GEN_DUID,1,"2015/09/17 02:15:00",STARHLWF,4.498688,"2015/09/17 02:10:08"
D,METER_DATA,GEN_DUID,1,"2015/09/17 02:15:00",WAUBRAWF,22.9130,"2015/09/17 02:10:08"
D,METER_DATA,GEN_DUID,1,"2015/09/17 02:15:00",WOOLNTH1,56.210018,"2015/09/17 02:10:08"
D,METER_DATA,GEN_DUID,1,"2015/09/17 02:15:00",WPWF,11,"2015/09/17 02:10:08"
D,METER_DATA,GEN_DUID,1,"2015/09/17 02:15:00",YAMBUKWF,0.30,"2015/09/17 02:10:08"
D,METER_DATA,GEN_DUID,1,"2015/09/17 02:20:00",ANGAS1,0,"2015/09/17 02:15:08"
D,METER_DATA,GEN_DUID,1,"2015/09/17 02:20:00",ANGAS2,0,"2015/09/17 02:15:08"
D,METER_DATA,GEN_DUID,1,"2015/09/17 02:20:00",BUTLERSG,-0.000002,"2015/09/17 02:15:08"
D,METER_DATA,GEN_DUID,1,"2015/09/17 02:20:00",CALL_A_4,0,"2015/09/17 02:15:08"
D,METER_DATA,GEN_DUID,1,"2015/09/17 02:20:00",CAPTL_WF,0,"2015/09/17 02:15:08"
D,METER_DATA,GEN_DUID,1,"2015/09/17 02:20:00",CATHROCK,0,"2015/09/17 02:15:08"
D,METER_DATA,GEN_DUID,1,"2015/09/17 02:20:00",CHALLHWF,1.50,"2015/09/17 02:15:08"
D,METER_DATA,GEN_DUID,1,"2015/09/17 02:20:00",CLOVER,0,"2015/09/17 02:15:08"
D,METER_DATA,GEN_DUID,1,"2015/09/17 02:20:00",CLUNY,3.886880,"2015/09/17 02:15:08"
D,METER_DATA,GEN_DUID,1,"2015/09/17 02:20:00",CNUNDAWF,17.520439,"2015/09/17 02:15:08"
D,METER_DATA,GEN_DUID,1,"2015/09/17 02:20:00",CULLRGWF,2.90,"2015/09/17 02:15:08"
D,METER_DATA,GEN_DUID,1,"2015/09/17 02:20:00",ERGT01,0,"2015/09/17 02:15:08"
D,METER_DATA,GEN_DUID,1,"2015/09/17 02:20:00",GB01,0.208096,"2015/09/17 02:15:08"
D,METER_DATA,GEN_DUID,1,"2015/09/17 02:20:00",GERMCRK,32.099998,"2015/09/17 02:15:08"
D,METER_DATA,GEN_DUID,1,"2015/09/17 02:20:00",INVICTA,37.900002,"2015/09/17 02:15:08"
D,METER_DATA,GEN_DUID,1,"2015/09/17 02:20:00",LKBONNY1,-0.449338,"2015/09/17 02:15:08"
D,METER_DATA,GEN_DUID,1,"2015/09/17 02:20:00",MBAHNTH,51.187504,"2015/09/17 02:15:08"
D,METER_DATA,GEN_DUID,1,"2015/09/17 02:20:00",MLWF1,0.84,"2015/09/17 02:15:08"
D,METER_DATA,GEN_DUID,1,"2015/09/17 02:20:00",MTMILLAR,8.364034,"2015/09/17 02:15:08"
D,METER_DATA,GEN_DUID,1,"2015/09/17 02:20:00",PALOONA,11.90,"2015/09/17 02:15:08"
D,METER_DATA,GEN_DUID,1,"2015/09/17 02:20:00",PIONEER,35.700001,"2015/09/17 02:15:08"
D,METER_DATA,GEN_DUID,1,"2015/09/17 02:20:00",PORTWF,34.700001,"2015/09/17 02:15:08"
D,METER_DATA,GEN_DUID,1,"2015/09/17 02:20:00",REPULSE,3.753835,"2015/09/17 02:15:08"
D,METER_DATA,GEN_DUID,1,"2015/09/17 02:20:00",ROWALLAN,9.3507,"2015/09/17 02:15:08"
D,METER_DATA,GEN_DUID,1,"2015/09/17 02:20:00",RPCG,1.162780,"2015/09/17 02:15:08"
D,METER_DATA,GEN_DUID,1,"2015/09/17 02:20:00",RUBICON,0,"2015/09/17 02:15:08"
D,METER_DATA,GEN_DUID,1,"2015/09/17 02:20:00",STARHLWF,3.798892,"2015/09/17 02:15:08"
D,METER_DATA,GEN_DUID,1,"2015/09/17 02:20:00",WAUBRAWF,22.8890,"2015/09/17 02:15:08"
D,METER_DATA,GEN_DUID,1,"2015/09/17 02:20:00",WOOLNTH1,72.520020,"2015/09/17 02:15:08"
D,METER_DATA,GEN_DUID,1,"2015/09/17 02:20:00",WPWF,10,"2015/09/17 02:15:08"
D,METER_DATA,GEN_DUID,1,"2015/09/17 02:20:00",YAMBUKWF,0.40,"2015/09/17 02:15:08"
D,METER_DATA,GEN_DUID,1,"2015/09/17 02:25:00",ANGAS1,0,"2015/09/17 02:20:07"
D,METER_DATA,GEN_DUID,1,"2015/09/17 02:25:00",ANGAS2,0,"2015/09/17 02:20:07"
D,METER_DATA,GEN_DUID,1,"2015/09/17 02:25:00",BUTLERSG,-0.000002,"2015/09/17 02:20:07"
D,METER_DATA,GEN_DUID,1,"2015/09/17 02:25:00",CALL_A_4,0,"2015/09/17 02:20:07"
D,METER_DATA,GEN_DUID,1,"2015/09/17 02:25:00",CAPTL_WF,0,"2015/09/17 02:20:07"
D,METER_DATA,GEN_DUID,1,"2015/09/17 02:25:00",CATHROCK,0,"2015/09/17 02:20:07"
D,METER_DATA,GEN_DUID,1,"2015/09/17 02:25:00",CHALLHWF,1.30,"2015/09/17 02:20:07"
D,METER_DATA,GEN_DUID,1,"2015/09/17 02:25:00",CLOVER,-0.01,"2015/09/17 02:20:07"
D,METER_DATA,GEN_DUID,1,"2015/09/17 02:25:00",CLUNY,3.872590,"2015/09/17 02:20:07"
D,METER_DATA,GEN_DUID,1,"2015/09/17 02:25:00",CNUNDAWF,15.918570,"2015/09/17 02:20:07"
D,METER_DATA,GEN_DUID,1,"2015/09/17 02:25:00",CULLRGWF,3.03,"2015/09/17 02:20:07"
D,METER_DATA,GEN_DUID,1,"2015/09/17 02:25:00",ERGT01,0,"2015/09/17 02:20:07"
D,METER_DATA,GEN_DUID,1,"2015/09/17 02:25:00",GB01,0.208096,"2015/09/17 02:20:07"
D,METER_DATA,GEN_DUID,1,"2015/09/17 02:25:00",GERMCRK,31.700001,"2015/09/17 02:20:07"
D,METER_DATA,GEN_DUID,1,"2015/09/17 02:25:00",INVICTA,37.900002,"2015/09/17 02:20:07"
D,METER_DATA,GEN_DUID,1,"2015/09/17 02:25:00",LKBONNY1,-0.449338,"2015/09/17 02:20:07"
D,METER_DATA,GEN_DUID,1,"2015/09/17 02:25:00",MBAHNTH,51.187504,"2015/09/17 02:20:07"
D,METER_DATA,GEN_DUID,1,"2015/09/17 02:25:00",MLWF1,0.96,"2015/09/17 02:20:07"
D,METER_DATA,GEN_DUID,1,"2015/09/17 02:25:00",MTMILLAR,8.914691,"2015/09/17 02:20:07"
D,METER_DATA,GEN_DUID,1,"2015/09/17 02:25:00",PALOONA,11.719999,"2015/09/17 02:20:07"
D,METER_DATA,GEN_DUID,1,"2015/09/17 02:25:00",PIONEER,37.400002,"2015/09/17 02:20:07"
D,METER_DATA,GEN_DUID,1,"2015/09/17 02:25:00",PORTWF,36.900002,"2015/09/17 02:20:07"
D,METER_DATA,GEN_DUID,1,"2015/09/17 02:25:00",REPULSE,3.868165,"2015/09/17 02:20:07"
D,METER_DATA,GEN_DUID,1,"2015/09/17 02:25:00",ROWALLAN,9.3649,"2015/09/17 02:20:07"
D,METER_DATA,GEN_DUID,1,"2015/09/17 02:25:00",RPCG,5.370557,"2015/09/17 02:20:07"
D,METER_DATA,GEN_DUID,1,"2015/09/17 02:25:00",RUBICON,0,"2015/09/17 02:20:07"
D,METER_DATA,GEN_DUID,1,"2015/09/17 02:25:00",STARHLWF,3.798892,"2015/09/17 02:20:07"
D,METER_DATA,GEN_DUID,1,"2015/09/17 02:25:00",WAUBRAWF,21.724001,"2015/09/17 02:20:07"
D,METER_DATA,GEN_DUID,1,"2015/09/17 02:25:00",WOOLNTH1,74.190018,"2015/09/17 02:20:07"
D,METER_DATA,GEN_DUID,1,"2015/09/17 02:25:00",WPWF,10,"2015/09/17 02:20:07"
D,METER_DATA,GEN_DUID,1,"2015/09/17 02:25:00",YAMBUKWF,0.50,"2015/09/17 02:20:07"
D,METER_DATA,GEN_DUID,1,"2015/09/17 02:30:00",ANGAS1,0,"2015/09/17 02:25:11"
D,METER_DATA,GEN_DUID,1,"2015/09/17 02:30:00",ANGAS2,0,"2015/09/17 02:25:11"
D,METER_DATA,GEN_DUID,1,"2015/09/17 02:30:00",BUTLERSG,-0.000002,"2015/09/17 02:25:11"
D,METER_DATA,GEN_DUID,1,"2015/09/17 02:30:00",CALL_A_4,0,"2015/09/17 02:25:11"
D,METER_DATA,GEN_DUID,1,"2015/09/17 02:30:00",CAPTL_WF,0,"2015/09/17 02:25:11"
D,METER_DATA,GEN_DUID,1,"2015/09/17 02:30:00",CATHROCK,0,"2015/09/17 02:25:11"
D,METER_DATA,GEN_DUID,1,"2015/09/17 02:30:00",CHALLHWF,1.60,"2015/09/17 02:25:11"
D,METER_DATA,GEN_DUID,1,"2015/09/17 02:30:00",CLOVER,-0.02,"2015/09/17 02:25:11"
D,METER_DATA,GEN_DUID,1,"2015/09/17 02:30:00",CLUNY,4.158390,"2015/09/17 02:25:11"
D,METER_DATA,GEN_DUID,1,"2015/09/17 02:30:00",CNUNDAWF,13.7160,"2015/09/17 02:25:11"
D,METER_DATA,GEN_DUID,1,"2015/09/17 02:30:00",CULLRGWF,3.64,"2015/09/17 02:25:11"
D,METER_DATA,GEN_DUID,1,"2015/09/17 02:30:00",ERGT01,0,"2015/09/17 02:25:11"
D,METER_DATA,GEN_DUID,1,"2015/09/17 02:30:00",GB01,0.208096,"2015/09/17 02:25:11"
D,METER_DATA,GEN_DUID,1,"2015/09/17 02:30:00",GERMCRK,32.200001,"2015/09/17 02:25:11"
D,METER_DATA,GEN_DUID,1,"2015/09/17 02:30:00",INVICTA,37.900002,"2015/09/17 02:25:11"
D,METER_DATA,GEN_DUID,1,"2015/09/17 02:30:00",LKBONNY1,-0.449338,"2015/09/17 02:25:11"
D,METER_DATA,GEN_DUID,1,"2015/09/17 02:30:00",MBAHNTH,51.187504,"2015/09/17 02:25:11"
D,METER_DATA,GEN_DUID,1,"2015/09/17 02:30:00",MLWF1,0.96,"2015/09/17 02:25:11"
D,METER_DATA,GEN_DUID,1,"2015/09/17 02:30:00",MTMILLAR,8.297062,"2015/09/17 02:25:11"
D,METER_DATA,GEN_DUID,1,"2015/09/17 02:30:00",PALOONA,11.809999,"2015/09/17 02:25:11"
D,METER_DATA,GEN_DUID,1,"2015/09/17 02:30:00",PIONEER,40.799999,"2015/09/17 02:25:11"
D,METER_DATA,GEN_DUID,1,"2015/09/17 02:30:00",PORTWF,38.400002,"2015/09/17 02:25:11"
D,METER_DATA,GEN_DUID,1,"2015/09/17 02:30:00",REPULSE,4.458870,"2015/09/17 02:25:11"
D,METER_DATA,GEN_DUID,1,"2015/09/17 02:30:00",ROWALLAN,9.6347,"2015/09/17 02:25:11"
D,METER_DATA,GEN_DUID,1,"2015/09/17 02:30:00",RPCG,5.359701,"2015/09/17 02:25:11"
D,METER_DATA,GEN_DUID,1,"2015/09/17 02:30:00",RUBICON,0,"2015/09/17 02:25:11"
D,METER_DATA,GEN_DUID,1,"2015/09/17 02:30:00",STARHLWF,3.299038,"2015/09/17 02:25:11"
D,METER_DATA,GEN_DUID,1,"2015/09/17 02:30:00",WAUBRAWF,23.518999,"2015/09/17 02:25:11"
D,METER_DATA,GEN_DUID,1,"2015/09/17 02:30:00",WOOLNTH1,67.940018,"2015/09/17 02:25:11"
D,METER_DATA,GEN_DUID,1,"2015/09/17 02:30:00",WPWF,9,"2015/09/17 02:25:11"
D,METER_DATA,GEN_DUID,1,"2015/09/17 02:30:00",YAMBUKWF,0.80,"2015/09/17 02:25:11"
D,METER_DATA,GEN_DUID,1,"2015/09/17 02:35:00",ANGAS1,0,"2015/09/17 02:30:12"
D,METER_DATA,GEN_DUID,1,"2015/09/17 02:35:00",ANGAS2,0,"2015/09/17 02:30:12"
D,METER_DATA,GEN_DUID,1,"2015/09/17 02:35:00",BUTLERSG,-0.000002,"2015/09/17 02:30:12"
D,METER_DATA,GEN_DUID,1,"2015/09/17 02:35:00",CALL_A_4,0,"2015/09/17 02:30:12"
D,METER_DATA,GEN_DUID,1,"2015/09/17 02:35:00",CAPTL_WF,0,"2015/09/17 02:30:12"
D,METER_DATA,GEN_DUID,1,"2015/09/17 02:35:00",CATHROCK,0,"2015/09/17 02:30:12"
D,METER_DATA,GEN_DUID,1,"2015/09/17 02:35:00",CHALLHWF,1.40,"2015/09/17 02:30:12"
D,METER_DATA,GEN_DUID,1,"2015/09/17 02:35:00",CLOVER,-0.01,"2015/09/17 02:30:12"
D,METER_DATA,GEN_DUID,1,"2015/09/17 02:35:00",CLUNY,3.944040,"2015/09/17 02:30:12"
D,METER_DATA,GEN_DUID,1,"2015/09/17 02:35:00",CNUNDAWF,14.617052,"2015/09/17 02:30:12"
D,METER_DATA,GEN_DUID,1,"2015/09/17 02:35:00",CULLRGWF,4.41,"2015/09/17 02:30:12"
D,METER_DATA,GEN_DUID,1,"2015/09/17 02:35:00",ERGT01,0,"2015/09/17 02:30:12"
D,METER_DATA,GEN_DUID,1,"2015/09/17 02:35:00",GB01,0.208096,"2015/09/17 02:30:12"
D,METER_DATA,GEN_DUID,1,"2015/09/17 02:35:00",GERMCRK,31.700001,"2015/09/17 02:30:12"
D,METER_DATA,GEN_DUID,1,"2015/09/17 02:35:00",INVICTA,37.900002,"2015/09/17 02:30:12"
D,METER_DATA,GEN_DUID,1,"2015/09/17 02:35:00",LKBONNY1,-0.449338,"2015/09/17 02:30:12"
D,METER_DATA,GEN_DUID,1,"2015/09/17 02:35:00",MBAHNTH,50.137501,"2015/09/17 02:30:12"
D,METER_DATA,GEN_DUID,1,"2015/09/17 02:35:00",MLWF1,1.14,"2015/09/17 02:30:12"
D,METER_DATA,GEN_DUID,1,"2015/09/17 02:35:00",MTMILLAR,8.297062,"2015/09/17 02:30:12"
D,METER_DATA,GEN_DUID,1,"2015/09/17 02:35:00",PALOONA,11.809999,"2015/09/17 02:30:12"
D,METER_DATA,GEN_DUID,1,"2015/09/17 02:35:00",PIONEER,42.299999,"2015/09/17 02:30:12"
D,METER_DATA,GEN_DUID,1,"2015/09/17 02:35:00",PORTWF,41.700001,"2015/09/17 02:30:12"
D,METER_DATA,GEN_DUID,1,"2015/09/17 02:35:00",REPULSE,3.982495,"2015/09/17 02:30:12"
D,METER_DATA,GEN_DUID,1,"2015/09/17 02:35:00",ROWALLAN,9.4856,"2015/09/17 02:30:12"
D,METER_DATA,GEN_DUID,1,"2015/09/17 02:35:00",RPCG,1.162912,"2015/09/17 02:30:12"
D,METER_DATA,GEN_DUID,1,"2015/09/17 02:35:00",RUBICON,0,"2015/09/17 02:30:12"
D,METER_DATA,GEN_DUID,1,"2015/09/17 02:35:00",STARHLWF,2.699213,"2015/09/17 02:30:12"
D,METER_DATA,GEN_DUID,1,"2015/09/17 02:35:00",WAUBRAWF,22.271999,"2015/09/17 02:30:12"
D,METER_DATA,GEN_DUID,1,"2015/09/17 02:35:00",WOOLNTH1,54.050018,"2015/09/17 02:30:12"
D,METER_DATA,GEN_DUID,1,"2015/09/17 02:35:00",WPWF,11,"2015/09/17 02:30:12"
D,METER_DATA,GEN_DUID,1,"2015/09/17 02:35:00",YAMBUKWF,1.50,"2015/09/17 02:30:12"
D,METER_DATA,GEN_DUID,1,"2015/09/17 02:40:00",ANGAS1,0,"2015/09/17 02:35:10"
D,METER_DATA,GEN_DUID,1,"2015/09/17 02:40:00",ANGAS2,0,"2015/09/17 02:35:10"
D,METER_DATA,GEN_DUID,1,"2015/09/17 02:40:00",BUTLERSG,-0.000002,"2015/09/17 02:35:10"
D,METER_DATA,GEN_DUID,1,"2015/09/17 02:40:00",CALL_A_4,0,"2015/09/17 02:35:10"
D,METER_DATA,GEN_DUID,1,"2015/09/17 02:40:00",CAPTL_WF,0,"2015/09/17 02:35:10"
D,METER_DATA,GEN_DUID,1,"2015/09/17 02:40:00",CATHROCK,0,"2015/09/17 02:35:10"
D,METER_DATA,GEN_DUID,1,"2015/09/17 02:40:00",CHALLHWF,1.70,"2015/09/17 02:35:10"
D,METER_DATA,GEN_DUID,1,"2015/09/17 02:40:00",CLOVER,-0.01,"2015/09/17 02:35:10"
D,METER_DATA,GEN_DUID,1,"2015/09/17 02:40:00",CLUNY,4.029780,"2015/09/17 02:35:10"
D,METER_DATA,GEN_DUID,1,"2015/09/17 02:40:00",CNUNDAWF,17.820789,"2015/09/17 02:35:10"
D,METER_DATA,GEN_DUID,1,"2015/09/17 02:40:00",CULLRGWF,5.04,"2015/09/17 02:35:10"
D,METER_DATA,GEN_DUID,1,"2015/09/17 02:40:00",ERGT01,0,"2015/09/17 02:35:10"
D,METER_DATA,GEN_DUID,1,"2015/09/17 02:40:00",GB01,0.208096,"2015/09/17 02:35:10"
D,METER_DATA,GEN_DUID,1,"2015/09/17 02:40:00",GERMCRK,31.90,"2015/09/17 02:35:10"
D,METER_DATA,GEN_DUID,1,"2015/09/17 02:40:00",INVICTA,37.900002,"2015/09/17 02:35:10"
D,METER_DATA,GEN_DUID,1,"2015/09/17 02:40:00",LKBONNY1,-0.360028,"2015/09/17 02:35:10"
D,METER_DATA,GEN_DUID,1,"2015/09/17 02:40:00",MBAHNTH,50.137501,"2015/09/17 02:35:10"
D,METER_DATA,GEN_DUID,1,"2015/09/17 02:40:00",MLWF1,2.91,"2015/09/17 02:35:10"
D,METER_DATA,GEN_DUID,1,"2015/09/17 02:40:00",MTMILLAR,8.051499,"2015/09/17 02:35:10"
D,METER_DATA,GEN_DUID,1,"2015/09/17 02:40:00",PALOONA,11.809999,"2015/09/17 02:35:10"
D,METER_DATA,GEN_DUID,1,"2015/09/17 02:40:00",PIONEER,40.799999,"2015/09/17 02:35:10"
D,METER_DATA,GEN_DUID,1,"2015/09/17 02:40:00",PORTWF,38.700001,"2015/09/17 02:35:10"
D,METER_DATA,GEN_DUID,1,"2015/09/17 02:40:00",REPULSE,4.173045,"2015/09/17 02:35:10"
D,METER_DATA,GEN_DUID,1,"2015/09/17 02:40:00",ROWALLAN,9.6134,"2015/09/17 02:35:10"
D,METER_DATA,GEN_DUID,1,"2015/09/17 02:40:00",RPCG,5.278917,"2015/09/17 02:35:10"
D,METER_DATA,GEN_DUID,1,"2015/09/17 02:40:00",RUBICON,0,"2015/09/17 02:35:10"
D,METER_DATA,GEN_DUID,1,"2015/09/17 02:40:00",STARHLWF,1.899446,"2015/09/17 02:35:10"
D,METER_DATA,GEN_DUID,1,"2015/09/17 02:40:00",WAUBRAWF,19.93,"2015/09/17 02:35:10"
D,METER_DATA,GEN_DUID,1,"2015/09/17 02:40:00",WOOLNTH1,46.080017,"2015/09/17 02:35:10"
D,METER_DATA,GEN_DUID,1,"2015/09/17 02:40:00",WPWF,9,"2015/09/17 02:35:10"
D,METER_DATA,GEN_DUID,1,"2015/09/17 02:40:00",YAMBUKWF,2.60,"2015/09/17 02:35:10"
D,METER_DATA,GEN_DUID,1,"2015/09/17 02:45:00",ANGAS1,0,"2015/09/17 02:40:11"
D,METER_DATA,GEN_DUID,1,"2015/09/17 02:45:00",ANGAS2,0,"2015/09/17 02:40:11"
D,METER_DATA,GEN_DUID,1,"2015/09/17 02:45:00",BUTLERSG,-0.000002,"2015/09/17 02:40:11"
D,METER_DATA,GEN_DUID,1,"2015/09/17 02:45:00",CALL_A_4,0,"2015/09/17 02:40:11"
D,METER_DATA,GEN_DUID,1,"2015/09/17 02:45:00",CAPTL_WF,0,"2015/09/17 02:40:11"
D,METER_DATA,GEN_DUID,1,"2015/09/17 02:45:00",CATHROCK,0,"2015/09/17 02:40:11"
D,METER_DATA,GEN_DUID,1,"2015/09/17 02:45:00",CHALLHWF,1.90,"2015/09/17 02:40:11"
D,METER_DATA,GEN_DUID,1,"2015/09/17 02:45:00",CLOVER,-0.02,"2015/09/17 02:40:11"
D,METER_DATA,GEN_DUID,1,"2015/09/17 02:45:00",CLUNY,4.086940,"2015/09/17 02:40:11"
D,METER_DATA,GEN_DUID,1,"2015/09/17 02:45:00",CNUNDAWF,13.916234,"2015/09/17 02:40:11"
D,METER_DATA,GEN_DUID,1,"2015/09/17 02:45:00",CULLRGWF,4.21,"2015/09/17 02:40:11"
D,METER_DATA,GEN_DUID,1,"2015/09/17 02:45:00",ERGT01,0,"2015/09/17 02:40:11"
D,METER_DATA,GEN_DUID,1,"2015/09/17 02:45:00",GB01,0.208096,"2015/09/17 02:40:11"
D,METER_DATA,GEN_DUID,1,"2015/09/17 02:45:00",GERMCRK,31.799999,"2015/09/17 02:40:11"
D,METER_DATA,GEN_DUID,1,"2015/09/17 02:45:00",INVICTA,37.900002,"2015/09/17 02:40:11"
D,METER_DATA,GEN_DUID,1,"2015/09/17 02:45:00",LKBONNY1,-0.449338,"2015/09/17 02:40:11"
D,METER_DATA,GEN_DUID,1,"2015/09/17 02:45:00",MBAHNTH,50.137501,"2015/09/17 02:40:11"
D,METER_DATA,GEN_DUID,1,"2015/09/17 02:45:00",MLWF1,2.5350,"2015/09/17 02:40:11"
D,METER_DATA,GEN_DUID,1,"2015/09/17 02:45:00",MTMILLAR,8.959339,"2015/09/17 02:40:11"
D,METER_DATA,GEN_DUID,1,"2015/09/17 02:45:00",PALOONA,11.809999,"2015/09/17 02:40:11"
D,METER_DATA,GEN_DUID,1,"2015/09/17 02:45:00",PIONEER,42.100002,"2015/09/17 02:40:11"
D,METER_DATA,GEN_DUID,1,"2015/09/17 02:45:00",PORTWF,36.799999,"2015/09/17 02:40:11"
D,METER_DATA,GEN_DUID,1,"2015/09/17 02:45:00",REPULSE,4.115880,"2015/09/17 02:40:11"
D,METER_DATA,GEN_DUID,1,"2015/09/17 02:45:00",ROWALLAN,9.5353,"2015/09/17 02:40:11"
D,METER_DATA,GEN_DUID,1,"2015/09/17 02:45:00",RPCG,5.216409,"2015/09/17 02:40:11"
D,METER_DATA,GEN_DUID,1,"2015/09/17 02:45:00",RUBICON,0,"2015/09/17 02:40:11"
D,METER_DATA,GEN_DUID,1,"2015/09/17 02:45:00",STARHLWF,1.999417,"2015/09/17 02:40:11"
D,METER_DATA,GEN_DUID,1,"2015/09/17 02:45:00",WAUBRAWF,21.6150,"2015/09/17 02:40:11"
D,METER_DATA,GEN_DUID,1,"2015/09/17 02:45:00",WOOLNTH1,46.080017,"2015/09/17 02:40:11"
D,METER_DATA,GEN_DUID,1,"2015/09/17 02:45:00",WPWF,8,"2015/09/17 02:40:11"
D,METER_DATA,GEN_DUID,1,"2015/09/17 02:45:00",YAMBUKWF,2.20,"2015/09/17 02:40:11"
D,METER_DATA,GEN_DUID,1,"2015/09/17 02:50:00",ANGAS1,0,"2015/09/17 02:45:10"
D,METER_DATA,GEN_DUID,1,"2015/09/17 02:50:00",ANGAS2,0,"2015/09/17 02:45:10"
D,METER_DATA,GEN_DUID,1,"2015/09/17 02:50:00",BUTLERSG,-0.000002,"2015/09/17 02:45:10"
D,METER_DATA,GEN_DUID,1,"2015/09/17 02:50:00",CALL_A_4,0,"2015/09/17 02:45:10"
D,METER_DATA,GEN_DUID,1,"2015/09/17 02:50:00",CAPTL_WF,0,"2015/09/17 02:45:10"
D,METER_DATA,GEN_DUID,1,"2015/09/17 02:50:00",CATHROCK,0,"2015/09/17 02:45:10"
D,METER_DATA,GEN_DUID,1,"2015/09/17 02:50:00",CHALLHWF,1.40,"2015/09/17 02:45:10"
D,METER_DATA,GEN_DUID,1,"2015/09/17 02:50:00",CLOVER,-0.02,"2015/09/17 02:45:10"
D,METER_DATA,GEN_DUID,1,"2015/09/17 02:50:00",CLUNY,4.0012,"2015/09/17 02:45:10"
D,METER_DATA,GEN_DUID,1,"2015/09/17 02:50:00",CNUNDAWF,10.111796,"2015/09/17 02:45:10"
D,METER_DATA,GEN_DUID,1,"2015/09/17 02:50:00",CULLRGWF,3.79,"2015/09/17 02:45:10"
D,METER_DATA,GEN_DUID,1,"2015/09/17 02:50:00",ERGT01,0,"2015/09/17 02:45:10"
D,METER_DATA,GEN_DUID,1,"2015/09/17 02:50:00",GB01,0.208096,"2015/09/17 02:45:10"
D,METER_DATA,GEN_DUID,1,"2015/09/17 02:50:00",GERMCRK,30.10,"2015/09/17 02:45:10"
D,METER_DATA,GEN_DUID,1,"2015/09/17 02:50:00",INVICTA,37.900002,"2015/09/17 02:45:10"
D,METER_DATA,GEN_DUID,1,"2015/09/17 02:50:00",LKBONNY1,-0.360028,"2015/09/17 02:45:10"
D,METER_DATA,GEN_DUID,1,"2015/09/17 02:50:00",MBAHNTH,50.137501,"2015/09/17 02:45:10"
D,METER_DATA,GEN_DUID,1,"2015/09/17 02:50:00",MLWF1,1.4550,"2015/09/17 02:45:10"
D,METER_DATA,GEN_DUID,1,"2015/09/17 02:50:00",MTMILLAR,10.239244,"2015/09/17 02:45:10"
D,METER_DATA,GEN_DUID,1,"2015/09/17 02:50:00",PALOONA,11.82,"2015/09/17 02:45:10"
D,METER_DATA,GEN_DUID,1,"2015/09/17 02:50:00",PIONEER,41.50,"2015/09/17 02:45:10"
D,METER_DATA,GEN_DUID,1,"2015/09/17 02:50:00",PORTWF,40.299999,"2015/09/17 02:45:10"
D,METER_DATA,GEN_DUID,1,"2015/09/17 02:50:00",REPULSE,4.268320,"2015/09/17 02:45:10"
D,METER_DATA,GEN_DUID,1,"2015/09/17 02:50:00",ROWALLAN,9.3578,"2015/09/17 02:45:10"
D,METER_DATA,GEN_DUID,1,"2015/09/17 02:50:00",RPCG,5.371021,"2015/09/17 02:45:10"
D,METER_DATA,GEN_DUID,1,"2015/09/17 02:50:00",RUBICON,0,"2015/09/17 02:45:10"
D,METER_DATA,GEN_DUID,1,"2015/09/17 02:50:00",STARHLWF,2.299330,"2015/09/17 02:45:10"
D,METER_DATA,GEN_DUID,1,"2015/09/17 02:50:00",WAUBRAWF,21.7810,"2015/09/17 02:45:10"
D,METER_DATA,GEN_DUID,1,"2015/09/17 02:50:00",WOOLNTH1,49.980019,"2015/09/17 02:45:10"
D,METER_DATA,GEN_DUID,1,"2015/09/17 02:50:00",WPWF,9,"2015/09/17 02:45:10"
D,METER_DATA,GEN_DUID,1,"2015/09/17 02:50:00",YAMBUKWF,2.80,"2015/09/17 02:45:10"
D,METER_DATA,GEN_DUID,1,"2015/09/17 02:55:00",ANGAS1,0,"2015/09/17 02:50:10"
D,METER_DATA,GEN_DUID,1,"2015/09/17 02:55:00",ANGAS2,0,"2015/09/17 02:50:10"
D,METER_DATA,GEN_DUID,1,"2015/09/17 02:55:00",BUTLERSG,-0.000002,"2015/09/17 02:50:10"
D,METER_DATA,GEN_DUID,1,"2015/09/17 02:55:00",CALL_A_4,0,"2015/09/17 02:50:10"
D,METER_DATA,GEN_DUID,1,"2015/09/17 02:55:00",CAPTL_WF,0,"2015/09/17 02:50:10"
D,METER_DATA,GEN_DUID,1,"2015/09/17 02:55:00",CATHROCK,0,"2015/09/17 02:50:10"
D,METER_DATA,GEN_DUID,1,"2015/09/17 02:55:00",CHALLHWF,1.50,"2015/09/17 02:50:10"
D,METER_DATA,GEN_DUID,1,"2015/09/17 02:55:00",CLOVER,-0.01,"2015/09/17 02:50:10"
D,METER_DATA,GEN_DUID,1,"2015/09/17 02:55:00",CLUNY,3.915460,"2015/09/17 02:50:10"
D,METER_DATA,GEN_DUID,1,"2015/09/17 02:55:00",CNUNDAWF,9.511095,"2015/09/17 02:50:10"
D,METER_DATA,GEN_DUID,1,"2015/09/17 02:55:00",CULLRGWF,3.09,"2015/09/17 02:50:10"
D,METER_DATA,GEN_DUID,1,"2015/09/17 02:55:00",ERGT01,0,"2015/09/17 02:50:10"
D,METER_DATA,GEN_DUID,1,"2015/09/17 02:55:00",GB01,0.208096,"2015/09/17 02:50:10"
D,METER_DATA,GEN_DUID,1,"2015/09/17 02:55:00",GERMCRK,30,"2015/09/17 02:50:10"
D,METER_DATA,GEN_DUID,1,"2015/09/17 02:55:00",INVICTA,38.1250,"2015/09/17 02:50:10"
D,METER_DATA,GEN_DUID,1,"2015/09/17 02:55:00",LKBONNY1,-0.449338,"2015/09/17 02:50:10"
D,METER_DATA,GEN_DUID,1,"2015/09/17 02:55:00",MBAHNTH,50.137501,"2015/09/17 02:50:10"
D,METER_DATA,GEN_DUID,1,"2015/09/17 02:55:00",MLWF1,1.80,"2015/09/17 02:50:10"
D,METER_DATA,GEN_DUID,1,"2015/09/17 02:55:00",MTMILLAR,10.216921,"2015/09/17 02:50:10"
D,METER_DATA,GEN_DUID,1,"2015/09/17 02:55:00",PALOONA,11.82,"2015/09/17 02:50:10"
D,METER_DATA,GEN_DUID,1,"2015/09/17 02:55:00",PIONEER,40.400002,"2015/09/17 02:50:10"
D,METER_DATA,GEN_DUID,1,"2015/09/17 02:55:00",PORTWF,49.700001,"2015/09/17 02:50:10"
D,METER_DATA,GEN_DUID,1,"2015/09/17 02:55:00",REPULSE,4.153990,"2015/09/17 02:50:10"
D,METER_DATA,GEN_DUID,1,"2015/09/17 02:55:00",ROWALLAN,9.4643,"2015/09/17 02:50:10"
D,METER_DATA,GEN_DUID,1,"2015/09/17 02:55:00",RPCG,5.400352,"2015/09/17 02:50:10"
D,METER_DATA,GEN_DUID,1,"2015/09/17 02:55:00",RUBICON,0,"2015/09/17 02:50:10"
D,METER_DATA,GEN_DUID,1,"2015/09/17 02:55:00",STARHLWF,1.599534,"2015/09/17 02:50:10"
D,METER_DATA,GEN_DUID,1,"2015/09/17 02:55:00",WAUBRAWF,23.207001,"2015/09/17 02:50:10"
D,METER_DATA,GEN_DUID,1,"2015/09/17 02:55:00",WOOLNTH1,49.940018,"2015/09/17 02:50:10"
D,METER_DATA,GEN_DUID,1,"2015/09/17 02:55:00",WPWF,10,"2015/09/17 02:50:10"
D,METER_DATA,GEN_DUID,1,"2015/09/17 02:55:00",YAMBUKWF,2.70,"2015/09/17 02:50:10"
D,METER_DATA,GEN_DUID,1,"2015/09/17 03:00:00",ANGAS1,0,"2015/09/17 02:55:10"
D,METER_DATA,GEN_DUID,1,"2015/09/17 03:00:00",ANGAS2,0,"2015/09/17 02:55:10"
D,METER_DATA,GEN_DUID,1,"2015/09/17 03:00:00",BUTLERSG,-0.000002,"2015/09/17 02:55:10"
D,METER_DATA,GEN_DUID,1,"2015/09/17 03:00:00",CALL_A_4,0,"2015/09/17 02:55:10"
D,METER_DATA,GEN_DUID,1,"2015/09/17 03:00:00",CAPTL_WF,0,"2015/09/17 02:55:10"
D,METER_DATA,GEN_DUID,1,"2015/09/17 03:00:00",CATHROCK,0,"2015/09/17 02:55:10"
D,METER_DATA,GEN_DUID,1,"2015/09/17 03:00:00",CHALLHWF,1.70,"2015/09/17 02:55:10"
D,METER_DATA,GEN_DUID,1,"2015/09/17 03:00:00",CLOVER,-0.01,"2015/09/17 02:55:10"
D,METER_DATA,GEN_DUID,1,"2015/09/17 03:00:00",CLUNY,3.901170,"2015/09/17 02:55:10"
D,METER_DATA,GEN_DUID,1,"2015/09/17 03:00:00",CNUNDAWF,14.617052,"2015/09/17 02:55:10"
D,METER_DATA,GEN_DUID,1,"2015/09/17 03:00:00",CULLRGWF,2.98,"2015/09/17 02:55:10"
D,METER_DATA,GEN_DUID,1,"2015/09/17 03:00:00",ERGT01,0,"2015/09/17 02:55:10"
D,METER_DATA,GEN_DUID,1,"2015/09/17 03:00:00",GB01,0.208096,"2015/09/17 02:55:10"
D,METER_DATA,GEN_DUID,1,"2015/09/17 03:00:00",GERMCRK,30.40,"2015/09/17 02:55:10"
D,METER_DATA,GEN_DUID,1,"2015/09/17 03:00:00",INVICTA,38.1250,"2015/09/17 02:55:10"
D,METER_DATA,GEN_DUID,1,"2015/09/17 03:00:00",LKBONNY1,-0.449338,"2015/09/17 02:55:10"
D,METER_DATA,GEN_DUID,1,"2015/09/17 03:00:00",MBAHNTH,50.137501,"2015/09/17 02:55:10"
D,METER_DATA,GEN_DUID,1,"2015/09/17 03:00:00",MLWF1,1.26,"2015/09/17 02:55:10"
D,METER_DATA,GEN_DUID,1,"2015/09/17 03:00:00",MTMILLAR,10.752695,"2015/09/17 02:55:10"
D,METER_DATA,GEN_DUID,1,"2015/09/17 03:00:00",PALOONA,11.74,"2015/09/17 02:55:10"
D,METER_DATA,GEN_DUID,1,"2015/09/17 03:00:00",PIONEER,41.900002,"2015/09/17 02:55:10"
D,METER_DATA,GEN_DUID,1,"2015/09/17 03:00:00",PORTWF,48.50,"2015/09/17 02:55:10"
D,METER_DATA,GEN_DUID,1,"2015/09/17 03:00:00",REPULSE,3.849110,"2015/09/17 02:55:10"
D,METER_DATA,GEN_DUID,1,"2015/09/17 03:00:00",ROWALLAN,9.4288,"2015/09/17 02:55:10"
D,METER_DATA,GEN_DUID,1,"2015/09/17 03:00:00",RPCG,5.378646,"2015/09/17 02:55:10"
D,METER_DATA,GEN_DUID,1,"2015/09/17 03:00:00",RUBICON,0,"2015/09/17 02:55:10"
D,METER_DATA,GEN_DUID,1,"2015/09/17 03:00:00",STARHLWF,1.299621,"2015/09/17 02:55:10"
D,METER_DATA,GEN_DUID,1,"2015/09/17 03:00:00",WAUBRAWF,23.7460,"2015/09/17 02:55:10"
D,METER_DATA,GEN_DUID,1,"2015/09/17 03:00:00",WOOLNTH1,50.900017,"2015/09/17 02:55:10"
D,METER_DATA,GEN_DUID,1,"2015/09/17 03:00:00",WPWF,9,"2015/09/17 02:55:10"
D,METER_DATA,GEN_DUID,1,"2015/09/17 03:00:00",YAMBUKWF,2.50,"2015/09/17 02:55:10"
D,METER_DATA,GEN_DUID,1,"2015/09/17 03:05:00",ANGAS1,0,"2015/09/17 03:00:11"
D,METER_DATA,GEN_DUID,1,"2015/09/17 03:05:00",ANGAS2,0,"2015/09/17 03:00:11"
D,METER_DATA,GEN_DUID,1,"2015/09/17 03:05:00",BUTLERSG,-0.000002,"2015/09/17 03:00:11"
D,METER_DATA,GEN_DUID,1,"2015/09/17 03:05:00",CALL_A_4,0,"2015/09/17 03:00:11"
D,METER_DATA,GEN_DUID,1,"2015/09/17 03:05:00",CAPTL_WF,0,"2015/09/17 03:00:11"
D,METER_DATA,GEN_DUID,1,"2015/09/17 03:05:00",CATHROCK,0,"2015/09/17 03:00:11"
D,METER_DATA,GEN_DUID,1,"2015/09/17 03:05:00",CHALLHWF,0,"2015/09/17 03:00:11"
D,METER_DATA,GEN_DUID,1,"2015/09/17 03:05:00",CLOVER,-0.01,"2015/09/17 03:00:11"
D,METER_DATA,GEN_DUID,1,"2015/09/17 03:05:00",CLUNY,3.8583,"2015/09/17 03:00:11"
D,METER_DATA,GEN_DUID,1,"2015/09/17 03:05:00",CNUNDAWF,14.516934,"2015/09/17 03:00:11"
D,METER_DATA,GEN_DUID,1,"2015/09/17 03:05:00",CULLRGWF,2.35,"2015/09/17 03:00:11"
D,METER_DATA,GEN_DUID,1,"2015/09/17 03:05:00",ERGT01,0,"2015/09/17 03:00:11"
D,METER_DATA,GEN_DUID,1,"2015/09/17 03:05:00",GB01,0.208096,"2015/09/17 03:00:11"
D,METER_DATA,GEN_DUID,1,"2015/09/17 03:05:00",GERMCRK,30.10,"2015/09/17 03:00:11"
D,METER_DATA,GEN_DUID,1,"2015/09/17 03:05:00",INVICTA,38.1250,"2015/09/17 03:00:11"
D,METER_DATA,GEN_DUID,1,"2015/09/17 03:05:00",LKBONNY1,-0.449338,"2015/09/17 03:00:11"
D,METER_DATA,GEN_DUID,1,"2015/09/17 03:05:00",MBAHNTH,50.137501,"2015/09/17 03:00:11"
D,METER_DATA,GEN_DUID,1,"2015/09/17 03:05:00",MLWF1,1.50,"2015/09/17 03:00:11"
D,METER_DATA,GEN_DUID,1,"2015/09/17 03:05:00",MTMILLAR,10.194596,"2015/09/17 03:00:11"
D,METER_DATA,GEN_DUID,1,"2015/09/17 03:05:00",PALOONA,11.74,"2015/09/17 03:00:11"
D,METER_DATA,GEN_DUID,1,"2015/09/17 03:05:00",PIONEER,41.900002,"2015/09/17 03:00:11"
D,METER_DATA,GEN_DUID,1,"2015/09/17 03:05:00",PORTWF,52.799999,"2015/09/17 03:00:11"
D,METER_DATA,GEN_DUID,1,"2015/09/17 03:05:00",REPULSE,4.211155,"2015/09/17 03:00:11"
D,METER_DATA,GEN_DUID,1,"2015/09/17 03:05:00",ROWALLAN,9.5353,"2015/09/17 03:00:11"
D,METER_DATA,GEN_DUID,1,"2015/09/17 03:05:00",RPCG,1.174944,"2015/09/17 03:00:11"
D,METER_DATA,GEN_DUID,1,"2015/09/17 03:05:00",RUBICON,0,"2015/09/17 03:00:11"
D,METER_DATA,GEN_DUID,1,"2015/09/17 03:05:00",STARHLWF,1.399592,"2015/09/17 03:00:11"
D,METER_DATA,GEN_DUID,1,"2015/09/17 03:05:00",WAUBRAWF,27.3780,"2015/09/17 03:00:11"
D,METER_DATA,GEN_DUID,1,"2015/09/17 03:05:00",WOOLNTH1,60.240017,"2015/09/17 03:00:11"
D,METER_DATA,GEN_DUID,1,"2015/09/17 03:05:00",WPWF,10,"2015/09/17 03:00:11"
D,METER_DATA,GEN_DUID,1,"2015/09/17 03:05:00",YAMBUKWF,2.20,"2015/09/17 03:00:11"
D,METER_DATA,GEN_DUID,1,"2015/09/17 03:10:00",ANGAS1,0,"2015/09/17 03:05:11"
D,METER_DATA,GEN_DUID,1,"2015/09/17 03:10:00",ANGAS2,0,"2015/09/17 03:05:11"
D,METER_DATA,GEN_DUID,1,"2015/09/17 03:10:00",BUTLERSG,-0.000002,"2015/09/17 03:05:11"
D,METER_DATA,GEN_DUID,1,"2015/09/17 03:10:00",CALL_A_4,0,"2015/09/17 03:05:11"
D,METER_DATA,GEN_DUID,1,"2015/09/17 03:10:00",CAPTL_WF,0,"2015/09/17 03:05:11"
D,METER_DATA,GEN_DUID,1,"2015/09/17 03:10:00",CATHROCK,0,"2015/09/17 03:05:11"
D,METER_DATA,GEN_DUID,1,"2015/09/17 03:10:00",CHALLHWF,0.30,"2015/09/17 03:05:11"
D,METER_DATA,GEN_DUID,1,"2015/09/17 03:10:00",CLOVER,-0.02,"2015/09/17 03:05:11"
D,METER_DATA,GEN_DUID,1,"2015/09/17 03:10:00",CLUNY,3.915460,"2015/09/17 03:05:11"
D,METER_DATA,GEN_DUID,1,"2015/09/17 03:10:00",CNUNDAWF,13.415649,"2015/09/17 03:05:11"
D,METER_DATA,GEN_DUID,1,"2015/09/17 03:10:00",CULLRGWF,1.84,"2015/09/17 03:05:11"
D,METER_DATA,GEN_DUID,1,"2015/09/17 03:10:00",ERGT01,0,"2015/09/17 03:05:11"
D,METER_DATA,GEN_DUID,1,"2015/09/17 03:10:00",GB01,0.208096,"2015/09/17 03:05:11"
D,METER_DATA,GEN_DUID,1,"2015/09/17 03:10:00",GERMCRK,30.60,"2015/09/17 03:05:11"
D,METER_DATA,GEN_DUID,1,"2015/09/17 03:10:00",INVICTA,36.975002,"2015/09/17 03:05:11"
D,METER_DATA,GEN_DUID,1,"2015/09/17 03:10:00",LKBONNY1,-0.449338,"2015/09/17 03:05:11"
D,METER_DATA,GEN_DUID,1,"2015/09/17 03:10:00",MBAHNTH,49.087502,"2015/09/17 03:05:11"
D,METER_DATA,GEN_DUID,1,"2015/09/17 03:10:00",MLWF1,1.50,"2015/09/17 03:05:11"
D,METER_DATA,GEN_DUID,1,"2015/09/17 03:10:00",MTMILLAR,11.414971,"2015/09/17 03:05:11"
D,METER_DATA,GEN_DUID,1,"2015/09/17 03:10:00",PALOONA,11.74,"2015/09/17 03:05:11"
D,METER_DATA,GEN_DUID,1,"2015/09/17 03:10:00",PIONEER,43.400002,"2015/09/17 03:05:11"
D,METER_DATA,GEN_DUID,1,"2015/09/17 03:10:00",PORTWF,58.700001,"2015/09/17 03:05:11"
D,METER_DATA,GEN_DUID,1,"2015/09/17 03:10:00",REPULSE,4.1921,"2015/09/17 03:05:11"
D,METER_DATA,GEN_DUID,1,"2015/09/17 03:10:00",ROWALLAN,9.5708,"2015/09/17 03:05:11"
D,METER_DATA,GEN_DUID,1,"2015/09/17 03:10:00",RPCG,5.383859,"2015/09/17 03:05:11"
D,METER_DATA,GEN_DUID,1,"2015/09/17 03:10:00",RUBICON,0,"2015/09/17 03:05:11"
D,METER_DATA,GEN_DUID,1,"2015/09/17 03:10:00",STARHLWF,1.899446,"2015/09/17 03:05:11"
D,METER_DATA,GEN_DUID,1,"2015/09/17 03:10:00",WAUBRAWF,30.318001,"2015/09/17 03:05:11"
D,METER_DATA,GEN_DUID,1,"2015/09/17 03:10:00",WOOLNTH1,66.900017,"2015/09/17 03:05:11"
D,METER_DATA,GEN_DUID,1,"2015/09/17 03:10:00",WPWF,11,"2015/09/17 03:05:11"
D,METER_DATA,GEN_DUID,1,"2015/09/17 03:10:00",YAMBUKWF,3,"2015/09/17 03:05:11"
D,METER_DATA,GEN_DUID,1,"2015/09/17 03:15:00",ANGAS1,0,"2015/09/17 03:10:11"
D,METER_DATA,GEN_DUID,1,"2015/09/17 03:15:00",ANGAS2,0,"2015/09/17 03:10:11"
D,METER_DATA,GEN_DUID,1,"2015/09/17 03:15:00",BUTLERSG,-0.000002,"2015/09/17 03:10:11"
D,METER_DATA,GEN_DUID,1,"2015/09/17 03:15:00",CALL_A_4,0,"2015/09/17 03:10:11"
D,METER_DATA,GEN_DUID,1,"2015/09/17 03:15:00",CAPTL_WF,0,"2015/09/17 03:10:11"
D,METER_DATA,GEN_DUID,1,"2015/09/17 03:15:00",CATHROCK,1.40,"2015/09/17 03:10:11"
D,METER_DATA,GEN_DUID,1,"2015/09/17 03:15:00",CHALLHWF,0.30,"2015/09/17 03:10:11"
D,METER_DATA,GEN_DUID,1,"2015/09/17 03:15:00",CLOVER,-0.01,"2015/09/17 03:10:11"
D,METER_DATA,GEN_DUID,1,"2015/09/17 03:15:00",CLUNY,4.072650,"2015/09/17 03:10:11"
D,METER_DATA,GEN_DUID,1,"2015/09/17 03:15:00",CNUNDAWF,14.516934,"2015/09/17 03:10:11"
D,METER_DATA,GEN_DUID,1,"2015/09/17 03:15:00",CULLRGWF,1.71,"2015/09/17 03:10:11"
D,METER_DATA,GEN_DUID,1,"2015/09/17 03:15:00",ERGT01,0,"2015/09/17 03:10:11"
D,METER_DATA,GEN_DUID,1,"2015/09/17 03:15:00",GB01,0.208096,"2015/09/17 03:10:11"
D,METER_DATA,GEN_DUID,1,"2015/09/17 03:15:00",GERMCRK,31.10,"2015/09/17 03:10:11"
D,METER_DATA,GEN_DUID,1,"2015/09/17 03:15:00",INVICTA,38.075001,"2015/09/17 03:10:11"
D,METER_DATA,GEN_DUID,1,"2015/09/17 03:15:00",LKBONNY1,-0.360028,"2015/09/17 03:10:11"
D,METER_DATA,GEN_DUID,1,"2015/09/17 03:15:00",MBAHNTH,49.087502,"2015/09/17 03:10:11"
D,METER_DATA,GEN_DUID,1,"2015/09/17 03:15:00",MLWF1,1.62,"2015/09/17 03:10:11"
D,METER_DATA,GEN_DUID,1,"2015/09/17 03:15:00",MTMILLAR,12.062366,"2015/09/17 03:10:11"
D,METER_DATA,GEN_DUID,1,"2015/09/17 03:15:00",PALOONA,11.77,"2015/09/17 03:10:11"
D,METER_DATA,GEN_DUID,1,"2015/09/17 03:15:00",PIONEER,43.50,"2015/09/17 03:10:11"
D,METER_DATA,GEN_DUID,1,"2015/09/17 03:15:00",PORTWF,53.099998,"2015/09/17 03:10:11"
D,METER_DATA,GEN_DUID,1,"2015/09/17 03:15:00",REPULSE,4.401705,"2015/09/17 03:10:11"
D,METER_DATA,GEN_DUID,1,"2015/09/17 03:15:00",ROWALLAN,9.5140,"2015/09/17 03:10:11"
D,METER_DATA,GEN_DUID,1,"2015/09/17 03:15:00",RPCG,5.366524,"2015/09/17 03:10:11"
D,METER_DATA,GEN_DUID,1,"2015/09/17 03:15:00",RUBICON,0,"2015/09/17 03:10:11"
D,METER_DATA,GEN_DUID,1,"2015/09/17 03:15:00",STARHLWF,2.299330,"2015/09/17 03:10:11"
D,METER_DATA,GEN_DUID,1,"2015/09/17 03:15:00",WAUBRAWF,31.0930,"2015/09/17 03:10:11"
D,METER_DATA,GEN_DUID,1,"2015/09/17 03:15:00",WOOLNTH1,68.680016,"2015/09/17 03:10:11"
D,METER_DATA,GEN_DUID,1,"2015/09/17 03:15:00",WPWF,9,"2015/09/17 03:10:11"
D,METER_DATA,GEN_DUID,1,"2015/09/17 03:15:00",YAMBUKWF,3.40,"2015/09/17 03:10:11"
D,METER_DATA,GEN_DUID,1,"2015/09/17 03:20:00",ANGAS1,0,"2015/09/17 03:15:10"
D,METER_DATA,GEN_DUID,1,"2015/09/17 03:20:00",ANGAS2,0,"2015/09/17 03:15:10"
D,METER_DATA,GEN_DUID,1,"2015/09/17 03:20:00",BUTLERSG,-0.000002,"2015/09/17 03:15:10"
D,METER_DATA,GEN_DUID,1,"2015/09/17 03:20:00",CALL_A_4,0,"2015/09/17 03:15:10"
D,METER_DATA,GEN_DUID,1,"2015/09/17 03:20:00",CAPTL_WF,0,"2015/09/17 03:15:10"
D,METER_DATA,GEN_DUID,1,"2015/09/17 03:20:00",CATHROCK,1.87,"2015/09/17 03:15:10"
D,METER_DATA,GEN_DUID,1,"2015/09/17 03:20:00",CHALLHWF,0.30,"2015/09/17 03:15:10"
D,METER_DATA,GEN_DUID,1,"2015/09/17 03:20:00",CLOVER,0,"2015/09/17 03:15:10"
D,METER_DATA,GEN_DUID,1,"2015/09/17 03:20:00",CLUNY,4.115520,"2015/09/17 03:15:10"
D,METER_DATA,GEN_DUID,1,"2015/09/17 03:20:00",CNUNDAWF,15.918570,"2015/09/17 03:15:10"
D,METER_DATA,GEN_DUID,1,"2015/09/17 03:20:00",CULLRGWF,1.50,"2015/09/17 03:15:10"
D,METER_DATA,GEN_DUID,1,"2015/09/17 03:20:00",ERGT01,0,"2015/09/17 03:15:10"
D,METER_DATA,GEN_DUID,1,"2015/09/17 03:20:00",GB01,0.208096,"2015/09/17 03:15:10"
D,METER_DATA,GEN_DUID,1,"2015/09/17 03:20:00",GERMCRK,32.200001,"2015/09/17 03:15:10"
D,METER_DATA,GEN_DUID,1,"2015/09/17 03:20:00",INVICTA,38.075001,"2015/09/17 03:15:10"
D,METER_DATA,GEN_DUID,1,"2015/09/17 03:20:00",LKBONNY1,-0.449338,"2015/09/17 03:15:10"
D,METER_DATA,GEN_DUID,1,"2015/09/17 03:20:00",MBAHNTH,49.087502,"2015/09/17 03:15:10"
D,METER_DATA,GEN_DUID,1,"2015/09/17 03:20:00",MLWF1,1.41,"2015/09/17 03:15:10"
D,METER_DATA,GEN_DUID,1,"2015/09/17 03:20:00",MTMILLAR,12.687436,"2015/09/17 03:15:10"
D,METER_DATA,GEN_DUID,1,"2015/09/17 03:20:00",PALOONA,11.77,"2015/09/17 03:15:10"
D,METER_DATA,GEN_DUID,1,"2015/09/17 03:20:00",PIONEER,42.100002,"2015/09/17 03:15:10"
D,METER_DATA,GEN_DUID,1,"2015/09/17 03:20:00",PORTWF,49.900002,"2015/09/17 03:15:10"
D,METER_DATA,GEN_DUID,1,"2015/09/17 03:20:00",REPULSE,4.134935,"2015/09/17 03:15:10"
D,METER_DATA,GEN_DUID,1,"2015/09/17 03:20:00",ROWALLAN,9.4927,"2015/09/17 03:15:10"
D,METER_DATA,GEN_DUID,1,"2015/09/17 03:20:00",RPCG,1.699408,"2015/09/17 03:15:10"
D,METER_DATA,GEN_DUID,1,"2015/09/17 03:20:00",RUBICON,0,"2015/09/17 03:15:10"
D,METER_DATA,GEN_DUID,1,"2015/09/17 03:20:00",STARHLWF,2.299330,"2015/09/17 03:15:10"
D,METER_DATA,GEN_DUID,1,"2015/09/17 03:20:00",WAUBRAWF,33.8120,"2015/09/17 03:15:10"
D,METER_DATA,GEN_DUID,1,"2015/09/17 03:20:00",WOOLNTH1,72.730019,"2015/09/17 03:15:10"
D,METER_DATA,GEN_DUID,1,"2015/09/17 03:20:00",WPWF,8,"2015/09/17 03:15:10"
D,METER_DATA,GEN_DUID,1,"2015/09/17 03:20:00",YAMBUKWF,2.60,"2015/09/17 03:15:10"
D,METER_DATA,GEN_DUID,1,"2015/09/17 03:25:00",ANGAS1,0,"2015/09/17 03:20:07"
D,METER_DATA,GEN_DUID,1,"2015/09/17 03:25:00",ANGAS2,0,"2015/09/17 03:20:07"
D,METER_DATA,GEN_DUID,1,"2015/09/17 03:25:00",BUTLERSG,-0.000002,"2015/09/17 03:20:07"
D,METER_DATA,GEN_DUID,1,"2015/09/17 03:25:00",CALL_A_4,0,"2015/09/17 03:20:07"
D,METER_DATA,GEN_DUID,1,"2015/09/17 03:25:00",CAPTL_WF,0,"2015/09/17 03:20:07"
D,METER_DATA,GEN_DUID,1,"2015/09/17 03:25:00",CATHROCK,1.39,"2015/09/17 03:20:07"
D,METER_DATA,GEN_DUID,1,"2015/09/17 03:25:00",CHALLHWF,0.20,"2015/09/17 03:20:07"
D,METER_DATA,GEN_DUID,1,"2015/09/17 03:25:00",CLOVER,-0.01,"2015/09/17 03:20:07"
D,METER_DATA,GEN_DUID,1,"2015/09/17 03:25:00",CLUNY,4.201260,"2015/09/17 03:20:07"
D,METER_DATA,GEN_DUID,1,"2015/09/17 03:25:00",CNUNDAWF,18.922073,"2015/09/17 03:20:07"
D,METER_DATA,GEN_DUID,1,"2015/09/17 03:25:00",CULLRGWF,1.27,"2015/09/17 03:20:07"
D,METER_DATA,GEN_DUID,1,"2015/09/17 03:25:00",ERGT01,0,"2015/09/17 03:20:07"
D,METER_DATA,GEN_DUID,1,"2015/09/17 03:25:00",GB01,0.208096,"2015/09/17 03:20:07"
D,METER_DATA,GEN_DUID,1,"2015/09/17 03:25:00",GERMCRK,32.400002,"2015/09/17 03:20:07"
D,METER_DATA,GEN_DUID,1,"2015/09/17 03:25:00",INVICTA,38.075001,"2015/09/17 03:20:07"
D,METER_DATA,GEN_DUID,1,"2015/09/17 03:25:00",LKBONNY1,-0.449338,"2015/09/17 03:20:07"
D,METER_DATA,GEN_DUID,1,"2015/09/17 03:25:00",MBAHNTH,49.087502,"2015/09/17 03:20:07"
D,METER_DATA,GEN_DUID,1,"2015/09/17 03:25:00",MLWF1,1.20,"2015/09/17 03:20:07"
D,METER_DATA,GEN_DUID,1,"2015/09/17 03:25:00",MTMILLAR,12.694878,"2015/09/17 03:20:07"
D,METER_DATA,GEN_DUID,1,"2015/09/17 03:25:00",PALOONA,11.77,"2015/09/17 03:20:07"
D,METER_DATA,GEN_DUID,1,"2015/09/17 03:25:00",PIONEER,41.700001,"2015/09/17 03:20:07"
D,METER_DATA,GEN_DUID,1,"2015/09/17 03:25:00",PORTWF,50,"2015/09/17 03:20:07"
D,METER_DATA,GEN_DUID,1,"2015/09/17 03:25:00",REPULSE,4.420760,"2015/09/17 03:20:07"
D,METER_DATA,GEN_DUID,1,"2015/09/17 03:25:00",ROWALLAN,9.7767,"2015/09/17 03:20:07"
D,METER_DATA,GEN_DUID,1,"2015/09/17 03:25:00",RPCG,1.683158,"2015/09/17 03:20:07"
D,METER_DATA,GEN_DUID,1,"2015/09/17 03:25:00",RUBICON,0,"2015/09/17 03:20:07"
D,METER_DATA,GEN_DUID,1,"2015/09/17 03:25:00",STARHLWF,2.699213,"2015/09/17 03:20:07"
D,METER_DATA,GEN_DUID,1,"2015/09/17 03:25:00",WAUBRAWF,37.268002,"2015/09/17 03:20:07"
D,METER_DATA,GEN_DUID,1,"2015/09/17 03:25:00",WOOLNTH1,72.480019,"2015/09/17 03:20:07"
D,METER_DATA,GEN_DUID,1,"2015/09/17 03:25:00",WPWF,8,"2015/09/17 03:20:07"
D,METER_DATA,GEN_DUID,1,"2015/09/17 03:25:00",YAMBUKWF,3,"2015/09/17 03:20:07"
D,METER_DATA,GEN_DUID,1,"2015/09/17 03:30:00",ANGAS1,0,"2015/09/17 03:25:11"
D,METER_DATA,GEN_DUID,1,"2015/09/17 03:30:00",ANGAS2,0,"2015/09/17 03:25:11"
D,METER_DATA,GEN_DUID,1,"2015/09/17 03:30:00",BUTLERSG,-0.000002,"2015/09/17 03:25:11"
D,METER_DATA,GEN_DUID,1,"2015/09/17 03:30:00",CALL_A_4,0,"2015/09/17 03:25:11"
D,METER_DATA,GEN_DUID,1,"2015/09/17 03:30:00",CAPTL_WF,0,"2015/09/17 03:25:11"
D,METER_DATA,GEN_DUID,1,"2015/09/17 03:30:00",CATHROCK,2.32,"2015/09/17 03:25:11"
D,METER_DATA,GEN_DUID,1,"2015/09/17 03:30:00",CHALLHWF,0.70,"2015/09/17 03:25:11"
D,METER_DATA,GEN_DUID,1,"2015/09/17 03:30:00",CLOVER,-0.02,"2015/09/17 03:25:11"
D,METER_DATA,GEN_DUID,1,"2015/09/17 03:30:00",CLUNY,4.158390,"2015/09/17 03:25:11"
D,METER_DATA,GEN_DUID,1,"2015/09/17 03:30:00",CNUNDAWF,20.323708,"2015/09/17 03:25:11"
D,METER_DATA,GEN_DUID,1,"2015/09/17 03:30:00",CULLRGWF,1.53,"2015/09/17 03:25:11"
D,METER_DATA,GEN_DUID,1,"2015/09/17 03:30:00",ERGT01,0,"2015/09/17 03:25:11"
D,METER_DATA,GEN_DUID,1,"2015/09/17 03:30:00",GB01,0.208096,"2015/09/17 03:25:11"
D,METER_DATA,GEN_DUID,1,"2015/09/17 03:30:00",GERMCRK,32.099998,"2015/09/17 03:25:11"
D,METER_DATA,GEN_DUID,1,"2015/09/17 03:30:00",INVICTA,38.075001,"2015/09/17 03:25:11"
D,METER_DATA,GEN_DUID,1,"2015/09/17 03:30:00",LKBONNY1,-0.449338,"2015/09/17 03:25:11"
D,METER_DATA,GEN_DUID,1,"2015/09/17 03:30:00",MBAHNTH,49.087502,"2015/09/17 03:25:11"
D,METER_DATA,GEN_DUID,1,"2015/09/17 03:30:00",MLWF1,1.4850,"2015/09/17 03:25:11"
D,METER_DATA,GEN_DUID,1,"2015/09/17 03:30:00",MTMILLAR,12.866028,"2015/09/17 03:25:11"
D,METER_DATA,GEN_DUID,1,"2015/09/17 03:30:00",PALOONA,11.77,"2015/09/17 03:25:11"
D,METER_DATA,GEN_DUID,1,"2015/09/17 03:30:00",PIONEER,39.900002,"2015/09/17 03:25:11"
D,METER_DATA,GEN_DUID,1,"2015/09/17 03:30:00",PORTWF,50.299999,"2015/09/17 03:25:11"
D,METER_DATA,GEN_DUID,1,"2015/09/17 03:30:00",REPULSE,3.925330,"2015/09/17 03:25:11"
D,METER_DATA,GEN_DUID,1,"2015/09/17 03:30:00",ROWALLAN,9.5992,"2015/09/17 03:25:11"
D,METER_DATA,GEN_DUID,1,"2015/09/17 03:30:00",RPCG,5.874350,"2015/09/17 03:25:11"
D,METER_DATA,GEN_DUID,1,"2015/09/17 03:30:00",RUBICON,0,"2015/09/17 03:25:11"
D,METER_DATA,GEN_DUID,1,"2015/09/17 03:30:00",STARHLWF,2.899155,"2015/09/17 03:25:11"
D,METER_DATA,GEN_DUID,1,"2015/09/17 03:30:00",WAUBRAWF,35.207001,"2015/09/17 03:25:11"
D,METER_DATA,GEN_DUID,1,"2015/09/17 03:30:00",WOOLNTH1,57.310017,"2015/09/17 03:25:11"
D,METER_DATA,GEN_DUID,1,"2015/09/17 03:30:00",WPWF,8,"2015/09/17 03:25:11"
D,METER_DATA,GEN_DUID,1,"2015/09/17 03:30:00",YAMBUKWF,3.30,"2015/09/17 03:25:11"
D,METER_DATA,GEN_DUID,1,"2015/09/17 03:35:00",ANGAS1,0,"2015/09/17 03:30:11"
D,METER_DATA,GEN_DUID,1,"2015/09/17 03:35:00",ANGAS2,0,"2015/09/17 03:30:11"
D,METER_DATA,GEN_DUID,1,"2015/09/17 03:35:00",BUTLERSG,-0.000002,"2015/09/17 03:30:11"
D,METER_DATA,GEN_DUID,1,"2015/09/17 03:35:00",CALL_A_4,0,"2015/09/17 03:30:11"
D,METER_DATA,GEN_DUID,1,"2015/09/17 03:35:00",CAPTL_WF,0,"2015/09/17 03:30:11"
D,METER_DATA,GEN_DUID,1,"2015/09/17 03:35:00",CATHROCK,1.64,"2015/09/17 03:30:11"
D,METER_DATA,GEN_DUID,1,"2015/09/17 03:35:00",CHALLHWF,1.10,"2015/09/17 03:30:11"
D,METER_DATA,GEN_DUID,1,"2015/09/17 03:35:00",CLOVER,-0.02,"2015/09/17 03:30:11"
D,METER_DATA,GEN_DUID,1,"2015/09/17 03:35:00",CLUNY,4.0012,"2015/09/17 03:30:11"
D,METER_DATA,GEN_DUID,1,"2015/09/17 03:35:00",CNUNDAWF,20.123474,"2015/09/17 03:30:11"
D,METER_DATA,GEN_DUID,1,"2015/09/17 03:35:00",CULLRGWF,1.82,"2015/09/17 03:30:11"
D,METER_DATA,GEN_DUID,1,"2015/09/17 03:35:00",ERGT01,0,"2015/09/17 03:30:11"
D,METER_DATA,GEN_DUID,1,"2015/09/17 03:35:00",GB01,0.208096,"2015/09/17 03:30:11"
D,METER_DATA,GEN_DUID,1,"2015/09/17 03:35:00",GERMCRK,32.299999,"2015/09/17 03:30:11"
D,METER_DATA,GEN_DUID,1,"2015/09/17 03:35:00",INVICTA,38.075001,"2015/09/17 03:30:11"
D,METER_DATA,GEN_DUID,1,"2015/09/17 03:35:00",LKBONNY1,-0.449338,"2015/09/17 03:30:11"
D,METER_DATA,GEN_DUID,1,"2015/09/17 03:35:00",MBAHNTH,50.193752,"2015/09/17 03:30:11"
D,METER_DATA,GEN_DUID,1,"2015/09/17 03:35:00",MLWF1,1.5150,"2015/09/17 03:30:11"
D,METER_DATA,GEN_DUID,1,"2015/09/17 03:35:00",MTMILLAR,13.766426,"2015/09/17 03:30:11"
D,METER_DATA,GEN_DUID,1,"2015/09/17 03:35:00",PALOONA,11.77,"2015/09/17 03:30:11"
D,METER_DATA,GEN_DUID,1,"2015/09/17 03:35:00",PIONEER,37.200001,"2015/09/17 03:30:11"
D,METER_DATA,GEN_DUID,1,"2015/09/17 03:35:00",PORTWF,51.900002,"2015/09/17 03:30:11"
D,METER_DATA,GEN_DUID,1,"2015/09/17 03:35:00",REPULSE,4.153990,"2015/09/17 03:30:11"
D,METER_DATA,GEN_DUID,1,"2015/09/17 03:35:00",ROWALLAN,9.6205,"2015/09/17 03:30:11"
D,METER_DATA,GEN_DUID,1,"2015/09/17 03:35:00",RPCG,1.694813,"2015/09/17 03:30:11"
D,METER_DATA,GEN_DUID,1,"2015/09/17 03:35:00",RUBICON,0,"2015/09/17 03:30:11"
D,METER_DATA,GEN_DUID,1,"2015/09/17 03:35:00",STARHLWF,2.699213,"2015/09/17 03:30:11"
D,METER_DATA,GEN_DUID,1,"2015/09/17 03:35:00",WAUBRAWF,33.25,"2015/09/17 03:30:11"
D,METER_DATA,GEN_DUID,1,"2015/09/17 03:35:00",WOOLNTH1,61.550018,"2015/09/17 03:30:11"
D,METER_DATA,GEN_DUID,1,"2015/09/17 03:35:00",WPWF,9,"2015/09/17 03:30:11"
D,METER_DATA,GEN_DUID,1,"2015/09/17 03:35:00",YAMBUKWF,4,"2015/09/17 03:30:11"
D,METER_DATA,GEN_DUID,1,"2015/09/17 03:40:00",ANGAS1,0,"2015/09/17 03:35:10"
D,METER_DATA,GEN_DUID,1,"2015/09/17 03:40:00",ANGAS2,0,"2015/09/17 03:35:10"
D,METER_DATA,GEN_DUID,1,"2015/09/17 03:40:00",BUTLERSG,-0.000002,"2015/09/17 03:35:10"
D,METER_DATA,GEN_DUID,1,"2015/09/17 03:40:00",CALL_A_4,0,"2015/09/17 03:35:10"
D,METER_DATA,GEN_DUID,1,"2015/09/17 03:40:00",CAPTL_WF,0,"2015/09/17 03:35:10"
D,METER_DATA,GEN_DUID,1,"2015/09/17 03:40:00",CATHROCK,2.42,"2015/09/17 03:35:10"
D,METER_DATA,GEN_DUID,1,"2015/09/17 03:40:00",CHALLHWF,1.50,"2015/09/17 03:35:10"
D,METER_DATA,GEN_DUID,1,"2015/09/17 03:40:00",CLOVER,-0.02,"2015/09/17 03:35:10"
D,METER_DATA,GEN_DUID,1,"2015/09/17 03:40:00",CLUNY,3.844010,"2015/09/17 03:35:10"
D,METER_DATA,GEN_DUID,1,"2015/09/17 03:40:00",CNUNDAWF,19.222424,"2015/09/17 03:35:10"
D,METER_DATA,GEN_DUID,1,"2015/09/17 03:40:00",CULLRGWF,1.64,"2015/09/17 03:35:10"
D,METER_DATA,GEN_DUID,1,"2015/09/17 03:40:00",ERGT01,0,"2015/09/17 03:35:10"
D,METER_DATA,GEN_DUID,1,"2015/09/17 03:40:00",GB01,0.208096,"2015/09/17 03:35:10"
D,METER_DATA,GEN_DUID,1,"2015/09/17 03:40:00",GERMCRK,31.50,"2015/09/17 03:35:10"
D,METER_DATA,GEN_DUID,1,"2015/09/17 03:40:00",INVICTA,38.075001,"2015/09/17 03:35:10"
D,METER_DATA,GEN_DUID,1,"2015/09/17 03:40:00",LKBONNY1,-0.449338,"2015/09/17 03:35:10"
D,METER_DATA,GEN_DUID,1,"2015/09/17 03:40:00",MBAHNTH,50.193752,"2015/09/17 03:35:10"
D,METER_DATA,GEN_DUID,1,"2015/09/17 03:40:00",MLWF1,1.6350,"2015/09/17 03:35:10"
D,METER_DATA,GEN_DUID,1,"2015/09/17 03:40:00",MTMILLAR,14.153375,"2015/09/17 03:35:10"
D,METER_DATA,GEN_DUID,1,"2015/09/17 03:40:00",PALOONA,11.719999,"2015/09/17 03:35:10"
D,METER_DATA,GEN_DUID,1,"2015/09/17 03:40:00",PIONEER,38.700001,"2015/09/17 03:35:10"
D,METER_DATA,GEN_DUID,1,"2015/09/17 03:40:00",PORTWF,56.200001,"2015/09/17 03:35:10"
D,METER_DATA,GEN_DUID,1,"2015/09/17 03:40:00",REPULSE,3.563285,"2015/09/17 03:35:10"
D,METER_DATA,GEN_DUID,1,"2015/09/17 03:40:00",ROWALLAN,9.4359,"2015/09/17 03:35:10"
D,METER_DATA,GEN_DUID,1,"2015/09/17 03:40:00",RPCG,1.692374,"2015/09/17 03:35:10"
D,METER_DATA,GEN_DUID,1,"2015/09/17 03:40:00",RUBICON,0,"2015/09/17 03:35:10"
D,METER_DATA,GEN_DUID,1,"2015/09/17 03:40:00",STARHLWF,2.999125,"2015/09/17 03:35:10"
D,METER_DATA,GEN_DUID,1,"2015/09/17 03:40:00",WAUBRAWF,36.561001,"2015/09/17 03:35:10"
D,METER_DATA,GEN_DUID,1,"2015/09/17 03:40:00",WOOLNTH1,71.300018,"2015/09/17 03:35:10"
D,METER_DATA,GEN_DUID,1,"2015/09/17 03:40:00",WPWF,9,"2015/09/17 03:35:10"
D,METER_DATA,GEN_DUID,1,"2015/09/17 03:40:00",YAMBUKWF,5,"2015/09/17 03:35:10"
D,METER_DATA,GEN_DUID,1,"2015/09/17 03:45:00",ANGAS1,0,"2015/09/17 03:40:11"
D,METER_DATA,GEN_DUID,1,"2015/09/17 03:45:00",ANGAS2,0,"2015/09/17 03:40:11"
D,METER_DATA,GEN_DUID,1,"2015/09/17 03:45:00",BUTLERSG,-0.000002,"2015/09/17 03:40:11"
D,METER_DATA,GEN_DUID,1,"2015/09/17 03:45:00",CALL_A_4,0,"2015/09/17 03:40:11"
D,METER_DATA,GEN_DUID,1,"2015/09/17 03:45:00",CAPTL_WF,0,"2015/09/17 03:40:11"
D,METER_DATA,GEN_DUID,1,"2015/09/17 03:45:00",CATHROCK,1.96,"2015/09/17 03:40:11"
D,METER_DATA,GEN_DUID,1,"2015/09/17 03:45:00",CHALLHWF,3.20,"2015/09/17 03:40:11"
D,METER_DATA,GEN_DUID,1,"2015/09/17 03:45:00",CLOVER,-0.02,"2015/09/17 03:40:11"
D,METER_DATA,GEN_DUID,1,"2015/09/17 03:45:00",CLUNY,4.058360,"2015/09/17 03:40:11"
D,METER_DATA,GEN_DUID,1,"2015/09/17 03:45:00",CNUNDAWF,16.218920,"2015/09/17 03:40:11"
D,METER_DATA,GEN_DUID,1,"2015/09/17 03:45:00",CULLRGWF,1.09,"2015/09/17 03:40:11"
D,METER_DATA,GEN_DUID,1,"2015/09/17 03:45:00",ERGT01,0,"2015/09/17 03:40:11"
D,METER_DATA,GEN_DUID,1,"2015/09/17 03:45:00",GB01,0.208096,"2015/09/17 03:40:11"
D,METER_DATA,GEN_DUID,1,"2015/09/17 03:45:00",GERMCRK,32.400002,"2015/09/17 03:40:11"
D,METER_DATA,GEN_DUID,1,"2015/09/17 03:45:00",INVICTA,38.075001,"2015/09/17 03:40:11"
D,METER_DATA,GEN_DUID,1,"2015/09/17 03:45:00",LKBONNY1,-0.449338,"2015/09/17 03:40:11"
D,METER_DATA,GEN_DUID,1,"2015/09/17 03:45:00",MBAHNTH,50.193752,"2015/09/17 03:40:11"
D,METER_DATA,GEN_DUID,1,"2015/09/17 03:45:00",MLWF1,2.0850,"2015/09/17 03:40:11"
D,METER_DATA,GEN_DUID,1,"2015/09/17 03:45:00",MTMILLAR,15.254688,"2015/09/17 03:40:11"
D,METER_DATA,GEN_DUID,1,"2015/09/17 03:45:00",PALOONA,11.719999,"2015/09/17 03:40:11"
D,METER_DATA,GEN_DUID,1,"2015/09/17 03:45:00",PIONEER,38,"2015/09/17 03:40:11"
D,METER_DATA,GEN_DUID,1,"2015/09/17 03:45:00",PORTWF,58.50,"2015/09/17 03:40:11"
D,METER_DATA,GEN_DUID,1,"2015/09/17 03:45:00",REPULSE,3.8110,"2015/09/17 03:40:11"
D,METER_DATA,GEN_DUID,1,"2015/09/17 03:45:00",ROWALLAN,9.4430,"2015/09/17 03:40:11"
D,METER_DATA,GEN_DUID,1,"2015/09/17 03:45:00",RPCG,5.893387,"2015/09/17 03:40:11"
D,METER_DATA,GEN_DUID,1,"2015/09/17 03:45:00",RUBICON,0,"2015/09/17 03:40:11"
D,METER_DATA,GEN_DUID,1,"2015/09/17 03:45:00",STARHLWF,2.999125,"2015/09/17 03:40:11"
D,METER_DATA,GEN_DUID,1,"2015/09/17 03:45:00",WAUBRAWF,37.891998,"2015/09/17 03:40:11"
D,METER_DATA,GEN_DUID,1,"2015/09/17 03:45:00",WOOLNTH1,64.140015,"2015/09/17 03:40:11"
D,METER_DATA,GEN_DUID,1,"2015/09/17 03:45:00",WPWF,10,"2015/09/17 03:40:11"
D,METER_DATA,GEN_DUID,1,"2015/09/17 03:45:00",YAMBUKWF,3.90,"2015/09/17 03:40:11"
D,METER_DATA,GEN_DUID,1,"2015/09/17 03:50:00",ANGAS1,0,"2015/09/17 03:45:11"
D,METER_DATA,GEN_DUID,1,"2015/09/17 03:50:00",ANGAS2,0,"2015/09/17 03:45:11"
D,METER_DATA,GEN_DUID,1,"2015/09/17 03:50:00",BUTLERSG,-0.000002,"2015/09/17 03:45:11"
D,METER_DATA,GEN_DUID,1,"2015/09/17 03:50:00",CALL_A_4,0,"2015/09/17 03:45:11"
D,METER_DATA,GEN_DUID,1,"2015/09/17 03:50:00",CAPTL_WF,0,"2015/09/17 03:45:11"
D,METER_DATA,GEN_DUID,1,"2015/09/17 03:50:00",CATHROCK,2.63,"2015/09/17 03:45:11"
D,METER_DATA,GEN_DUID,1,"2015/09/17 03:50:00",CHALLHWF,2.70,"2015/09/17 03:45:11"
D,METER_DATA,GEN_DUID,1,"2015/09/17 03:50:00",CLOVER,-0.01,"2015/09/17 03:45:11"
D,METER_DATA,GEN_DUID,1,"2015/09/17 03:50:00",CLUNY,4.158390,"2015/09/17 03:45:11"
D,METER_DATA,GEN_DUID,1,"2015/09/17 03:50:00",CNUNDAWF,13.7160,"2015/09/17 03:45:11"
D,METER_DATA,GEN_DUID,1,"2015/09/17 03:50:00",CULLRGWF,0.64,"2015/09/17 03:45:11"
D,METER_DATA,GEN_DUID,1,"2015/09/17 03:50:00",ERGT01,0,"2015/09/17 03:45:11"
D,METER_DATA,GEN_DUID,1,"2015/09/17 03:50:00",GB01,0.208096,"2015/09/17 03:45:11"
D,METER_DATA,GEN_DUID,1,"2015/09/17 03:50:00",GERMCRK,32.099998,"2015/09/17 03:45:11"
D,METER_DATA,GEN_DUID,1,"2015/09/17 03:50:00",INVICTA,38.150002,"2015/09/17 03:45:11"
D,METER_DATA,GEN_DUID,1,"2015/09/17 03:50:00",LKBONNY1,-0.449338,"2015/09/17 03:45:11"
D,METER_DATA,GEN_DUID,1,"2015/09/17 03:50:00",MBAHNTH,50.193752,"2015/09/17 03:45:11"
D,METER_DATA,GEN_DUID,1,"2015/09/17 03:50:00",MLWF1,2.10,"2015/09/17 03:45:11"
D,METER_DATA,GEN_DUID,1,"2015/09/17 03:50:00",MTMILLAR,16.296473,"2015/09/17 03:45:11"
D,METER_DATA,GEN_DUID,1,"2015/09/17 03:50:00",PALOONA,11.719999,"2015/09/17 03:45:11"
D,METER_DATA,GEN_DUID,1,"2015/09/17 03:50:00",PIONEER,36,"2015/09/17 03:45:11"
D,METER_DATA,GEN_DUID,1,"2015/09/17 03:50:00",PORTWF,52.299999,"2015/09/17 03:45:11"
D,METER_DATA,GEN_DUID,1,"2015/09/17 03:50:00",REPULSE,4.134935,"2015/09/17 03:45:11"
D,METER_DATA,GEN_DUID,1,"2015/09/17 03:50:00",ROWALLAN,9.7483,"2015/09/17 03:45:11"
D,METER_DATA,GEN_DUID,1,"2015/09/17 03:50:00",RPCG,5.196849,"2015/09/17 03:45:11"
D,METER_DATA,GEN_DUID,1,"2015/09/17 03:50:00",RUBICON,0,"2015/09/17 03:45:11"
D,METER_DATA,GEN_DUID,1,"2015/09/17 03:50:00",STARHLWF,3.299038,"2015/09/17 03:45:11"
D,METER_DATA,GEN_DUID,1,"2015/09/17 03:50:00",WAUBRAWF,39.355999,"2015/09/17 03:45:11"
D,METER_DATA,GEN_DUID,1,"2015/09/17 03:50:00",WOOLNTH1,59.100021,"2015/09/17 03:45:11"
D,METER_DATA,GEN_DUID,1,"2015/09/17 03:50:00",WPWF,9,"2015/09/17 03:45:11"
D,METER_DATA,GEN_DUID,1,"2015/09/17 03:50:00",YAMBUKWF,4,"2015/09/17 03:45:11"
D,METER_DATA,GEN_DUID,1,"2015/09/17 03:55:00",ANGAS1,0,"2015/09/17 03:50:11"
D,METER_DATA,GEN_DUID,1,"2015/09/17 03:55:00",ANGAS2,0,"2015/09/17 03:50:11"
D,METER_DATA,GEN_DUID,1,"2015/09/17 03:55:00",BUTLERSG,-0.000002,"2015/09/17 03:50:11"
D,METER_DATA,GEN_DUID,1,"2015/09/17 03:55:00",CALL_A_4,0,"2015/09/17 03:50:11"
D,METER_DATA,GEN_DUID,1,"2015/09/17 03:55:00",CAPTL_WF,0,"2015/09/17 03:50:11"
D,METER_DATA,GEN_DUID,1,"2015/09/17 03:55:00",CATHROCK,2.54,"2015/09/17 03:50:11"
D,METER_DATA,GEN_DUID,1,"2015/09/17 03:55:00",CHALLHWF,2.30,"2015/09/17 03:50:11"
D,METER_DATA,GEN_DUID,1,"2015/09/17 03:55:00",CLOVER,-0.02,"2015/09/17 03:50:11"
D,METER_DATA,GEN_DUID,1,"2015/09/17 03:55:00",CLUNY,4.086940,"2015/09/17 03:50:11"
D,METER_DATA,GEN_DUID,1,"2015/09/17 03:55:00",CNUNDAWF,12.614716,"2015/09/17 03:50:11"
D,METER_DATA,GEN_DUID,1,"2015/09/17 03:55:00",CULLRGWF,0.25,"2015/09/17 03:50:11"
D,METER_DATA,GEN_DUID,1,"2015/09/17 03:55:00",ERGT01,0,"2015/09/17 03:50:11"
D,METER_DATA,GEN_DUID,1,"2015/09/17 03:55:00",GB01,0.208096,"2015/09/17 03:50:11"
D,METER_DATA,GEN_DUID,1,"2015/09/17 03:55:00",GERMCRK,32.099998,"2015/09/17 03:50:11"
D,METER_DATA,GEN_DUID,1,"2015/09/17 03:55:00",INVICTA,38.150002,"2015/09/17 03:50:11"
D,METER_DATA,GEN_DUID,1,"2015/09/17 03:55:00",LKBONNY1,-0.360028,"2015/09/17 03:50:11"
D,METER_DATA,GEN_DUID,1,"2015/09/17 03:55:00",MBAHNTH,50.193752,"2015/09/17 03:50:11"
D,METER_DATA,GEN_DUID,1,"2015/09/17 03:55:00",MLWF1,2.10,"2015/09/17 03:50:11"
D,METER_DATA,GEN_DUID,1,"2015/09/17 03:55:00",MTMILLAR,16.028585,"2015/09/17 03:50:11"
D,METER_DATA,GEN_DUID,1,"2015/09/17 03:55:00",PALOONA,11.719999,"2015/09/17 03:50:11"
D,METER_DATA,GEN_DUID,1,"2015/09/17 03:55:00",PIONEER,33.900002,"2015/09/17 03:50:11"
D,METER_DATA,GEN_DUID,1,"2015/09/17 03:55:00",PORTWF,48.099998,"2015/09/17 03:50:11"
D,METER_DATA,GEN_DUID,1,"2015/09/17 03:55:00",REPULSE,4.134935,"2015/09/17 03:50:11"
D,METER_DATA,GEN_DUID,1,"2015/09/17 03:55:00",ROWALLAN,9.7341,"2015/09/17 03:50:11"
D,METER_DATA,GEN_DUID,1,"2015/09/17 03:55:00",RPCG,5.255357,"2015/09/17 03:50:11"
D,METER_DATA,GEN_DUID,1,"2015/09/17 03:55:00",RUBICON,0,"2015/09/17 03:50:11"
D,METER_DATA,GEN_DUID,1,"2015/09/17 03:55:00",STARHLWF,2.899155,"2015/09/17 03:50:11"
D,METER_DATA,GEN_DUID,1,"2015/09/17 03:55:00",WAUBRAWF,45.1940,"2015/09/17 03:50:11"
D,METER_DATA,GEN_DUID,1,"2015/09/17 03:55:00",WOOLNTH1,57.420021,"2015/09/17 03:50:11"
D,METER_DATA,GEN_DUID,1,"2015/09/17 03:55:00",WPWF,11,"2015/09/17 03:50:11"
D,METER_DATA,GEN_DUID,1,"2015/09/17 03:55:00",YAMBUKWF,3.90,"2015/09/17 03:50:11"
D,METER_DATA,GEN_DUID,1,"2015/09/17 04:00:00",ANGAS1,0,"2015/09/17 03:55:11"
D,METER_DATA,GEN_DUID,1,"2015/09/17 04:00:00",ANGAS2,0,"2015/09/17 03:55:11"
D,METER_DATA,GEN_DUID,1,"2015/09/17 04:00:00",BUTLERSG,-0.000002,"2015/09/17 03:55:11"
D,METER_DATA,GEN_DUID,1,"2015/09/17 04:00:00",CALL_A_4,0,"2015/09/17 03:55:11"
D,METER_DATA,GEN_DUID,1,"2015/09/17 04:00:00",CAPTL_WF,0,"2015/09/17 03:55:11"
D,METER_DATA,GEN_DUID,1,"2015/09/17 04:00:00",CATHROCK,2.58,"2015/09/17 03:55:11"
D,METER_DATA,GEN_DUID,1,"2015/09/17 04:00:00",CHALLHWF,1.90,"2015/09/17 03:55:11"
D,METER_DATA,GEN_DUID,1,"2015/09/17 04:00:00",CLOVER,-0.02,"2015/09/17 03:55:11"
D,METER_DATA,GEN_DUID,1,"2015/09/17 04:00:00",CLUNY,3.901170,"2015/09/17 03:55:11"
D,METER_DATA,GEN_DUID,1,"2015/09/17 04:00:00",CNUNDAWF,10.312030,"2015/09/17 03:55:11"
D,METER_DATA,GEN_DUID,1,"2015/09/17 04:00:00",CULLRGWF,0.05,"2015/09/17 03:55:11"
D,METER_DATA,GEN_DUID,1,"2015/09/17 04:00:00",ERGT01,0,"2015/09/17 03:55:11"
D,METER_DATA,GEN_DUID,1,"2015/09/17 04:00:00",GB01,0.208096,"2015/09/17 03:55:11"
D,METER_DATA,GEN_DUID,1,"2015/09/17 04:00:00",GERMCRK,32.099998,"2015/09/17 03:55:11"
D,METER_DATA,GEN_DUID,1,"2015/09/17 04:00:00",INVICTA,38.150002,"2015/09/17 03:55:11"
D,METER_DATA,GEN_DUID,1,"2015/09/17 04:00:00",LKBONNY1,-0.449338,"2015/09/17 03:55:11"
D,METER_DATA,GEN_DUID,1,"2015/09/17 04:00:00",MBAHNTH,50.193752,"2015/09/17 03:55:11"
D,METER_DATA,GEN_DUID,1,"2015/09/17 04:00:00",MLWF1,1.77,"2015/09/17 03:55:11"
D,METER_DATA,GEN_DUID,1,"2015/09/17 04:00:00",MTMILLAR,14.681707,"2015/09/17 03:55:11"
D,METER_DATA,GEN_DUID,1,"2015/09/17 04:00:00",PALOONA,11.759999,"2015/09/17 03:55:11"
D,METER_DATA,GEN_DUID,1,"2015/09/17 04:00:00",PIONEER,35.900002,"2015/09/17 03:55:11"
D,METER_DATA,GEN_DUID,1,"2015/09/17 04:00:00",PORTWF,55.599998,"2015/09/17 03:55:11"
D,METER_DATA,GEN_DUID,1,"2015/09/17 04:00:00",REPULSE,3.639505,"2015/09/17 03:55:11"
D,METER_DATA,GEN_DUID,1,"2015/09/17 04:00:00",ROWALLAN,9.3152,"2015/09/17 03:55:11"
D,METER_DATA,GEN_DUID,1,"2015/09/17 04:00:00",RPCG,5.119740,"2015/09/17 03:55:11"
D,METER_DATA,GEN_DUID,1,"2015/09/17 04:00:00",RUBICON,0,"2015/09/17 03:55:11"
D,METER_DATA,GEN_DUID,1,"2015/09/17 04:00:00",STARHLWF,1.499563,"2015/09/17 03:55:11"
D,METER_DATA,GEN_DUID,1,"2015/09/17 04:00:00",WAUBRAWF,48.438999,"2015/09/17 03:55:11"
D,METER_DATA,GEN_DUID,1,"2015/09/17 04:00:00",WOOLNTH1,61.990017,"2015/09/17 03:55:11"
D,METER_DATA,GEN_DUID,1,"2015/09/17 04:00:00",WPWF,13,"2015/09/17 03:55:11"
D,METER_DATA,GEN_DUID,1,"2015/09/17 04:00:00",YAMBUKWF,4.40,"2015/09/17 03:55:11"
C,"END OF REPORT",8855
